0.000000 400.000000 -200.000000
0.000000 0.000000 -100.000000
64.939896 400.000000 -189.163452
122.842545 400.000000 -157.828094
167.433289 400.000000 -109.389633
193.880051 400.000000 -49.097099
199.316895 400.000000 16.515869
183.154663 400.000000 80.339088
147.144775 400.000000 135.456314
95.189476 400.000000 175.894745
32.918919 400.000000 197.272263
-32.918919 400.000000 197.272263
-95.189476 400.000000 175.894745
-147.144775 400.000000 135.456314
-183.154663 400.000000 80.339088
-199.316895 400.000000 16.515869
-193.880051 400.000000 -49.097099
-167.433289 400.000000 -109.389633
-122.842545 400.000000 -157.828094
-64.939896 400.000000 -189.163452
-58.778526 0.000000 -80.901703
-95.105652 0.000000 -30.901699
-95.105652 0.000000 30.901699
-58.778526 0.000000 80.901703
-0.000000 0.000000 100.000000
58.778526 0.000000 80.901703
95.105652 0.000000 30.901699
95.105652 0.000000 -30.901699
58.778526 0.000000 -80.901703
0.000000 66.666664 -116.666664
0.000000 133.333328 -133.333328
0.000000 200.000000 -150.000000
0.000000 266.666656 -166.666672
0.000000 333.333344 -183.333328
-142.768524 400.000000 -11.282508
139.775986 400.000000 -11.582168
0.938018 400.000000 139.984253
-25.154274 400.000000 -140.067596
-120.701378 400.000000 79.056709
-103.188972 400.000000 -94.992142
118.048286 400.000000 80.862167
111.725266 400.000000 -99.169502
-74.867012 400.000000 -138.342133
-48.243690 400.000000 -87.561325
6.312325 400.000000 -85.519524
-20.635239 400.000000 -31.859192
39.234062 400.000000 -31.252613
14.130914 400.000000 25.619307
-48.210159 400.000000 22.099726
87.023865 400.000000 21.979738
53.188759 400.000000 89.772789
-20.547882 400.000000 79.902252
-87.034882 400.000000 -34.540718
-67.885147 400.000000 125.803841
30.812626 400.000000 -139.819153
55.227352 400.000000 144.616440
-151.800720 400.000000 38.417095
143.491562 400.000000 -62.792126
96.972305 400.000000 -45.335339
146.739380 400.000000 37.803108
-141.075974 400.000000 -61.447620
94.838303 400.000000 124.829140
-104.535843 400.000000 24.778957
60.583069 400.000000 -89.195358
-70.638031 400.000000 68.697754
78.194748 400.000000 -134.968964
34.808361 50.568901 107.129120
-91.129471 50.568901 66.209442
186.076080 344.540558 -4.688780
-68.022675 168.753357 -124.861679
58.269772 169.600250 -129.932327
-57.268089 349.218170 178.334961
-183.131638 344.459076 33.189011
114.259369 344.102936 146.800446
112.642227 50.568901 0.000000
-142.901505 344.792358 -119.368698
140.581284 349.693359 -123.953270
-91.129471 50.568901 -66.209442
-60.148830 301.438538 -164.721344
53.266815 300.343292 -166.786362
-74.061234 102.079391 -101.341827
-109.620667 149.603287 -82.838974
-111.590958 211.436661 -104.467140
-140.102615 190.845642 -46.796555
-129.824890 127.245613 -22.797926
-144.066910 178.291840 12.085784
-159.178894 237.345428 -7.081888
-148.465591 229.319702 52.064125
-120.593651 174.209290 77.874519
-114.804123 227.781509 107.013382
-79.388863 175.771103 120.070534
-63.299564 232.674469 144.949905
-27.164326 184.849182 143.666748
-2.257375 243.738800 160.918869
38.662575 199.802490 144.880615
-50.389996 128.346008 122.097061
59.738419 258.549530 153.417038
96.278542 221.143021 121.836395
80.991547 159.438782 114.022385
126.316086 186.790009 74.594925
140.139908 247.564865 81.052895
153.085129 218.737289 22.185179
138.063217 157.171890 18.468374
141.255859 189.331024 -41.877487
127.618179 133.293045 -38.583569
96.955124 51.298820 -57.698505
159.905838 251.204300 -30.566542
135.993759 231.381943 -80.130493
32.794430 303.685822 172.837738
-112.838310 51.355412 -0.349074
-93.165382 284.602142 143.571289
-34.903526 50.447868 107.066330
57.913960 103.322296 -111.710815
-120.495224 107.544075 39.761322
93.292732 54.149220 64.708466
152.455383 291.636871 -81.577904
112.471497 281.570038 -127.999107
53.599331 238.190338 -150.274887
-63.647915 233.049393 -144.899673
-113.048965 286.523438 -129.139786
-147.231644 253.018600 -70.533142
-167.086975 296.338715 -48.861179
65.385826 95.990944 105.357162
102.471321 169.347397 -98.789711
22.602524 139.699005 133.018097
-148.639786 286.080200 85.588196
-136.730148 335.309692 122.871429
-92.770203 120.262451 91.163338
-168.375565 283.286041 28.803783
114.022858 279.541840 125.935921
148.944366 309.919952 96.512810
170.017761 287.105286 24.516655
110.440750 123.404030 70.177116
-44.613914 285.439178 165.450226
-184.900009 345.120422 -22.633282
-171.645035 345.559692 -72.658005
180.580322 345.121826 45.729149
60.485165 345.121826 176.187271
171.195831 350.598724 -76.840034
-89.382065 351.192780 -165.163589
89.382065 351.192780 -165.163589
123.053970 99.349419 21.025816
-59.873188 50.023129 -95.250992
-9.089702 87.003845 121.411179
0.000000 354.684998 188.671249
58.042259 51.010223 -96.665581
98.909012 221.109421 -119.699898
97.930397 103.126839 -78.934631
158.753784 358.529114 103.719025
-106.755836 98.518082 -64.309471
82.804031 304.166016 155.351547
-151.220352 303.585876 -89.844162
-105.946587 354.513855 156.064148
171.619568 299.541443 -33.639431
-70.077209 76.889900 96.453011
-167.176270 354.084869 87.134056
-44.391983 352.462646 -182.802780
43.177608 355.303223 -183.822952
116.483498 82.132668 -30.981279
41.692959 0.000000 -10.414861
-20.706224 0.000000 25.092237
-5.667958 0.000000 -44.641151
31.155638 0.000000 41.231461
-50.837006 0.000000 -18.263613
