-0.001096 0.470190 -0.882565
-0.002425 -0.640033 -0.768343
0.265159 0.621601 -0.737090
0.483540 0.622707 -0.615162
0.656761 0.621983 -0.426383
0.759986 0.623447 -0.183670
0.779699 0.621681 0.074717
0.716784 0.622388 0.314411
0.575858 0.622388 0.530115
0.372528 0.622388 0.688372
0.128830 0.622388 0.772034
-0.125418 0.622117 0.772813
-0.419546 0.406294 0.811731
-0.653649 0.470570 0.592711
-0.728070 0.622316 0.287468
-0.781577 0.622123 0.045825
-0.758137 0.621714 -0.196721
-0.661332 0.621958 -0.419296
-0.486968 0.623149 -0.612003
-0.266423 0.621529 -0.736695
-0.376359 -0.803862 -0.460609
-0.671927 -0.707547 -0.218842
-0.561126 -0.807499 0.181888
-0.415462 -0.707601 0.571569
-0.000130 -0.807455 0.589929
0.417792 -0.708209 0.569113
0.562552 -0.806995 0.179708
0.678420 -0.705518 -0.204918
0.381884 -0.805830 -0.452551
-0.016925 -0.258724 -0.965803
-0.022660 -0.256228 -0.966351
-0.015153 -0.251763 -0.967670
-0.011621 -0.249041 -0.968423
-0.005054 -0.246731 -0.969071
0.000000 1.000000 0.000000
0.000000 1.000000 0.000000
0.000000 1.000000 0.000000
0.000000 1.000000 0.000000
0.000000 1.000000 0.000000
0.000000 1.000000 0.000000
0.000000 1.000000 0.000000
0.000000 1.000000 0.000000
0.000000 1.000000 0.000000
0.000000 1.000000 0.000000
0.000000 1.000000 0.000000
0.000000 1.000000 0.000000
0.000000 1.000000 0.000000
0.000000 1.000000 0.000000
0.000000 1.000000 0.000000
0.000000 1.000000 0.000000
0.000000 1.000000 0.000000
0.000000 1.000000 0.000000
0.000000 1.000000 0.000000
0.000000 1.000000 0.000000
0.000000 1.000000 0.000000
0.000000 1.000000 0.000000
0.000000 1.000000 0.000000
0.000000 1.000000 0.000000
0.000000 1.000000 0.000000
0.000000 1.000000 0.000000
0.000000 1.000000 0.000000
0.000000 1.000000 0.000000
0.000000 1.000000 0.000000
0.000000 1.000000 0.000000
0.000000 1.000000 0.000000
0.000000 1.000000 0.000000
0.284978 -0.258627 0.922984
-0.773439 -0.255992 0.579880
0.967760 -0.246938 -0.049619
-0.444627 -0.252933 -0.859263
0.375624 -0.249994 -0.892418
-0.320195 -0.246375 0.914754
-0.943165 -0.246875 0.222469
0.612231 -0.247094 0.751078
0.966961 -0.254903 -0.003408
-0.731651 -0.246845 -0.635417
0.727678 -0.246888 -0.639946
-0.782135 -0.253403 -0.569255
-0.308612 -0.247834 -0.918334
0.287689 -0.247692 -0.925140
-0.538629 -0.255257 -0.802946
-0.777318 -0.250499 -0.577085
-0.708105 -0.249822 -0.660437
-0.916881 -0.249889 -0.311262
-0.951867 -0.251852 -0.174699
-0.962933 -0.250321 0.100500
-0.966381 -0.248981 -0.064152
-0.912883 -0.248958 0.323521
-0.823831 -0.250277 0.508589
-0.702990 -0.249449 0.666018
-0.542808 -0.248899 0.802127
-0.385044 -0.248370 0.888849
-0.164590 -0.250347 0.954063
-0.009006 -0.249171 0.968418
0.256058 -0.250148 0.933734
-0.345593 -0.251647 0.904013
0.361621 -0.248039 0.898725
0.605186 -0.249496 0.755977
0.559664 -0.251094 0.789764
0.832348 -0.250614 0.494358
0.838805 -0.249386 0.483956
0.958281 -0.250201 0.138194
0.958744 -0.251714 0.132097
0.934699 -0.251023 -0.251644
0.928365 -0.252512 -0.272720
0.831064 -0.253489 -0.495052
0.949661 -0.248186 -0.191175
0.819319 -0.248300 -0.516782
0.158976 -0.247921 0.955647
-0.965324 -0.258272 -0.038020
-0.546699 -0.248496 0.799606
-0.306725 -0.257506 0.916303
0.426112 -0.252089 -0.868838
-0.919664 -0.252573 0.300708
0.793325 -0.257706 0.551565
0.856362 -0.247259 -0.453329
0.622468 -0.249207 -0.741910
0.334088 -0.249045 -0.909044
-0.380242 -0.250408 -0.890343
-0.643387 -0.248896 -0.723950
-0.868382 -0.248542 -0.429115
-0.939008 -0.247421 -0.238843
0.479497 -0.255134 0.839636
0.724940 -0.250976 -0.641462
0.138077 -0.253639 0.957393
-0.840176 -0.249125 0.481706
-0.716064 -0.246144 0.653196
-0.692827 -0.249047 0.676732
-0.961410 -0.248564 0.117928
0.635666 -0.247199 0.731315
0.824739 -0.248581 0.507950
0.957572 -0.249088 0.144955
0.816065 -0.251592 0.520327
-0.204985 -0.248104 0.946798
-0.964565 -0.246787 -0.093336
-0.890023 -0.245748 -0.384013
0.931607 -0.246997 0.266648
0.316292 -0.246621 0.916045
0.895511 -0.247036 -0.370179
-0.479509 -0.246780 -0.842123
0.472742 -0.246803 -0.845934
0.958208 -0.252525 0.134419
-0.449465 -0.254047 -0.856412
-0.056934 -0.256539 0.964856
-0.006042 -0.247217 0.968941
0.479501 -0.255037 -0.839664
0.604576 -0.247552 -0.757104
0.759754 -0.250886 -0.599859
0.811555 -0.246733 0.529624
-0.848783 -0.251685 -0.464997
0.437351 -0.245867 0.865028
-0.833587 -0.245829 -0.494673
-0.551535 -0.245651 0.797161
0.950516 -0.246879 -0.188600
-0.502730 -0.250841 0.827249
-0.847868 -0.245985 0.469693
-0.227096 -0.245618 -0.942390
0.219509 -0.245493 -0.944219
0.934234 -0.250354 -0.254028
0.000000 -1.000000 0.000000
0.000000 -1.000000 0.000000
0.000000 -1.000000 0.000000
0.000000 -1.000000 0.000000
0.000000 -1.000000 0.000000
