13 53 38
12 53 13
47 51 50
50 51 36
49 59 35
47 50 49
35 58 49
53 64 38
40 59 49
11 53 12
36 53 11
19 37 0
5 35 6
7 40 8
10 36 11
17 39 18
3 41 4
13 38 14
15 34 16
45 48 47
45 47 46
45 46 44
49 50 40
47 49 46
48 51 47
43 52 45
49 58 46
43 45 44
37 54 0
0 54 2
39 60 52
36 55 50
39 52 43
63 65 54
45 52 48
52 60 34
44 63 54
51 53 36
43 44 37
10 55 36
9 55 10
44 54 37
50 61 40
18 42 19
19 42 37
17 60 39
6 59 7
38 56 14
5 57 35
39 42 18
41 57 4
34 60 16
35 59 6
14 56 15
15 56 34
4 57 5
7 59 40
16 60 17
8 61 9
2 65 3
34 62 52
52 62 48
40 61 8
51 64 53
3 65 41
46 63 44
41 65 63
48 64 51
54 65 2
39 43 42
42 43 37
55 61 50
38 64 62
41 58 57
57 58 35
9 61 55
38 62 56
62 64 48
41 63 58
56 62 34
58 63 46
85 113 88
123 147 112
109 113 84
70 123 112
84 149 109
84 113 85
75 139 119
72 128 125
116 140 76
125 155 72
68 136 131
79 140 116
124 143 122
108 144 133
133 144 71
25 114 66
131 153 68
119 139 78
110 133 71
71 152 110
113 127 88
129 130 73
109 149 77
98 124 122
114 122 66
29 145 1
122 143 66
1 145 28
67 127 113
115 116 76
95 154 143
130 148 73
86 120 83
72 134 128
143 154 111
67 113 109
77 149 80
67 154 127
86 121 120
26 114 25
126 155 125
28 105 27
116 117 79
66 111 24
23 111 67
83 120 82
67 109 22
128 134 121
21 109 77
80 142 77
32 118 78
119 151 75
70 112 30
114 141 132
30 80 69
31 117 70
80 81 69
131 136 130
30 112 29
29 80 30
81 84 83
82 120 119
84 85 83
31 70 30
94 124 98
79 117 32
81 83 82
90 127 95
20 142 1
30 69 31
85 88 87
118 119 78
81 82 69
88 127 90
90 95 92
32 117 31
32 78 33
33 79 32
82 119 118
88 90 89
94 98 97
95 124 92
9 73 8
6 68 5
15 72 14
12 71 11
92 124 94
85 87 86
88 89 87
98 132 99
1 142 29
90 92 91
99 132 102
85 86 83
92 94 93
99 102 101
98 99 97
90 91 89
102 104 103
94 97 96
114 132 122
92 93 91
82 118 69
18 75 17
4 76 3
25 66 24
23 67 22
94 96 93
125 128 87
24 111 23
99 100 97
91 110 89
107 115 106
102 103 101
110 152 126
99 101 100
96 108 93
103 106 101
22 109 21
103 107 106
104 123 103
27 74 26
10 137 9
74 114 26
7 136 6
107 116 115
86 128 121
27 105 74
16 134 15
21 77 20
31 118 32
103 123 107
76 138 115
17 135 16
111 154 67
97 129 96
89 125 87
106 131 101
69 118 31
9 137 73
6 136 68
104 147 123
15 134 72
100 131 130
16 135 134
102 141 104
122 132 98
28 145 105
91 133 110
110 126 125
108 133 93
100 130 129
66 143 111
80 149 81
87 128 86
68 138 5
96 150 108
101 131 100
106 153 131
116 146 117
110 125 89
74 141 114
100 129 97
75 135 17
127 154 95
108 150 137
112 145 29
95 143 124
93 133 91
107 146 116
71 144 11
121 151 120
5 138 4
18 139 75
76 140 3
0 156 19
70 146 123
10 144 137
4 138 76
73 148 8
126 152 13
13 155 126
19 139 18
3 140 2
33 156 0
68 153 138
13 152 12
14 155 13
7 148 136
145 147 105
120 151 119
132 141 102
117 146 70
0 157 33
112 147 145
135 151 121
2 157 0
11 144 10
137 144 108
29 142 80
138 153 115
73 150 129
77 142 20
136 148 130
134 135 121
141 158 104
81 149 84
8 148 7
123 146 107
33 157 79
78 156 33
12 152 71
72 155 14
129 150 96
115 153 106
105 158 74
137 150 73
104 158 147
79 157 140
75 151 135
74 158 141
19 156 139
140 157 2
139 156 78
147 158 105
160 161 159
26 162 159
160 162 24
159 162 160
26 159 27
23 160 24
28 161 1
159 161 28
160 163 161
25 162 26
24 162 25
22 160 23
27 159 28
22 163 160
21 163 22
20 163 21
1 161 20
161 163 20
