-44.391983 352.462646 -182.802780
58.778526 0.000000 80.901703
-9.089702 87.003845 121.411179
-95.105652 0.000000 -30.901699
-63.299564 232.674469 144.949905
-167.433289 400.000000 -109.389633
-74.061234 102.079391 -101.341827
171.195831 350.598724 -76.840034
-57.268089 349.218170 178.334961
-168.375565 283.286041 28.803783
-151.800720 400.000000 38.417095
6.312325 400.000000 -85.519524
126.316086 186.790009 74.594925
64.939896 400.000000 -189.163452
59.738419 258.549530 153.417038
95.189476 400.000000 175.894745
183.154663 400.000000 80.339088
141.255859 189.331024 -41.877487
0.000000 0.000000 -100.000000
53.599331 238.190338 -150.274887
170.017761 287.105286 24.516655
-63.647915 233.049393 -144.899673
95.105652 0.000000 -30.901699
-20.547882 400.000000 79.902252
57.913960 103.322296 -111.710815
-120.495224 107.544075 39.761322
-140.102615 190.845642 -46.796555
