21.796619 -21.202116 50.000000
36.016514 50.000000 25.011293
-18.723768 50.000000 7.665209
-19.983141 19.449850 50.000000
50.000000 -50.000000 50.000000
-50.000000 -50.000000 -50.000000
50.000000 37.799152 37.799152
-50.000000 5.024047 22.099365
-6.698730 -8.333333 -50.000000
-16.666666 50.000000 -50.000000
-50.000000 4.787311 -22.152130
50.000000 34.003933 7.834419
25.229372 -50.000000 36.116203
-25.229372 50.000000 36.116203
50.000000 -33.333332 -50.000000
-50.000000 -16.666666 50.000000
-19.806997 -19.265934 50.000000
-50.000000 50.000000 50.000000
50.000000 7.735027 16.666666
-50.000000 16.666666 -50.000000
16.666666 50.000000 -50.000000
38.329597 8.117704 50.000000
19.588213 -50.000000 -23.370840
50.000000 -36.312248 -24.488739
33.333332 50.000000 50.000000
-50.000000 -50.000000 16.666666
50.000000 19.534708 -23.715017
50.000000 -50.000000 -0.000000
-50.000000 25.255766 36.145683
7.706925 -33.199478 -50.000000
-50.000000 -18.723768 7.665209
-50.000000 -19.588213 -23.370840
21.796619 21.202116 -50.000000
50.000000 -6.898013 -8.336734
0.000000 -50.000000 50.000000
-16.666666 -50.000000 -50.000000
-50.000000 50.000000 -0.000000
-19.806997 -50.000000 19.265934
18.723768 -50.000000 7.665209
-6.698730 -50.000000 -8.333333
19.983141 50.000000 -19.449850
-19.806997 19.265934 -50.000000
33.333332 -50.000000 -50.000000
50.000000 -16.666666 50.000000
50.000000 -36.016613 25.011280
-7.760829 50.000000 -15.743963
-35.454037 -8.800416 -50.000000
-34.869190 50.000000 -23.762577
-35.454037 -50.000000 -8.800416
-50.000000 20.864939 -0.027158
-50.000000 37.799152 -37.799152
50.000000 -8.333333 -38.835449
-50.000000 -50.000000 50.000000
6.423650 50.000000 7.853981
50.000000 16.666666 -50.000000
19.588213 23.370840 50.000000
-0.000000 50.000000 50.000000
22.769064 -8.003256 -50.000000
50.000000 50.000000 -16.666666
50.000000 50.000000 -50.000000
7.486582 0.079892 50.000000
