-50.000000 -50.000000 -50.000000
-50.000000 -50.000000 50.000000
-50.000000 50.000000 50.000000
-50.000000 50.000000 -50.000000
50.000000 50.000000 50.000000
50.000000 50.000000 -50.000000
50.000000 -50.000000 -50.000000
50.000000 -50.000000 50.000000
-50.000000 -50.000000 -33.333332
-50.000000 -50.000000 -16.666666
-50.000000 -50.000000 -0.000000
-50.000000 -50.000000 16.666666
-50.000000 -50.000000 33.333332
-50.000000 -33.333332 50.000000
-50.000000 -16.666666 50.000000
-50.000000 -0.000000 50.000000
-50.000000 16.666666 50.000000
-50.000000 33.333332 50.000000
-50.000000 50.000000 -33.333332
-50.000000 50.000000 -16.666666
-50.000000 50.000000 -0.000000
-50.000000 50.000000 16.666666
-50.000000 50.000000 33.333332
-50.000000 33.333332 -50.000000
-50.000000 16.666666 -50.000000
-50.000000 0.000000 -50.000000
-50.000000 -16.666666 -50.000000
-50.000000 -33.333332 -50.000000
-33.333332 50.000000 50.000000
-16.666666 50.000000 50.000000
-0.000000 50.000000 50.000000
16.666666 50.000000 50.000000
33.333332 50.000000 50.000000
50.000000 50.000000 -33.333332
50.000000 50.000000 -16.666666
50.000000 50.000000 -0.000000
50.000000 50.000000 16.666666
50.000000 50.000000 33.333332
33.333332 50.000000 -50.000000
16.666666 50.000000 -50.000000
0.000000 50.000000 -50.000000
-16.666666 50.000000 -50.000000
-33.333332 50.000000 -50.000000
50.000000 -50.000000 -33.333332
50.000000 -50.000000 -16.666666
50.000000 -50.000000 -0.000000
50.000000 -50.000000 16.666666
50.000000 -50.000000 33.333332
33.333332 -50.000000 50.000000
16.666666 -50.000000 50.000000
0.000000 -50.000000 50.000000
-16.666666 -50.000000 50.000000
-33.333332 -50.000000 50.000000
-33.333332 -50.000000 -50.000000
-16.666666 -50.000000 -50.000000
-0.000000 -50.000000 -50.000000
16.666666 -50.000000 -50.000000
33.333332 -50.000000 -50.000000
50.000000 33.333332 50.000000
50.000000 16.666666 50.000000
50.000000 0.000000 50.000000
50.000000 -16.666666 50.000000
50.000000 -33.333332 50.000000
50.000000 -33.333332 -50.000000
50.000000 -16.666666 -50.000000
50.000000 -0.000000 -50.000000
50.000000 16.666666 -50.000000
50.000000 33.333332 -50.000000
-50.000000 9.807602 35.115185
-50.000000 -7.706925 -33.199478
-50.000000 -34.009743 7.843979
-50.000000 35.454037 -8.800416
-50.000000 -34.869190 -23.762577
-50.000000 -25.229372 36.116203
-50.000000 36.016514 25.011293
-50.000000 25.694180 -36.297844
-50.000000 35.397419 8.696021
-50.000000 20.864939 -0.027158
-50.000000 19.983141 -19.449850
-50.000000 6.698730 -8.333333
-50.000000 6.423650 7.853981
-50.000000 -7.486582 -0.079892
-50.000000 -7.735027 16.666666
-50.000000 -7.760829 -15.743963
-50.000000 -22.769064 -8.003256
-50.000000 19.806997 19.265934
-50.000000 -7.907868 33.180122
-50.000000 9.904062 -35.183216
-50.000000 -36.437099 25.450195
-50.000000 -24.993914 -36.355343
-50.000000 25.255766 36.145683
-50.000000 36.478722 -25.354845
-50.000000 -38.329597 -8.117704
-50.000000 -18.723768 7.665209
-50.000000 -19.588213 -23.370840
-50.000000 -21.796619 21.202116
-50.000000 5.024047 22.099365
-50.000000 4.787311 -22.152130
-50.000000 37.799152 -37.799152
-50.000000 -37.799152 37.799152
-50.000000 37.799152 37.799152
-50.000000 -37.799152 -37.799152
9.807602 50.000000 35.115185
-7.706925 50.000000 -33.199478
-34.009743 50.000000 7.843979
35.454037 50.000000 -8.800416
-34.869190 50.000000 -23.762577
-25.229372 50.000000 36.116203
36.016514 50.000000 25.011293
25.694180 50.000000 -36.297844
35.397419 50.000000 8.696021
20.864939 50.000000 -0.027158
19.983141 50.000000 -19.449850
6.698730 50.000000 -8.333333
6.423650 50.000000 7.853981
-7.486582 50.000000 -0.079892
-7.735027 50.000000 16.666666
-7.760829 50.000000 -15.743963
-22.769064 50.000000 -8.003256
19.806997 50.000000 19.265934
-7.907868 50.000000 33.180122
9.904062 50.000000 -35.183216
-36.437099 50.000000 25.450195
-24.993914 50.000000 -36.355343
25.255766 50.000000 36.145683
36.478722 50.000000 -25.354845
-38.329597 50.000000 -8.117704
-18.723768 50.000000 7.665209
-19.588213 50.000000 -23.370840
-21.796619 50.000000 21.202116
5.024047 50.000000 22.099365
4.787311 50.000000 -22.152130
37.799152 50.000000 -37.799152
-37.799152 50.000000 37.799152
37.799152 50.000000 37.799152
-37.799152 50.000000 -37.799152
-9.807602 -50.000000 35.115185
-35.454037 -50.000000 -8.800416
7.706925 -50.000000 -33.199478
34.009743 -50.000000 7.843979
34.869190 -50.000000 -23.762577
25.229372 -50.000000 36.116203
-36.016514 -50.000000 25.011293
-25.694180 -50.000000 -36.297844
-35.397419 -50.000000 8.696021
-20.864939 -50.000000 -0.027158
-19.983141 -50.000000 -19.449850
-6.698730 -50.000000 -8.333333
-6.423650 -50.000000 7.853981
7.486582 -50.000000 -0.079892
7.735027 -50.000000 16.666666
7.760829 -50.000000 -15.743963
22.769064 -50.000000 -8.003256
-19.806997 -50.000000 19.265934
7.907868 -50.000000 33.180122
-9.904062 -50.000000 -35.183216
36.437099 -50.000000 25.450195
24.993914 -50.000000 -36.355343
-25.255766 -50.000000 36.145683
-36.478722 -50.000000 -25.354845
38.329597 -50.000000 -8.117704
18.723768 -50.000000 7.665209
19.588213 -50.000000 -23.370840
21.796619 -50.000000 21.202116
-5.024047 -50.000000 22.099365
-4.787311 -50.000000 -22.152130
-37.799152 -50.000000 -37.799152
37.799152 -50.000000 37.799152
-37.799152 -50.000000 37.799152
37.799152 -50.000000 -37.799152
34.009743 -7.843979 50.000000
-35.454037 8.800416 50.000000
7.706925 33.199478 50.000000
-9.807602 -35.115185 50.000000
-36.016514 -25.011293 50.000000
-25.694180 36.297844 50.000000
25.229372 -36.116203 50.000000
34.869190 23.762577 50.000000
-35.397419 -8.696021 50.000000
-20.864939 0.027158 50.000000
-19.983141 19.449850 50.000000
-6.698730 8.333333 50.000000
-6.423650 -7.853981 50.000000
7.486582 0.079892 50.000000
7.735027 -16.666666 50.000000
7.760829 15.743963 50.000000
22.769064 8.003256 50.000000
-9.904062 35.183216 50.000000
7.907868 -33.180122 50.000000
-19.806997 -19.265934 50.000000
-36.478722 25.354845 50.000000
24.993914 36.355343 50.000000
-25.255766 -36.145683 50.000000
36.437099 -25.450195 50.000000
18.723768 -7.665209 50.000000
38.329597 8.117704 50.000000
19.588213 23.370840 50.000000
21.796619 -21.202116 50.000000
-4.787311 22.152130 50.000000
-5.024047 -22.099365 50.000000
-37.799152 -37.799152 50.000000
-37.799152 37.799152 50.000000
37.799152 37.799152 50.000000
37.799152 -37.799152 50.000000
50.000000 7.455663 -34.390102
50.000000 -9.811800 35.127838
50.000000 34.003933 7.834419
50.000000 -35.759930 -8.121987
50.000000 34.869190 -23.762577
50.000000 25.229372 36.116203
50.000000 -36.016613 25.011280
50.000000 -23.469572 -34.905045
50.000000 -35.432159 8.886103
50.000000 -20.967079 0.407895
50.000000 -21.846670 -16.735308
50.000000 -6.898013 -8.336734
50.000000 -6.437803 7.851914
50.000000 7.147377 -0.152628
50.000000 7.735027 16.666666
50.000000 7.051656 -16.601879
50.000000 22.743378 -8.049554
50.000000 -19.814810 19.374458
50.000000 -7.673179 -24.967232
50.000000 7.907868 33.180122
50.000000 24.943119 -36.611141
50.000000 36.436150 25.448725
50.000000 -25.257004 36.148815
50.000000 -36.312248 -24.488739
50.000000 38.323299 -8.128876
50.000000 18.690018 7.553817
50.000000 19.534708 -23.715017
50.000000 21.795212 21.200493
50.000000 -8.333333 -38.835449
50.000000 -4.781213 22.187368
50.000000 -37.799152 -37.799152
50.000000 37.799152 37.799152
50.000000 -37.799152 37.799152
50.000000 37.799152 -37.799152
-35.454037 -8.800416 -50.000000
34.009743 7.843979 -50.000000
-9.807602 35.115185 -50.000000
7.706925 -33.199478 -50.000000
-36.016514 25.011293 -50.000000
25.229372 36.116203 -50.000000
-25.694180 -36.297844 -50.000000
34.869190 -23.762577 -50.000000
-35.397419 8.696021 -50.000000
-20.864939 -0.027158 -50.000000
-19.983141 -19.449850 -50.000000
-6.698730 -8.333333 -50.000000
-6.423650 7.853981 -50.000000
7.486582 -0.079892 -50.000000
7.735027 16.666666 -50.000000
7.760829 -15.743963 -50.000000
22.769064 -8.003256 -50.000000
7.907868 33.180122 -50.000000
-9.904062 -35.183216 -50.000000
-19.806997 19.265934 -50.000000
36.437099 25.450195 -50.000000
-36.478722 -25.354845 -50.000000
-25.255766 36.145683 -50.000000
24.993914 -36.355343 -50.000000
18.723768 7.665209 -50.000000
38.329597 -8.117704 -50.000000
19.588213 -23.370840 -50.000000
21.796619 21.202116 -50.000000
-4.787311 -22.152130 -50.000000
-5.024047 22.099365 -50.000000
-37.799152 37.799152 -50.000000
-37.799152 -37.799152 -50.000000
37.799152 37.799152 -50.000000
37.799152 -37.799152 -50.000000
