75 87 78
68 90 85
85 96 68
87 97 78
84 92 70
70 93 84
72 92 84
84 94 72
88 95 70
70 95 93
85 90 74
86 96 82
83 97 69
78 91 75
69 94 83
82 95 86
68 96 86
69 97 87
80 85 77
77 85 76
20 76 21
71 76 20
71 77 76
71 78 77
78 79 77
15 86 14
16 68 15
19 71 20
21 76 74
25 87 24
26 69 25
81 82 80
83 84 81
11 70 10
68 86 15
69 87 25
14 86 73
21 74 22
24 87 75
76 85 74
79 80 77
79 81 80
79 83 81
9 72 8
14 73 13
24 75 23
86 95 73
12 88 11
27 89 26
18 91 19
17 90 16
71 91 78
89 94 69
70 92 10
9 92 72
84 93 81
11 88 70
26 89 69
16 90 68
19 91 71
80 96 85
78 97 79
2 100 17
13 99 1
22 100 2
3 98 18
23 98 3
1 99 12
8 101 0
0 101 27
10 92 9
81 93 82
73 95 88
83 94 84
72 94 89
82 96 80
79 97 83
27 101 89
12 99 88
18 98 91
17 100 90
73 99 13
74 100 22
75 98 23
72 101 8
93 95 82
89 101 72
88 99 73
90 100 74
91 98 75
109 121 112
102 124 119
119 130 102
121 131 112
118 126 104
104 127 118
106 126 118
118 128 106
122 129 104
104 129 127
119 124 108
120 130 116
117 131 103
112 125 109
103 128 117
116 129 120
102 130 120
103 131 121
114 119 111
111 119 110
35 110 36
105 110 35
105 111 110
105 112 111
112 113 111
30 120 29
31 102 30
34 105 35
36 110 108
40 121 39
41 103 40
115 116 114
117 118 115
21 104 20
102 120 30
103 121 40
29 120 107
36 108 37
39 121 109
110 119 108
113 114 111
113 115 114
113 117 115
19 106 18
29 107 28
39 109 38
120 129 107
22 122 21
42 123 41
33 125 34
32 124 31
105 125 112
123 128 103
104 126 20
19 126 106
118 127 115
21 122 104
41 123 103
31 124 102
34 125 105
114 130 119
112 131 113
4 134 32
28 133 2
37 134 4
5 132 33
38 132 5
2 133 22
18 135 3
3 135 42
20 126 19
115 127 116
107 129 122
117 128 118
106 128 123
116 130 114
113 131 117
42 135 123
22 133 122
33 132 125
32 134 124
107 133 28
108 134 37
109 132 38
106 135 18
127 129 116
123 135 106
122 133 107
124 134 108
125 132 109
143 155 146
136 158 153
153 164 136
155 165 146
152 160 139
139 161 152
140 160 152
152 162 140
156 163 139
139 163 161
153 158 142
154 164 150
151 165 138
146 159 143
138 162 151
150 163 154
136 164 154
138 165 155
148 153 145
145 153 144
10 144 11
137 144 10
137 145 144
137 146 145
146 147 145
9 137 10
11 144 142
50 154 49
51 136 50
55 155 54
56 138 55
149 150 148
151 152 149
46 139 45
136 154 50
138 155 55
11 142 12
49 154 141
54 155 143
144 153 142
147 148 145
147 149 148
147 151 149
44 140 43
49 141 48
54 143 53
154 163 141
47 156 46
57 157 56
8 159 9
52 158 51
137 159 146
157 162 138
139 160 45
44 160 140
152 161 149
46 156 139
56 157 138
51 158 136
9 159 137
148 164 153
146 165 147
1 168 52
0 166 8
53 166 0
12 168 1
48 167 7
7 167 47
43 169 6
6 169 57
45 160 44
149 161 150
141 163 156
151 162 152
140 162 157
150 164 148
147 165 151
57 169 157
47 167 156
8 166 159
52 168 158
141 167 48
142 168 12
143 166 53
140 169 43
161 163 150
157 169 140
156 167 141
158 168 142
159 166 143
180 187 175
189 192 173
180 198 187
173 199 189
186 195 177
170 195 186
186 194 170
177 196 186
170 197 193
194 197 170
174 192 189
172 198 185
184 199 188
175 190 180
185 196 172
188 197 184
187 198 172
188 199 173
178 179 171
15 178 171
30 187 172
50 188 173
179 180 171
182 184 183
15 171 16
30 172 31
50 173 51
60 170 61
179 181 180
179 182 181
183 186 185
183 185 181
14 178 15
29 187 30
49 188 50
182 183 181
13 174 14
28 175 29
48 176 49
58 177 59
178 189 179
174 178 14
175 187 29
176 188 49
174 189 178
179 189 182
176 197 188
180 190 171
16 190 17
31 191 32
51 192 52
61 193 62
172 196 191
60 195 170
177 195 59
183 194 186
171 190 16
172 191 31
173 192 51
170 193 61
181 198 180
189 199 182
52 200 1
17 201 2
32 202 4
62 203 7
1 200 13
2 201 28
4 202 58
7 203 48
59 195 60
184 194 183
193 197 176
186 196 185
191 196 177
185 198 181
182 199 184
190 201 17
191 202 32
192 200 52
193 203 62
13 200 174
28 201 175
48 203 176
58 202 177
184 197 194
174 200 192
175 201 190
176 203 193
177 202 191
205 226 221
221 233 205
211 222 214
220 228 206
206 229 220
208 228 220
220 230 208
211 232 222
219 222 204
225 231 206
206 231 229
221 226 210
223 233 218
214 227 211
204 230 219
218 231 223
205 233 223
222 232 204
216 221 213
213 221 212
45 212 46
207 212 45
207 213 212
207 214 213
214 215 213
44 207 45
46 212 210
60 223 59
61 205 60
66 204 65
217 218 216
36 206 35
205 223 60
219 220 217
46 210 47
59 223 209
212 221 210
215 222 219
215 216 213
215 217 216
215 219 217
34 208 33
59 209 58
64 211 63
214 222 215
223 231 209
37 225 36
67 224 66
43 227 44
62 226 61
207 227 214
224 230 204
206 228 35
34 228 208
220 229 217
36 225 206
66 224 204
61 226 205
44 227 207
204 232 65
64 232 211
216 233 221
7 236 62
58 235 4
6 234 43
63 234 6
47 236 7
4 235 37
33 237 5
5 237 67
35 228 34
217 229 218
209 231 225
219 230 220
208 230 224
65 232 64
218 233 216
67 237 224
37 235 225
43 234 227
62 236 226
209 235 58
210 236 47
211 234 63
208 237 33
229 231 218
224 237 208
225 235 209
226 236 210
227 234 211
248 256 244
257 260 240
248 266 256
240 267 257
254 263 245
254 262 239
239 263 254
245 264 254
239 265 258
262 265 239
242 260 257
241 266 253
252 267 255
244 259 248
253 264 241
255 265 252
255 267 240
256 266 241
246 247 238
25 246 238
40 255 240
55 256 241
247 248 238
250 252 251
25 238 26
40 240 41
55 241 56
247 249 248
247 250 249
251 254 253
65 239 66
251 253 249
24 246 25
39 255 40
54 256 55
250 251 249
23 242 24
38 243 39
53 244 54
63 245 64
246 257 247
242 246 24
243 255 39
244 256 54
242 257 246
247 257 250
243 265 255
248 259 238
26 259 27
41 260 42
56 261 57
66 258 67
241 264 261
65 263 239
245 263 64
251 262 254
238 259 26
240 260 41
241 261 56
239 258 66
249 266 248
257 267 250
27 269 0
42 268 3
67 270 5
57 271 6
0 269 53
3 268 23
5 270 38
6 271 63
64 263 65
252 262 251
258 265 243
254 264 253
261 264 245
253 266 249
250 267 252
259 269 27
260 268 42
261 271 57
258 270 67
23 268 242
38 270 243
53 269 244
63 271 245
252 265 262
243 270 258
242 268 260
244 269 259
245 271 261
