0.004638 -0.609466 0.792798
-0.000000 0.608826 0.793304
0.281598 -0.715193 0.639689
0.486413 -0.714760 0.502514
0.629199 -0.714455 0.306042
0.695856 -0.715349 0.063722
0.672041 -0.714990 -0.192745
0.557827 -0.715136 -0.421200
0.367970 -0.715132 -0.594293
0.127396 -0.715231 -0.687179
-0.131202 -0.715206 -0.686489
-0.371202 -0.715163 -0.592242
-0.559187 -0.714947 -0.419716
-0.671837 -0.714906 -0.193766
-0.696854 -0.714936 0.057106
-0.627432 -0.715622 0.306944
-0.479046 -0.714305 0.510180
-0.273382 -0.715174 0.643265
-0.275122 0.715399 0.642271
-0.487876 0.715275 0.500359
-0.633138 0.714693 0.297236
-0.696882 0.714703 0.059627
-0.673245 0.714898 -0.188847
-0.560814 0.715158 -0.417177
-0.372594 0.715096 -0.591448
-0.131495 0.715403 -0.686227
0.128249 0.715150 -0.687104
0.362529 0.714561 -0.598310
0.551434 0.715509 -0.428914
0.671093 0.715451 -0.194330
0.695946 0.715163 0.064816
0.625017 0.715204 0.312788
0.472550 0.714769 0.515559
0.266958 0.714435 0.646773
0.001488 0.000000 0.999999
0.002641 0.000000 0.999996
0.001762 0.000000 0.999998
0.001033 0.000000 0.999999
0.000595 0.000000 1.000000
0.004057 0.000000 0.999992
0.000000 -1.000000 0.000000
0.000000 -1.000000 0.000000
0.000000 -1.000000 0.000000
0.000000 -1.000000 0.000000
0.000000 -1.000000 0.000000
0.000000 -1.000000 0.000000
0.000000 -1.000000 0.000000
0.000000 -1.000000 0.000000
0.000000 -1.000000 0.000000
0.000000 -1.000000 0.000000
0.000000 -1.000000 0.000000
0.000000 -1.000000 0.000000
0.000000 -1.000000 0.000000
0.000000 -1.000000 0.000000
0.000000 -1.000000 0.000000
0.000000 -1.000000 0.000000
0.000000 -1.000000 0.000000
0.000000 -1.000000 0.000000
0.000000 -1.000000 0.000000
0.000000 -1.000000 0.000000
0.000000 -1.000000 0.000000
0.000000 -1.000000 0.000000
0.000000 -1.000000 0.000000
0.000000 -1.000000 0.000000
0.000000 -1.000000 0.000000
0.000000 -1.000000 0.000000
-0.300550 0.000000 0.953766
0.312150 0.000000 0.950033
0.653145 0.000000 -0.757233
-0.388510 0.000000 -0.921445
-0.995755 0.000000 -0.092040
0.994527 0.000000 -0.104479
-0.895426 0.000000 -0.445209
0.959189 0.000000 0.282766
-0.816973 0.000000 0.576676
-0.832852 0.000000 0.553496
0.786342 0.000000 0.617792
0.366332 0.000000 -0.930484
-0.385546 0.000000 -0.922689
0.307951 0.000000 0.951402
-0.297553 0.000000 0.954705
-0.299262 0.000000 0.954171
0.309133 0.000000 0.951019
0.321381 0.000000 0.946950
0.601516 0.000000 0.798861
0.589569 0.000000 0.807718
0.812319 0.000000 0.583213
0.808739 0.000000 0.588167
0.950697 0.000000 0.310121
0.952977 0.000000 0.303041
1.000000 0.000000 0.000798
0.999957 0.000000 0.009267
0.952314 0.000000 -0.305120
0.951102 0.000000 -0.308876
0.805219 0.000000 -0.592978
0.797990 0.000000 -0.602671
0.566343 0.000000 -0.824169
0.582557 0.000000 -0.812790
0.289351 0.000000 -0.957223
0.306500 0.000000 -0.951871
-0.017028 0.000000 -0.999855
-0.023060 0.000000 -0.999734
-0.324365 0.000000 -0.945932
0.955830 0.000000 -0.293919
-0.322166 0.000000 -0.946683
-0.600882 0.000000 -0.799337
-0.595231 0.000000 -0.803555
-0.823564 0.000000 -0.567224
-0.828018 0.000000 -0.560701
-0.964474 0.000000 -0.264178
-0.960932 0.000000 -0.276786
-0.998606 0.000000 0.052787
-0.998812 0.000000 0.048733
-0.932105 0.000000 0.362188
-0.930492 0.000000 0.366313
-0.781097 0.000000 0.624410
-0.778650 0.000000 0.627458
-0.778017 0.000000 0.628243
-0.021656 0.000000 -0.999765
-0.924130 0.000000 0.382078
-0.008488 0.000000 -0.999964
0.337876 0.000000 -0.941190
0.541069 0.000000 -0.840978
0.786108 0.000000 -0.618088
-0.958718 0.000000 -0.284358
-0.998635 0.000000 0.052234
-0.967029 0.000000 -0.254665
-0.825992 0.000000 -0.563681
0.953141 0.000000 -0.302525
0.274673 0.000000 -0.961538
0.604545 0.000000 -0.796571
-0.923818 0.000000 0.382832
-0.317135 0.000000 -0.948380
-0.573869 0.000000 -0.818947
-0.815127 0.000000 -0.579282
-0.585320 0.000000 -0.810803
0.810538 0.000000 -0.585687
0.999999 0.000000 0.001427
0.955111 0.000000 0.296249
-0.997738 0.000000 0.067223
-0.300113 0.000000 0.953904
-0.300750 0.000000 0.953703
0.822535 0.000000 0.568714
0.309066 0.000000 0.951041
0.631622 0.000000 0.775276
-0.968544 0.000000 0.248841
0.959362 0.000000 0.282179
0.994688 0.000000 -0.102940
0.816177 0.000000 0.577802
0.893837 0.000000 -0.448393
-0.683649 0.000000 -0.729811
-0.008482 0.000000 -0.999964
0.589184 0.000000 0.807999
-0.002060 0.000000 -0.999998
0.950767 0.000000 0.309906
-0.560249 0.000000 0.828324
-0.571477 0.000000 0.820618
0.530416 0.000000 0.847737
0.581721 0.000000 0.813389
-0.691695 0.000000 -0.722189
-0.564383 0.000000 0.825513
-0.567922 0.000000 0.823082
-0.563949 0.000000 0.825810
-0.563554 0.000000 0.826079
-0.968490 0.000000 0.249053
0.659318 0.000000 -0.751864
0.887254 0.000000 -0.461282
-0.996966 0.000000 0.077834
0.805721 0.000000 -0.592296
-0.994081 0.000000 -0.108639
-0.903233 0.000000 -0.429150
-0.808384 0.000000 -0.588656
0.999477 0.000000 0.032325
0.999178 0.000000 0.040539
0.244388 0.000000 -0.969677
0.358665 0.000000 -0.933466
-0.764748 0.000000 0.644330
0.848272 0.000000 0.529561
-0.281351 0.000000 -0.959605
0.815928 0.000000 0.578153
-0.752149 0.000000 0.658993
-0.280476 0.000000 -0.959861
-0.257933 0.000000 0.966163
0.253956 0.000000 0.967216
-0.259508 0.000000 0.965741
0.272467 0.000000 0.962165
0.000000 1.000000 0.000000
0.000000 1.000000 0.000000
0.000000 1.000000 0.000000
0.000000 1.000000 0.000000
0.000000 1.000000 0.000000
0.000000 1.000000 0.000000
0.000000 1.000000 0.000000
0.000000 1.000000 0.000000
0.000000 1.000000 0.000000
0.000000 1.000000 0.000000
0.000000 1.000000 0.000000
0.000000 1.000000 0.000000
0.000000 1.000000 0.000000
0.000000 1.000000 0.000000
0.000000 1.000000 0.000000
0.000000 1.000000 0.000000
0.000000 1.000000 0.000000
0.000000 1.000000 0.000000
0.000000 1.000000 0.000000
0.000000 1.000000 0.000000
0.000000 1.000000 0.000000
0.000000 1.000000 0.000000
0.000000 1.000000 0.000000
0.000000 1.000000 0.000000
0.000000 1.000000 0.000000
0.000000 1.000000 0.000000
