-12.448241 24.375376 -38.013699
0.000000 28.571428 40.000000
-0.996469 56.918621 -39.987587
-38.722076 74.010567 -10.029991
39.968475 23.450542 1.587719
23.566032 43.072269 32.320923
-37.314507 42.167667 14.409293
-24.124458 57.506771 -31.906277
-31.920689 100.000000 -24.105385
12.145115 35.078117 -38.111629
25.755333 74.368126 30.604948
-39.970913 22.744188 1.525142
-7.349981 0.000000 -39.318924
2.986948 100.000000 0.340286
-16.650908 100.000000 12.262083
-12.222956 78.571426 38.086735
2.670337 0.000000 -14.135679
39.990974 76.179909 0.849726
21.057287 0.000000 -34.008686
-22.386141 28.581705 33.149067
38.473026 100.000000 -10.946520
-12.191473 75.819969 -38.096825
22.556885 57.434525 -33.033119
-32.445740 23.026661 -23.393887
35.806530 100.000000 17.829535
39.829369 0.000000 3.690734
32.687431 23.530275 23.054976
4.885603 100.000000 26.135666
0.000000 57.142857 40.000000
16.650908 0.000000 12.262083
0.000000 0.000000 40.000000
-38.473026 0.000000 -10.946520
-9.275263 0.000000 13.667738
21.057287 100.000000 -34.008686
-38.401669 42.297215 -11.194274
39.999966 49.918686 0.051937
-39.829369 100.000000 3.690734
-1.075312 100.000000 -28.163109
31.156208 77.617035 -25.085669
35.811192 12.706466 -17.820169
-35.806530 0.000000 17.829535
-33.562916 87.432220 21.760763
32.460197 35.392960 -23.373823
-31.197683 63.940109 25.034067
10.519994 76.007439 -38.591835
