0.000000 0.000000 40.000000
0.000000 100.000000 40.000000
14.449667 0.000000 37.298889
26.947826 0.000000 29.560356
35.806530 0.000000 17.829535
39.829369 0.000000 3.690734
38.473026 0.000000 -10.946520
31.920689 0.000000 -24.105385
21.057287 0.000000 -34.008686
7.349981 0.000000 -39.318924
-7.349981 0.000000 -39.318924
-21.057287 0.000000 -34.008686
-31.920689 0.000000 -24.105385
-38.473026 0.000000 -10.946520
-39.829369 0.000000 3.690734
-35.806530 0.000000 17.829535
-26.947826 0.000000 29.560356
-14.449667 0.000000 37.298889
-14.449667 100.000000 37.298889
-26.947826 100.000000 29.560356
-35.806530 100.000000 17.829535
-39.829369 100.000000 3.690734
-38.473026 100.000000 -10.946520
-31.920689 100.000000 -24.105385
-21.057287 100.000000 -34.008686
-7.349981 100.000000 -39.318924
7.349981 100.000000 -39.318924
21.057287 100.000000 -34.008686
31.920689 100.000000 -24.105385
38.473026 100.000000 -10.946520
39.829369 100.000000 3.690734
35.806530 100.000000 17.829535
26.947826 100.000000 29.560356
14.449667 100.000000 37.298889
0.000000 85.714287 40.000000
0.000000 71.428574 40.000000
0.000000 57.142857 40.000000
0.000000 42.857143 40.000000
0.000000 28.571428 40.000000
0.000000 14.285714 40.000000
-4.885603 0.000000 26.135666
11.208557 0.000000 -25.408710
26.507784 0.000000 8.181043
-24.150349 0.000000 -11.769691
24.685377 0.000000 -12.728106
15.570885 0.000000 23.122477
-9.604832 0.000000 -24.792931
-21.217989 0.000000 16.023081
28.611727 0.000000 -2.499495
20.709396 0.000000 -22.717127
24.531042 0.000000 18.524982
-20.006058 0.000000 -21.924700
1.075312 0.000000 -28.163109
-30.230513 0.000000 -2.251445
-18.468985 0.000000 1.763040
-12.023119 0.000000 -11.671106
-2.986948 0.000000 0.340286
2.670337 0.000000 -14.135679
14.154135 0.000000 -1.137597
5.021207 0.000000 13.555317
-9.275263 0.000000 13.667738
-29.398708 0.000000 8.002421
6.031231 0.000000 28.022470
-16.182520 0.000000 26.135666
16.650908 0.000000 12.262083
14.243291 0.000000 -14.962516
-12.222956 50.000000 38.086735
12.439174 50.254955 38.016666
26.947826 12.712308 -29.560356
-15.157596 87.474724 -37.016853
-39.829369 87.287689 -3.690734
39.829369 87.287689 -3.690734
-35.806530 12.712308 -17.829535
38.419445 12.942863 11.133118
-31.920689 12.712308 24.105385
-33.562916 87.432220 21.760763
31.753649 87.435768 24.325003
14.449667 87.287689 -37.298889
-14.874837 12.604212 -37.131378
12.285154 21.745884 38.066719
-12.222956 21.428572 38.086735
-12.222956 78.571426 38.086735
12.748540 78.458908 37.914043
12.627257 64.585114 37.954609
23.989319 57.744183 32.008007
23.566032 43.072269 32.320923
32.498379 50.006527 23.320705
32.198784 35.869919 23.732645
38.000477 42.630474 12.488542
38.128609 57.049168 12.091702
39.999966 49.918686 0.051937
39.999523 35.573006 0.195131
38.102730 42.489185 -12.172997
38.031731 57.373722 -12.393042
32.201252 49.991779 -23.729292
32.102348 64.558167 -23.862925
22.556885 57.434525 -33.033119
23.309856 42.596466 -32.506165
11.528302 49.689907 -38.302719
12.145115 35.078117 -38.111629
-0.664740 42.434898 -39.994476
-0.996469 56.918621 -39.987587
-12.924375 49.865906 -37.854465
38.265583 25.695301 -11.650969
-13.091250 64.120438 -37.797077
-24.124458 57.506771 -31.906277
-23.833942 42.427597 -32.123875
-32.949402 49.941948 -22.678999
-33.086040 64.728737 -22.479187
-38.619316 57.485073 -10.418651
-38.401669 42.297215 -11.194274
-39.945404 49.783703 2.089187
-39.946545 35.143707 2.067259
-37.314507 42.167667 14.409293
-37.199051 57.034882 14.704782
-31.209867 49.688385 25.018877
-31.197683 63.940109 25.034067
-31.282030 35.543041 24.928589
-0.925094 71.440376 -39.989300
-36.784534 73.739403 15.712993
-0.959204 27.804634 -39.988499
13.925197 20.346245 -37.497852
21.379007 74.132256 -33.807365
31.156208 77.617035 -25.085669
-38.316147 26.043432 -11.483599
-39.970913 22.744188 1.525142
-38.722076 74.010567 -10.029991
-33.646381 77.010300 -21.631483
38.240532 73.963982 -11.732937
10.938474 63.882988 -38.475315
24.139614 27.992294 -31.894812
-36.849384 25.458656 15.560297
-12.796191 35.691349 -37.897987
-22.676744 26.089626 -32.950951
-32.570038 35.209377 -23.220524
-23.170494 74.420395 -32.605648
32.460197 35.392960 -23.373823
39.999912 64.557045 -0.083888
38.192753 71.161667 11.887547
-39.906731 64.425339 2.730001
-12.216983 35.725021 38.088650
-12.222956 64.285713 38.086735
32.815681 64.025520 22.872059
12.364458 35.899429 38.041035
25.755333 74.368126 30.604948
-38.798489 87.362656 9.730231
38.450142 87.081474 11.026626
39.791714 12.740279 -4.076713
33.002769 12.377787 22.601265
35.811192 12.706466 -17.820169
-27.332102 12.673743 -29.205414
-0.048627 87.019493 -39.999969
23.459248 28.541449 32.398514
-0.266914 12.563098 -39.999111
38.037266 28.443319 12.376047
-23.245966 12.396772 32.551884
-23.662100 87.613243 32.250660
21.698624 87.712601 33.603123
23.942080 12.345931 32.043358
-27.408266 87.871101 -29.133949
-22.515116 57.142857 33.061604
-22.505335 71.428574 33.068260
-22.446976 42.857563 33.107903
-22.386141 28.581705 33.149067
-38.798519 11.959380 9.730105
25.651337 88.254517 -30.692165
35.426281 88.274185 -18.573603
-39.856079 76.889381 3.390146
31.926239 22.727821 -24.098036
-39.764950 11.534592 -4.329987
-36.098469 88.502617 -17.230803
-32.445740 23.026661 -23.393887
39.990974 76.179909 0.849726
39.968475 23.450542 1.587719
10.519994 76.007439 -38.591835
14.449667 9.106371 -37.298889
-31.244589 75.445374 24.975502
33.283524 75.950172 22.185740
-12.191473 75.819969 -38.096825
32.687431 23.530275 23.054976
-30.606205 24.043949 25.753838
-12.448241 24.375376 -38.013699
-10.412322 10.384351 38.621025
10.412322 89.615646 38.621025
-10.412322 89.615646 38.621025
11.782175 10.595657 38.225388
4.885603 100.000000 26.135666
-11.208557 100.000000 -25.408710
-26.507784 100.000000 8.181043
24.150349 100.000000 -11.769691
-24.685377 100.000000 -12.728106
-15.570885 100.000000 23.122477
9.604832 100.000000 -24.792931
21.217989 100.000000 16.023081
-28.611727 100.000000 -2.499495
-20.709396 100.000000 -22.717127
-24.531042 100.000000 18.524982
20.006058 100.000000 -21.924700
-1.075312 100.000000 -28.163109
30.230513 100.000000 -2.251445
18.468985 100.000000 1.763040
12.023119 100.000000 -11.671106
2.986948 100.000000 0.340286
-2.670337 100.000000 -14.135679
-14.154135 100.000000 -1.137597
-5.021207 100.000000 13.555317
9.275263 100.000000 13.667738
29.398708 100.000000 8.002421
-6.031231 100.000000 28.022470
16.182520 100.000000 26.135666
-16.650908 100.000000 12.262083
-14.243291 100.000000 -14.962516
