52 57 46
41 57 52
48 58 44
42 58 48
46 57 55
59 62 40
45 62 59
40 60 59
54 60 47
58 65 44
10 46 11
12 43 13
15 47 16
6 44 7
2 45 3
4 42 5
8 41 9
17 40 0
47 61 54
57 58 56
56 60 54
55 57 56
55 56 54
58 59 56
57 65 58
40 63 60
51 55 43
46 55 51
60 63 47
43 55 54
54 61 53
59 60 56
42 64 58
43 54 53
5 48 6
10 52 46
43 53 13
9 52 10
16 63 17
12 51 43
4 50 42
7 49 8
3 50 4
45 50 3
42 48 5
6 48 44
13 53 14
15 61 47
44 49 7
46 51 11
14 61 15
47 63 16
0 62 2
8 49 41
11 51 12
2 62 45
41 52 9
17 63 40
40 62 0
58 64 59
41 65 57
59 64 45
53 61 14
50 64 42
45 64 50
49 65 41
44 65 49
76 157 144
154 179 73
144 177 76
73 179 148
121 130 68
75 145 119
135 159 69
78 150 133
69 178 135
119 176 75
68 175 121
131 164 74
133 181 78
164 169 14
147 149 103
77 165 122
74 180 131
28 166 165
159 170 23
128 166 71
70 170 126
125 169 164
72 169 124
122 174 77
165 166 123
127 170 159
71 172 128
158 179 152
103 173 147
126 170 127
156 176 161
144 157 82
163 180 155
79 158 152
124 169 125
126 167 70
124 171 72
146 177 138
123 166 128
122 165 123
156 161 81
80 163 155
148 179 158
127 159 135
76 177 146
125 164 131
118 178 151
121 153 120
109 139 126
113 115 114
112 113 111
5 147 73
110 111 109
16 74 15
20 75 19
32 76 31
70 145 21
30 146 71
113 131 117
73 148 4
113 114 111
113 117 115
20 145 75
76 146 31
112 131 113
115 116 114
5 73 4
110 112 111
107 134 110
107 109 108
107 110 109
4 148 3
6 147 5
68 149 7
6 149 147
75 176 156
106 134 107
109 126 108
21 145 20
31 146 30
133 134 106
106 107 105
7 149 6
98 129 96
107 108 105
101 129 98
22 70 21
27 77 26
11 78 10
13 72 12
25 69 24
8 68 7
77 151 26
30 71 29
11 150 78
26 151 25
25 151 69
72 150 12
12 150 11
102 106 105
102 105 104
118 129 101
104 118 101
132 133 106
95 128 93
102 104 101
105 135 104
93 137 90
100 101 98
99 121 120
102 132 106
100 102 101
99 120 100
123 128 95
99 100 98
92 136 94
108 135 105
100 132 102
97 99 98
110 134 124
120 132 100
122 123 95
97 98 96
94 97 96
127 135 108
125 131 112
96 122 95
111 139 109
96 129 122
94 96 95
124 125 112
103 136 92
126 127 108
128 137 93
137 138 89
99 130 121
94 136 97
90 137 89
94 95 93
97 130 99
110 124 112
97 136 130
91 103 92
92 94 93
92 93 90
86 142 84
89 142 86
88 91 90
91 92 90
116 119 114
138 142 89
88 89 86
88 90 89
87 154 88
88 154 91
87 88 86
114 139 111
85 87 86
38 80 39
35 82 34
34 81 35
35 141 36
36 83 35
37 67 36
36 66 37
37 140 38
119 139 114
38 143 37
39 79 38
85 86 84
67 85 84
151 178 69
38 140 80
153 181 120
35 83 82
81 141 35
67 83 36
36 141 66
10 153 9
37 143 67
66 140 37
67 84 83
142 144 84
67 143 85
79 143 38
85 152 87
149 168 103
83 144 82
84 144 83
17 155 16
19 156 18
33 157 32
78 153 10
3 158 2
24 159 23
79 152 143
143 152 85
78 181 153
155 180 74
15 164 14
145 167 119
16 155 74
75 156 19
32 157 76
148 158 3
151 174 118
28 165 27
138 172 146
130 168 68
29 166 28
139 167 126
73 173 154
153 175 9
14 169 13
87 179 154
69 159 24
23 170 22
117 162 115
134 171 124
128 172 137
91 173 103
142 177 144
129 174 122
115 160 116
135 178 104
8 175 68
121 175 153
132 181 133
141 160 66
81 161 141
141 161 160
117 163 162
160 162 66
66 162 140
0 182 17
1 183 33
18 184 1
2 185 0
77 174 151
39 182 0
34 183 1
1 184 34
0 185 39
140 163 80
115 162 160
162 163 140
74 164 15
160 161 116
146 172 71
147 173 73
103 168 136
150 171 133
131 180 117
27 165 77
136 168 130
116 176 119
71 166 29
70 167 145
72 171 150
119 167 139
68 168 149
13 169 72
22 170 70
133 171 134
17 182 155
156 184 18
33 183 157
158 185 2
137 172 138
154 173 91
118 174 129
9 175 8
104 178 118
138 177 142
152 179 87
120 181 132
155 182 80
81 184 156
157 183 82
80 182 39
82 183 34
34 184 81
79 185 158
39 185 79
161 176 116
117 180 163
198 203 192
187 203 198
194 204 190
188 204 194
192 203 201
205 208 186
191 208 205
186 206 205
200 206 193
204 211 190
26 192 27
28 189 29
31 193 32
22 190 23
18 191 19
20 188 21
24 187 25
33 186 1
193 207 200
203 204 202
202 206 200
201 203 202
201 202 200
204 205 202
203 211 204
186 209 206
197 201 189
192 201 197
206 209 193
189 201 200
200 207 199
205 206 202
188 210 204
189 200 199
21 194 22
26 198 192
189 199 29
25 198 26
32 209 33
28 197 189
20 196 188
23 195 24
19 196 20
191 196 19
188 194 21
22 194 190
29 199 30
31 207 193
190 195 23
192 197 27
30 207 31
193 209 32
1 208 18
24 195 187
27 197 28
18 208 191
187 198 25
33 209 186
186 208 1
204 210 205
187 211 203
205 210 191
199 207 30
196 210 188
191 210 196
195 211 187
190 211 195
