13 77 14
15 83 75
77 83 14
25 78 24
79 84 26
25 84 78
14 83 15
80 85 28
29 80 28
26 84 25
28 85 27
27 85 79
16 86 17
15 75 16
75 86 16
17 76 18
17 86 76
27 79 26
24 87 23
18 89 19
78 87 24
77 91 83
76 89 18
21 88 20
83 93 75
22 81 21
91 93 83
84 94 93
78 93 91
11 90 12
84 93 78
10 82 11
78 91 87
80 92 85
92 95 85
93 94 75
76 95 92
81 99 87
2 98 13
79 94 84
94 95 86
23 99 3
1 100 29
19 101 0
79 95 94
75 94 86
85 95 79
86 95 76
87 99 23
76 92 89
82 101 89
89 101 19
81 88 21
13 98 77
82 90 11
20 98 2
3 99 22
12 100 1
0 101 10
29 100 80
87 96 81
77 98 88
89 97 82
80 100 90
91 96 87
92 97 89
77 96 91
88 96 77
80 97 92
90 97 80
88 98 20
22 99 81
90 100 12
81 96 88
10 101 82
82 97 90
33 104 34
35 109 102
104 109 34
34 109 35
38 110 106
38 106 39
15 111 105
15 105 14
37 110 38
102 112 36
37 112 110
16 113 111
16 111 15
103 113 17
17 113 16
36 112 37
18 103 17
35 102 36
14 114 13
19 116 18
104 118 109
105 114 14
18 116 103
41 115 40
42 107 41
109 120 102
30 117 31
118 120 109
111 122 120
31 108 32
110 119 106
120 122 102
110 121 119
119 121 103
105 120 118
111 120 105
5 125 33
107 126 114
13 126 2
105 118 114
39 127 4
0 128 19
112 121 110
102 122 112
113 122 111
112 122 121
103 121 113
121 122 113
114 126 13
116 119 103
116 128 108
19 128 116
107 115 41
33 125 104
31 117 108
40 125 5
2 126 42
4 127 30
32 128 0
106 127 39
114 123 107
104 125 115
108 124 116
117 127 106
118 123 114
116 124 119
104 123 118
115 123 104
119 124 106
106 124 117
115 125 40
42 126 107
30 127 117
107 123 115
108 128 32
117 124 108
28 137 131
28 131 29
129 137 27
27 137 28
50 134 49
132 138 51
50 138 134
54 133 53
52 139 132
133 139 53
51 138 50
53 139 52
26 129 27
24 130 25
130 140 25
26 140 129
52 132 51
25 140 26
55 141 54
23 143 24
137 145 131
54 141 133
137 147 145
24 143 130
43 142 44
44 135 45
145 147 133
48 144 47
129 147 137
47 136 46
138 146 134
138 148 146
146 148 130
29 152 1
141 153 135
6 153 55
133 147 139
147 149 139
129 149 147
141 145 133
49 154 7
3 155 23
148 149 140
132 148 138
132 149 148
130 148 140
139 149 132
140 149 129
55 153 141
143 146 130
143 155 136
23 155 143
44 142 135
131 152 29
47 144 136
1 152 43
45 153 6
7 154 48
46 155 3
134 154 49
135 150 141
142 152 131
136 151 143
144 154 134
141 150 145
143 151 146
145 150 131
131 150 142
146 151 134
134 151 144
43 152 142
135 153 45
48 154 144
142 150 135
136 155 46
144 151 136
39 158 38
37 164 156
158 164 38
38 164 37
59 161 60
61 165 159
161 165 60
63 160 64
159 166 62
63 166 160
60 165 61
62 166 63
61 159 62
35 157 34
36 167 35
35 167 157
156 167 36
37 156 36
64 168 65
34 170 33
158 172 164
160 168 64
157 170 34
57 169 58
56 162 57
164 174 156
67 171 66
172 174 164
166 176 174
68 163 67
161 173 165
174 176 156
173 175 165
160 174 172
157 175 173
166 174 160
4 179 39
162 180 168
65 180 8
160 172 168
9 181 59
33 182 5
167 176 175
165 175 159
175 176 159
167 175 157
159 176 166
156 176 167
168 180 65
157 173 170
163 182 170
170 182 33
162 169 57
39 179 158
163 171 67
58 179 4
8 180 56
66 181 9
5 182 68
59 181 161
168 177 162
158 179 169
170 178 163
161 181 171
172 177 168
173 178 170
158 177 172
169 177 158
161 178 173
171 178 161
169 179 58
56 180 162
171 181 66
162 177 169
68 182 163
163 178 171
49 185 50
51 190 189
185 190 50
185 191 190
50 190 51
198 202 189
65 186 64
62 193 183
186 192 64
63 193 62
192 193 63
52 194 53
51 189 52
189 194 52
62 183 61
53 184 54
53 194 184
64 192 63
54 196 55
190 198 189
183 200 61
183 202 198
199 200 191
184 196 54
73 195 72
198 200 183
74 187 73
191 198 190
70 197 71
61 200 60
69 188 70
60 200 199
60 199 59
186 201 192
201 203 192
184 203 201
7 206 49
59 207 9
8 208 65
55 209 6
202 203 194
193 203 202
193 202 183
194 203 184
189 202 194
192 203 193
184 201 196
188 209 196
191 200 198
196 209 55
187 195 73
49 206 185
188 197 70
72 206 7
9 207 74
71 208 8
6 209 69
65 208 186
199 204 187
191 204 199
187 207 199
185 206 195
196 205 188
185 204 191
186 208 197
199 207 59
201 205 196
195 204 185
186 205 201
197 205 186
195 206 72
74 207 187
197 208 71
69 209 188
187 204 195
188 205 197
222 232 213
213 231 222
223 232 222
229 232 217
213 232 229
21 214 22
217 218 211
215 216 214
20 215 21
67 211 68
67 217 211
21 215 214
47 220 48
73 213 74
66 217 67
218 219 211
41 212 42
221 222 220
46 210 47
210 220 47
210 221 220
221 223 222
223 224 218
218 224 219
5 226 40
68 226 5
219 226 211
2 227 20
22 225 3
3 225 46
42 227 2
48 228 7
9 229 66
74 229 9
7 228 72
222 228 220
41 230 212
73 231 213
217 232 218
216 234 224
46 225 210
214 225 22
213 229 74
211 226 68
212 227 42
220 228 48
20 227 215
66 229 217
230 235 212
219 230 226
222 231 228
212 234 227
227 234 215
225 233 210
214 233 225
40 230 41
72 231 73
216 233 214
215 234 216
210 233 221
218 232 223
228 231 72
226 230 40
219 235 230
216 236 233
233 236 221
234 235 224
223 236 224
224 235 219
221 236 223
224 236 216
212 235 234
239 254 248
249 252 250
241 260 248
249 260 237
249 256 252
254 257 248
248 260 247
247 260 249
248 261 239
250 262 249
242 259 255
248 257 241
237 256 249
255 259 238
12 241 11
57 242 56
32 239 31
70 250 69
71 238 70
240 243 242
240 244 243
240 242 57
247 249 246
58 240 57
244 245 243
245 246 243
245 247 246
245 248 247
238 250 70
44 237 43
30 253 4
6 252 45
69 252 6
10 254 0
1 251 12
4 253 58
43 251 1
0 254 32
56 255 8
8 255 71
240 253 244
241 257 11
44 256 237
239 258 31
243 259 242
245 261 248
249 262 246
239 261 258
12 251 241
250 252 69
237 251 43
58 253 240
32 254 239
71 255 238
242 255 56
253 258 244
45 256 44
11 257 10
31 258 30
252 256 45
10 257 254
246 259 243
238 262 250
30 258 253
258 261 244
237 260 251
251 260 241
244 261 245
259 262 238
246 262 259
