81.985687 29.996420 0.688296
25.402784 27.030531 -8.439770
0.000000 5.886602 8.548466
0.000000 20.336773 -3.231681
18.010979 9.919892 -28.315596
25.000000 -20.572483 -28.315596
25.000000 -33.286980 10.815595
75.000000 20.572483 -28.315596
0.000000 -33.286980 10.815595
74.671410 16.607023 22.934292
100.000000 -3.064715 -4.089348
25.327076 -26.943390 -8.707963
0.000000 -26.929731 -8.750000
0.000000 -15.913425 13.703257
43.699482 -23.762718 -18.497061
91.272354 25.443241 -13.324946
75.000000 -20.572483 -28.315596
100.000000 13.346173 3.347134
0.000000 0.000000 35.000000
62.500000 33.286980 10.815595
37.486111 0.008907 -28.315596
0.000000 20.572483 -28.315596
25.000000 33.286980 10.815595
43.722958 -24.921438 16.893515
62.428429 26.954151 -8.674843
74.638817 -16.584007 22.951014
74.638687 -26.907028 -8.819870
100.000000 -20.572483 -28.315596
37.500000 0.000000 35.000000
100.000000 20.572483 -28.315596
0.000000 -20.572483 -28.315596
62.500000 0.000000 35.000000
0.000000 1.019253 -10.738958
100.000000 24.965233 16.861696
17.998049 -8.619895 28.737280
50.026524 16.643274 22.907953
25.364252 16.687237 22.876013
62.500000 -33.286980 10.815595
100.000000 -16.643490 22.907797
87.500000 -33.286980 10.815595
100.000000 0.000000 35.000000
100.000000 -26.929731 -8.750000
100.000000 -0.970162 14.092429
0.000000 -0.000000 -28.315596
100.000000 -0.000000 -28.315596
0.000000 33.286980 10.815595
43.670250 30.146467 1.150098
56.259155 -10.263168 -28.315596
43.625656 23.805429 -18.365614
0.000000 16.643490 22.907797
74.638725 -0.073466 -28.315596
56.257378 10.239962 -28.315596
