100.000000 -33.286980 10.815595
100.000000 -20.572483 -28.315596
0.000000 -33.286980 10.815595
0.000000 -20.572483 -28.315596
100.000000 0.000000 35.000000
0.000000 0.000000 35.000000
100.000000 20.572483 -28.315596
0.000000 20.572483 -28.315596
100.000000 33.286980 10.815595
0.000000 33.286980 10.815595
100.000000 -30.108355 1.032797
100.000000 -26.929731 -8.750000
100.000000 -23.751108 -18.532797
12.500000 -33.286980 10.815595
25.000000 -33.286980 10.815595
37.500000 -33.286980 10.815595
50.000000 -33.286980 10.815595
62.500000 -33.286980 10.815595
75.000000 -33.286980 10.815595
87.500000 -33.286980 10.815595
0.000000 -30.108355 1.032797
0.000000 -26.929731 -8.750000
0.000000 -23.751108 -18.532797
12.500000 -20.572483 -28.315596
25.000000 -20.572483 -28.315596
37.500000 -20.572483 -28.315596
50.000000 -20.572483 -28.315596
62.500000 -20.572483 -28.315596
75.000000 -20.572483 -28.315596
87.500000 -20.572483 -28.315596
100.000000 -8.321745 28.953899
100.000000 -16.643490 22.907797
100.000000 -24.965233 16.861696
12.500000 0.000000 35.000000
25.000000 0.000000 35.000000
37.500000 0.000000 35.000000
50.000000 0.000000 35.000000
62.500000 0.000000 35.000000
75.000000 0.000000 35.000000
87.500000 0.000000 35.000000
0.000000 -8.321745 28.953899
0.000000 -16.643490 22.907797
0.000000 -24.965233 16.861696
100.000000 -10.286242 -28.315596
100.000000 -0.000000 -28.315596
100.000000 10.286242 -28.315596
0.000000 -10.286242 -28.315596
0.000000 -0.000000 -28.315596
0.000000 10.286242 -28.315596
12.500000 20.572483 -28.315596
25.000000 20.572483 -28.315596
37.500000 20.572483 -28.315596
50.000000 20.572483 -28.315596
62.500000 20.572483 -28.315596
75.000000 20.572483 -28.315596
87.500000 20.572483 -28.315596
100.000000 24.965233 16.861696
100.000000 16.643490 22.907797
100.000000 8.321745 28.953899
12.500000 33.286980 10.815595
25.000000 33.286980 10.815595
37.500000 33.286980 10.815595
50.000000 33.286980 10.815595
62.500000 33.286980 10.815595
75.000000 33.286980 10.815595
87.500000 33.286980 10.815595
0.000000 24.965233 16.861696
0.000000 16.643490 22.907797
0.000000 8.321745 28.953899
100.000000 23.751108 -18.532797
100.000000 26.929731 -8.750000
100.000000 30.108355 1.032797
0.000000 23.751108 -18.532797
0.000000 26.929731 -8.750000
0.000000 30.108355 1.032797
43.710064 -30.092657 0.984488
68.803436 -30.081938 0.951494
17.998543 -29.994335 0.681880
31.172279 -23.775167 -18.458746
56.243645 -23.760086 -18.505163
81.987930 -23.862852 -18.188881
8.726958 -25.443241 -13.324946
91.272285 -28.416222 -4.175054
31.162683 -30.090647 0.978298
43.699482 -23.762718 -18.497061
68.811707 -23.767445 -18.482517
56.242207 -30.095036 0.991806
18.066698 -23.860390 -18.196463
8.390851 -28.404140 -4.212232
81.939713 -29.985874 0.655841
91.599091 -25.453960 -13.291953
25.327076 -26.943390 -8.707963
74.638687 -26.907028 -8.819870
37.440422 -26.939543 -8.719805
49.958256 -26.925837 -8.761983
62.500000 -26.929731 -8.750000
15.840598 -26.933441 -8.738580
84.148651 -26.923721 -8.768493
7.777731 -31.016006 3.826262
7.858731 -22.839941 -21.337080
92.217384 -22.842846 -21.328140
92.142403 -31.016882 3.828955
43.715050 -8.360357 28.925846
68.804947 -24.895271 16.912527
17.998049 -8.619895 28.737280
31.176010 -24.895096 16.912653
81.988174 -8.614546 28.741167
8.726958 -20.535172 20.080324
91.272285 -20.535172 20.080324
31.163052 -8.362811 28.924063
68.813179 -8.365873 28.921837
43.722958 -24.921438 16.893515
56.251919 -8.353198 28.931046
56.250973 -24.925604 16.890490
18.067896 -24.678570 17.069969
8.390971 -12.783007 25.712603
81.939713 -24.644575 17.094667
91.599113 -12.779864 25.714886
25.328672 -16.606985 22.934320
74.638817 -16.584007 22.951014
37.436539 -16.589630 22.946928
62.500175 -16.643490 22.907797
49.976265 -16.617363 22.926779
15.840998 -16.633589 22.914991
84.148674 -16.627750 22.919231
7.777804 -5.944929 30.680756
7.858971 -27.350586 15.128636
92.217445 -5.944323 30.681196
92.142403 -27.343786 15.133575
56.259155 -10.263168 -28.315596
31.192566 -10.203150 -28.315596
81.988327 -9.924691 -28.315596
43.737846 10.258171 -28.315596
68.806000 10.200225 -28.315596
18.010979 9.919892 -28.315596
91.272285 4.810383 -28.315596
8.727647 -4.810383 -28.315596
68.814400 -10.234382 -28.315596
31.183197 10.231002 -28.315596
56.257378 10.239962 -28.315596
43.740273 -10.231006 -28.315596
81.939713 9.889886 -28.315596
91.599091 -4.775692 -28.315596
18.064764 -9.905906 -28.315596
8.395890 4.771399 -28.315596
74.638725 -0.073466 -28.315596
25.364252 0.054076 -28.315596
62.500183 0.000000 -28.315596
37.486111 0.008907 -28.315596
49.999844 0.002156 -28.315596
84.148659 -0.019445 -28.315596
15.851895 0.014587 -28.315596
92.217430 -13.224884 -28.315596
92.142403 13.226295 -28.315596
7.781613 13.223213 -28.315596
7.858482 -13.229500 -28.315596
56.289959 8.369030 28.919544
31.194271 8.390212 28.904154
82.001320 8.619308 28.737707
43.750130 24.939753 16.880209
68.831017 24.898376 16.910271
18.012157 24.669273 17.076725
91.273041 20.535172 20.080324
8.727647 12.751807 25.735270
68.848534 8.366699 28.921238
31.185442 24.920153 16.894449
56.304222 24.926390 16.889917
43.750504 8.373899 28.916006
81.932167 24.678600 17.069948
91.608116 12.782796 25.712755
18.064764 8.629443 28.730343
8.400895 20.506062 20.101473
74.671410 16.607023 22.934292
25.364252 16.687237 22.876013
62.578312 16.604284 22.936281
37.486111 16.650694 22.902561
50.026524 16.643274 22.907953
84.159019 16.633598 22.914984
15.851895 16.655291 22.899223
92.222145 5.945038 30.680677
92.141045 27.350592 15.128632
7.782616 27.342211 15.134722
7.858482 5.940599 30.683903
43.670250 30.146467 1.150098
68.785126 23.782515 -18.436134
18.057953 23.882477 -18.128481
81.985687 29.996420 0.688296
8.602493 28.457249 -4.048783
91.272354 25.443241 -13.324946
43.625656 23.805429 -18.365614
31.149172 23.810577 -18.349770
25.402784 27.030531 -8.439770
68.795998 30.098957 1.003876
56.218983 30.121075 1.071948
56.207882 23.780949 -18.440956
8.419652 25.471077 -13.239277
81.935326 23.868637 -18.171076
91.599403 28.405092 -4.209306
37.308643 27.000055 -8.533562
18.750000 30.324209 1.697132
31.088999 30.209898 1.345314
74.639107 26.946386 -8.698741
49.904877 26.973822 -8.614304
62.428429 26.954151 -8.674843
16.061943 26.955969 -8.669250
84.148598 26.934231 -8.736152
7.795521 22.849926 -21.306349
7.812141 31.111048 4.118770
92.216705 31.016312 3.827202
92.141533 22.841591 -21.332003
0.000000 -4.406236 -19.592216
0.000000 7.349791 18.699577
0.000000 -15.913425 13.703257
0.000000 20.336773 -3.231681
0.000000 -17.194958 -10.429026
0.000000 -20.161329 -1.452754
0.000000 -10.361876 -3.121226
0.000000 15.092824 12.773952
0.000000 5.886602 8.548466
0.000000 -1.232978 14.367627
0.000000 5.042805 -19.529718
0.000000 1.019253 -10.738958
0.000000 11.187910 -9.066090
0.000000 4.839782 -1.551876
0.000000 -3.431925 4.299488
0.000000 -14.129274 -19.468452
0.000000 -0.235729 24.487894
0.000000 -23.008156 7.563987
0.000000 14.897441 -19.221277
0.000000 22.890995 7.000646
0.000000 -8.481739 19.374561
0.000000 19.368004 -11.770228
0.000000 12.897214 2.580591
0.000000 -7.962757 -11.158092
0.000000 -13.582283 4.803971
0.000000 -8.496219 10.929576
0.000000 -2.585983 -3.535758
100.000000 -3.995455 -20.347311
100.000000 20.328419 -2.187042
100.000000 -15.713776 12.751463
100.000000 7.492369 18.594145
100.000000 -18.126333 -10.064468
100.000000 15.109319 12.864814
100.000000 6.153626 8.676769
100.000000 -0.970162 14.092429
100.000000 -2.714725 4.261172
100.000000 4.658924 -1.099239
100.000000 -3.064715 -4.089348
100.000000 -12.786013 0.752784
100.000000 4.559081 -11.921245
100.000000 17.009281 -11.056130
100.000000 -14.351142 -19.752653
100.000000 13.506209 -19.980331
100.000000 -0.303482 24.068785
100.000000 -23.175312 6.697988
100.000000 22.857412 7.122499
100.000000 4.859059 -21.740629
100.000000 -22.186520 -2.065993
100.000000 -8.343040 18.818274
100.000000 13.346173 3.347134
100.000000 -8.551309 -11.748967
100.000000 -8.105543 10.135224
100.000000 11.906137 -4.654537
