0.525731 -0.809017 0.262866
0.525731 -0.500000 -0.688191
-0.525731 -0.809017 0.262866
-0.525731 -0.500000 -0.688191
0.525731 0.000000 0.850651
-0.525731 0.000000 0.850651
0.525731 0.500000 -0.688191
-0.525731 0.500000 -0.688191
0.525731 0.809017 0.262866
-0.525731 0.809017 0.262866
0.707107 -0.672499 -0.218508
0.707107 -0.672499 -0.218508
0.707107 -0.672499 -0.218508
0.000000 -0.951057 0.309017
0.000000 -0.951057 0.309017
0.000000 -0.951057 0.309017
0.000000 -0.951057 0.309017
0.000000 -0.951057 0.309017
0.000000 -0.951057 0.309017
0.000000 -0.951057 0.309017
-0.707107 -0.672499 -0.218508
-0.707107 -0.672499 -0.218508
-0.707107 -0.672499 -0.218508
0.000000 -0.587785 -0.809017
0.000000 -0.587785 -0.809017
0.000000 -0.587785 -0.809017
0.000000 -0.587785 -0.809017
0.000000 -0.587785 -0.809017
0.000000 -0.587785 -0.809017
0.000000 -0.587785 -0.809017
0.707107 -0.415627 0.572061
0.707107 -0.415627 0.572061
0.707107 -0.415627 0.572061
0.000000 0.000000 1.000000
0.000000 0.000000 1.000000
0.000000 0.000000 1.000000
0.000000 0.000000 1.000000
0.000000 0.000000 1.000000
0.000000 0.000000 1.000000
0.000000 0.000000 1.000000
-0.707107 -0.415627 0.572061
-0.707107 -0.415627 0.572061
-0.707107 -0.415627 0.572061
0.707107 -0.000000 -0.707107
0.707107 -0.000000 -0.707107
0.707107 -0.000000 -0.707107
-0.707107 -0.000000 -0.707107
-0.707107 -0.000000 -0.707107
-0.707107 -0.000000 -0.707107
0.000000 0.587785 -0.809017
0.000000 0.587785 -0.809017
0.000000 0.587785 -0.809017
0.000000 0.587785 -0.809017
0.000000 0.587785 -0.809017
0.000000 0.587785 -0.809017
0.000000 0.587785 -0.809017
0.707107 0.415627 0.572061
0.707107 0.415627 0.572061
0.707107 0.415627 0.572061
0.000000 0.951056 0.309017
0.000000 0.951056 0.309017
0.000000 0.951056 0.309017
0.000000 0.951056 0.309017
0.000000 0.951056 0.309017
0.000000 0.951056 0.309017
0.000000 0.951056 0.309017
-0.707107 0.415627 0.572061
-0.707107 0.415627 0.572061
-0.707107 0.415627 0.572061
0.707107 0.672499 -0.218508
0.707107 0.672499 -0.218508
0.707107 0.672499 -0.218508
-0.707107 0.672499 -0.218508
-0.707107 0.672499 -0.218508
-0.707107 0.672499 -0.218508
0.000000 -0.951056 -0.309017
0.000000 -0.951056 -0.309017
0.000000 -0.951056 -0.309017
0.000000 -0.951056 -0.309017
0.000000 -0.951056 -0.309017
0.000000 -0.951056 -0.309017
0.000000 -0.951056 -0.309017
0.000000 -0.951056 -0.309017
0.000000 -0.951056 -0.309017
0.000000 -0.951056 -0.309017
0.000000 -0.951056 -0.309017
0.000000 -0.951056 -0.309017
0.000000 -0.951056 -0.309017
0.000000 -0.951056 -0.309017
0.000000 -0.951056 -0.309017
0.000000 -0.951056 -0.309017
0.000000 -0.951056 -0.309017
0.000000 -0.951056 -0.309017
0.000000 -0.951056 -0.309017
0.000000 -0.951056 -0.309017
0.000000 -0.951056 -0.309017
0.000000 -0.951057 -0.309017
0.000000 -0.951057 -0.309017
0.000000 -0.951057 -0.309017
0.000000 -0.951057 -0.309017
0.000000 -0.951057 -0.309017
0.000000 -0.951057 -0.309017
0.000000 -0.587785 0.809017
0.000000 -0.587785 0.809017
0.000000 -0.587785 0.809017
0.000000 -0.587785 0.809017
0.000000 -0.587785 0.809017
0.000000 -0.587785 0.809017
0.000000 -0.587785 0.809017
0.000000 -0.587785 0.809017
0.000000 -0.587785 0.809017
0.000000 -0.587785 0.809017
0.000000 -0.587785 0.809017
0.000000 -0.587785 0.809017
0.000000 -0.587785 0.809017
0.000000 -0.587785 0.809017
0.000000 -0.587785 0.809017
0.000000 -0.587785 0.809017
0.000000 -0.587785 0.809017
0.000000 -0.587785 0.809017
0.000000 -0.587785 0.809017
0.000000 -0.587785 0.809017
0.000000 -0.587785 0.809017
0.000000 -0.587785 0.809017
0.000000 -0.587785 0.809017
0.000000 -0.587785 0.809017
0.000000 -0.587785 0.809017
0.000000 -0.587785 0.809017
0.000000 -0.587785 0.809017
0.000000 -0.000000 -1.000000
0.000000 -0.000000 -1.000000
0.000000 -0.000000 -1.000000
0.000000 -0.000000 -1.000000
0.000000 -0.000000 -1.000000
0.000000 -0.000000 -1.000000
0.000000 -0.000000 -1.000000
0.000000 -0.000000 -1.000000
0.000000 -0.000000 -1.000000
0.000000 -0.000000 -1.000000
0.000000 -0.000000 -1.000000
0.000000 -0.000000 -1.000000
0.000000 -0.000000 -1.000000
0.000000 -0.000000 -1.000000
0.000000 -0.000000 -1.000000
0.000000 -0.000000 -1.000000
0.000000 -0.000000 -1.000000
0.000000 -0.000000 -1.000000
0.000000 -0.000000 -1.000000
0.000000 -0.000000 -1.000000
0.000000 -0.000000 -1.000000
0.000000 -0.000000 -1.000000
0.000000 -0.000000 -1.000000
0.000000 -0.000000 -1.000000
0.000000 -0.000000 -1.000000
0.000000 -0.000000 -1.000000
0.000000 -0.000000 -1.000000
0.000000 0.587785 0.809017
0.000000 0.587785 0.809017
0.000000 0.587785 0.809017
0.000000 0.587785 0.809017
0.000000 0.587785 0.809017
0.000000 0.587785 0.809017
0.000000 0.587785 0.809017
0.000000 0.587785 0.809017
0.000000 0.587785 0.809017
0.000000 0.587785 0.809017
0.000000 0.587785 0.809017
0.000000 0.587785 0.809017
0.000000 0.587785 0.809017
0.000000 0.587785 0.809017
0.000000 0.587785 0.809017
0.000000 0.587785 0.809017
0.000000 0.587785 0.809017
0.000000 0.587785 0.809017
0.000000 0.587785 0.809017
0.000000 0.587785 0.809017
0.000000 0.587785 0.809017
0.000000 0.587785 0.809017
0.000000 0.587785 0.809017
0.000000 0.587785 0.809017
0.000000 0.587785 0.809017
0.000000 0.587785 0.809017
0.000000 0.587785 0.809017
0.000000 0.951056 -0.309017
0.000000 0.951056 -0.309017
0.000000 0.951056 -0.309017
0.000000 0.951056 -0.309017
0.000000 0.951056 -0.309017
0.000000 0.951056 -0.309017
0.000000 0.951056 -0.309017
0.000000 0.951056 -0.309017
0.000000 0.951056 -0.309017
0.000000 0.951056 -0.309017
0.000000 0.951056 -0.309017
0.000000 0.951056 -0.309017
0.000000 0.951056 -0.309017
0.000000 0.951056 -0.309017
0.000000 0.951056 -0.309017
0.000000 0.951056 -0.309017
0.000000 0.951056 -0.309017
0.000000 0.951056 -0.309017
0.000000 0.951056 -0.309017
0.000000 0.951056 -0.309017
0.000000 0.951056 -0.309017
0.000000 0.951057 -0.309017
0.000000 0.951057 -0.309017
0.000000 0.951057 -0.309017
0.000000 0.951057 -0.309017
0.000000 0.951057 -0.309017
0.000000 0.951057 -0.309017
-1.000000 0.000000 0.000000
-1.000000 0.000000 0.000000
-1.000000 0.000000 0.000000
-1.000000 0.000000 0.000000
-1.000000 0.000000 0.000000
-1.000000 0.000000 0.000000
-1.000000 0.000000 0.000000
-1.000000 0.000000 0.000000
-1.000000 0.000000 0.000000
-1.000000 0.000000 0.000000
-1.000000 0.000000 0.000000
-1.000000 0.000000 0.000000
-1.000000 0.000000 0.000000
-1.000000 0.000000 0.000000
-1.000000 0.000000 0.000000
-1.000000 0.000000 0.000000
-1.000000 0.000000 0.000000
-1.000000 0.000000 0.000000
-1.000000 0.000000 0.000000
-1.000000 0.000000 0.000000
-1.000000 0.000000 0.000000
-1.000000 0.000000 0.000000
-1.000000 0.000000 0.000000
-1.000000 0.000000 0.000000
-1.000000 0.000000 0.000000
-1.000000 0.000000 0.000000
-1.000000 0.000000 0.000000
1.000000 0.000000 0.000000
1.000000 0.000000 0.000000
1.000000 0.000000 0.000000
1.000000 0.000000 0.000000
1.000000 0.000000 0.000000
1.000000 0.000000 0.000000
1.000000 0.000000 0.000000
1.000000 0.000000 0.000000
1.000000 0.000000 0.000000
1.000000 0.000000 0.000000
1.000000 0.000000 0.000000
1.000000 0.000000 0.000000
1.000000 0.000000 0.000000
1.000000 0.000000 0.000000
1.000000 0.000000 0.000000
1.000000 0.000000 0.000000
1.000000 0.000000 0.000000
1.000000 0.000000 0.000000
1.000000 0.000000 0.000000
1.000000 0.000000 0.000000
1.000000 0.000000 0.000000
1.000000 0.000000 0.000000
1.000000 0.000000 0.000000
1.000000 0.000000 0.000000
1.000000 0.000000 0.000000
1.000000 0.000000 0.000000
