0.585101 0.111991 0.803190
0.105924 0.585986 0.803368
0.556030 0.664917 0.498714
0.545654 0.819448 -0.175406
0.573191 0.381438 -0.725229
0.655959 -0.290558 -0.696631
0.721924 -0.673095 -0.160526
0.605509 -0.545487 0.579485
0.657219 0.566499 0.497134
0.812871 0.554300 -0.178862
0.377664 0.575472 -0.725398
-0.267261 0.633152 -0.726423
-0.663799 0.714094 -0.222354
-0.551300 0.613144 0.565793
0.065131 -0.056581 0.996271
0.079440 -0.095348 0.992269
-0.005765 -0.012750 0.999902
-0.024067 -0.099516 0.994745
0.010717 0.023430 0.999668
-0.092837 -0.043594 0.994727
-0.021963 0.017338 0.999608
-0.018941 0.013258 0.999733
-0.033474 0.010146 0.999388
-0.063364 0.054369 0.996508
1.000000 0.000000 0.000000
0.000000 1.000000 0.000000
-0.037601 0.128399 -0.991010
0.580975 0.515907 0.629530
-0.505255 0.239020 -0.829209
-0.437937 -0.129251 -0.889666
0.595501 -0.402691 0.695139
-0.488004 0.580979 0.651395
-0.730287 0.411420 0.545357
-0.936914 0.325092 0.128478
-0.837745 0.427474 -0.339779
0.338092 -0.748899 0.569951
0.090350 -0.793813 0.601414
0.250330 -0.943131 -0.218720
-0.041650 -0.974654 -0.219806
0.488734 -0.814367 -0.312963
0.778256 -0.200906 -0.594941
-0.850019 0.126845 0.511252
-0.833596 -0.196190 0.516360
-0.806443 -0.551786 0.212563
-0.953575 -0.069835 -0.292947
-0.397205 0.689777 0.605340
-0.233141 0.939883 0.249529
0.475977 -0.840662 0.258327
0.756988 -0.082776 0.648165
0.063088 -0.485868 -0.871753
-0.115165 -0.471615 -0.874252
-0.336133 -0.932755 -0.130317
-0.363129 -0.571451 -0.735922
0.094437 0.131561 -0.986800
-0.601094 -0.796567 0.064551
0.729170 -0.298193 0.615948
-0.708771 0.685777 -0.165390
-0.378047 0.318749 -0.869183
-0.365760 0.131042 -0.921438
0.390043 -0.169758 -0.905013
0.205248 0.023510 -0.978428
-0.532456 0.018269 -0.846261
0.371949 0.223946 -0.900834
-0.261813 -0.220166 -0.939671
-0.703145 -0.423902 -0.570872
0.358322 -0.612824 -0.704309
0.869591 -0.489076 -0.067947
-0.483650 0.875235 0.006839
0.364139 -0.236165 -0.900905
0.011209 0.001955 -0.999935
-0.369411 0.567663 -0.735727
-0.229206 0.802875 -0.550323
-0.866854 0.486645 0.108353
-0.443620 0.706875 -0.550935
-0.126933 0.144522 -0.981326
-0.041918 0.997396 0.058687
0.009086 0.449242 -0.893364
-0.907120 -0.330622 -0.260427
0.625809 -0.616835 -0.477365
0.527400 0.783976 -0.327460
-0.913465 0.191945 -0.358801
-0.147284 -0.849317 0.506920
0.953680 0.201016 -0.223799
0.873247 -0.485156 -0.045420
0.560249 -0.396640 0.727184
-0.019857 0.034990 -0.999190
0.287048 -0.377580 -0.880362
0.132046 -0.040245 -0.990426
-0.424810 -0.486796 0.763260
-0.315104 -0.653451 0.688267
0.225223 0.706936 0.670459
-0.126057 0.556529 0.821210
0.239490 -0.578996 -0.779364
0.951956 -0.209160 0.223676
-0.315933 0.692621 0.648431
0.650985 0.213183 0.728541
0.649208 -0.695530 0.307844
0.561028 -0.111886 0.820201
-0.060377 0.645665 0.761231
0.291462 -0.500906 0.814950
-0.632876 -0.597996 -0.491802
-0.509875 0.312498 0.801482
