4 3 24
5 4 24
3 2 24
6 5 24
2 0 24
7 6 24
0 7 24
10 25 9
11 25 10
9 25 8
12 25 11
8 25 1
13 25 12
1 25 13
53 79 76
36 37 35
53 76 50
78 86 68
50 76 49
42 43 19
68 86 74
76 79 75
40 93 66
59 83 82
59 82 60
60 62 29
16 36 35
44 61 29
68 74 28
66 93 55
1 13 14
23 7 0
66 96 78
22 32 21
79 82 27
29 77 44
20 42 19
29 61 60
82 95 27
30 96 66
43 100 54
5 65 26
36 38 37
62 79 53
56 70 57
13 101 14
38 49 37
28 87 68
62 82 79
23 99 7
64 100 43
41 80 44
53 63 62
56 57 34
32 56 34
54 88 43
32 34 33
4 71 3
33 80 41
37 39 35
74 85 73
66 68 40
6 65 5
57 70 69
52 63 53
28 73 72
73 85 76
28 72 12
15 96 30
31 56 32
38 50 49
42 77 43
65 69 26
35 96 15
20 48 21
31 32 22
23 31 22
15 30 14
18 27 19
57 58 34
72 101 13
41 44 42
15 45 16
28 74 73
60 82 62
16 35 15
41 42 20
17 36 16
3 71 46
21 41 20
31 67 56
26 71 4
38 51 50
52 53 50
57 59 58
51 52 50
30 66 55
51 54 52
59 60 58
30 55 14
5 26 4
11 28 12
18 89 17
65 83 59
17 89 81
9 40 10
46 71 67
3 46 2
57 69 59
66 78 68
43 88 19
34 80 33
12 72 13
51 89 54
76 85 49
11 87 28
73 75 45
47 65 6
62 63 29
7 47 6
67 94 46
17 81 36
67 70 56
72 73 45
46 91 2
59 69 65
44 77 42
14 97 1
17 90 18
37 92 39
78 96 39
68 87 40
63 64 29
0 91 23
48 84 21
58 80 34
36 81 38
19 95 20
18 90 27
47 83 65
43 77 64
73 76 75
49 92 37
21 84 22
38 81 51
40 87 10
16 98 17
70 71 26
69 70 26
60 61 58
82 83 48
54 89 88
7 99 47
20 95 48
15 101 45
27 95 19
9 93 40
52 100 63
10 87 11
39 96 35
64 77 29
19 88 18
22 99 23
31 94 67
23 94 31
81 89 51
46 94 91
83 84 48
67 71 70
63 100 64
45 98 16
2 91 0
47 84 83
8 93 9
48 95 82
14 101 15
74 86 85
1 97 8
44 80 61
79 90 75
55 97 14
45 101 72
61 80 58
27 90 79
54 100 52
8 97 93
39 86 78
75 98 45
84 99 22
47 99 84
17 98 90
88 89 18
93 97 55
39 92 86
86 92 85
85 92 49
91 94 23
90 98 75
32 41 21
33 41 32
