0.000000 100.000000 41.421356
100.000000 -0.000000 41.421356
0.000000 132.384521 25.825792
0.000000 140.382843 -9.217119
0.000000 117.972054 -37.319351
0.000000 82.027946 -37.319351
0.000000 59.617165 -9.217119
0.000000 67.615479 25.825792
132.384521 -0.000000 25.825792
140.382843 -0.000000 -9.217119
117.972054 -0.000000 -37.319351
82.027946 -0.000000 -37.319351
59.617165 -0.000000 -9.217119
67.615479 -0.000000 25.825792
90.963203 -41.541500 41.421356
65.486076 -75.574959 41.421356
28.173256 -95.949295 41.421356
-14.231484 -98.982147 41.421356
-54.064079 -84.125351 41.421356
-84.125351 -54.064079 41.421356
-98.982147 -14.231484 41.421356
-95.949295 28.173256 41.421356
-75.574959 65.486076 41.421356
-41.541500 90.963203 41.421356
0.000000 100.000000 0.000000
100.000000 -0.000000 0.000000
-30.890905 100.000000 -41.158104
-46.460842 -46.460842 23.229719
67.915962 -31.946030 -33.067112
-112.313286 -34.698181 -37.519211
108.261330 -74.605446 26.923197
-84.210335 101.642921 26.306889
-117.311836 65.703842 22.985807
-133.080963 46.212666 6.697085
-123.751076 63.354267 -13.883022
55.422363 -121.434578 24.383324
14.993883 -132.643616 24.377398
35.882187 -135.850769 -8.642741
-6.923029 -140.267532 -8.970760
72.296974 -119.049515 -13.137999
129.360794 -34.350784 -23.881348
-133.957230 20.214954 21.385267
-131.659271 -31.853111 21.412174
-115.940567 -79.052071 9.461793
-139.272690 -10.768467 -11.855866
31.489323 -57.668385 23.229719
-34.004898 136.238632 9.060353
-28.987261 52.555176 10.828972
-65.538147 4.687377 23.229721
14.542822 -118.161034 -36.779434
-25.848618 -115.514351 -37.124542
-47.011711 -132.961868 -5.693318
-68.796448 -107.331078 -30.987074
-47.450081 -77.673676 -40.436310
-85.082870 -112.829681 2.981013
122.989983 -51.253246 24.712307
-101.300247 97.806892 -7.080661
-93.265434 75.796249 -36.172493
-106.829941 37.445175 -39.260998
-69.383644 39.529659 -36.192169
-87.657394 1.835646 -39.545708
-120.633575 2.873960 -35.896664
-66.931320 -37.014301 -34.099037
-85.042564 -70.611649 -40.058933
-114.717850 -70.603081 -22.614365
-33.540707 59.481247 -26.645077
123.405663 -68.500999 -4.794020
-69.170517 123.350784 -0.085171
98.716980 -65.577965 -37.053600
-58.025761 79.642036 -41.395565
-68.595558 108.406715 -30.259144
-36.510235 129.191574 -23.293015
51.214188 -28.901201 4.336106
33.775070 -53.936378 -19.839029
58.865231 -66.460419 -39.873142
2.440018 -58.567699 1.816782
-0.155332 -78.077538 -35.144577
-131.870926 -45.987144 -11.952326
96.857101 -94.627174 -21.492569
-33.557762 -50.186642 -12.057339
-135.931839 28.292160 -14.380592
-22.177591 -133.059082 22.317997
-58.535088 -10.473772 -8.521858
-51.096794 28.718100 -1.713304
-59.739132 37.147915 28.921297
35.330990 -90.557953 -41.327023
71.140587 -95.586090 -36.726719
101.144028 -25.863646 -41.187160
-84.306091 -93.001289 32.621407
-55.358673 -118.214294 27.989025
-20.428806 -65.719810 27.269833
-26.936434 120.395386 34.197723
47.335049 -115.852661 -32.912331
137.968033 -26.613031 8.634886
-54.890656 118.671059 27.750849
-64.975258 -24.234520 27.859680
92.750969 -103.606621 13.791891
119.728287 -23.989651 35.028053
7.052809 -69.779594 28.702215
-39.798195 61.253109 31.452433
-97.692955 -93.568382 -21.714043
62.632999 -40.208618 32.585815
