0.610161 0.689909 0.389524
-0.610161 0.689909 0.389524
0.738795 0.234187 0.631932
-0.590051 0.280555 0.757053
-0.164817 0.927619 0.335199
-0.600974 0.799158 0.013282
-0.590199 0.463330 0.661053
-0.611436 -0.065668 0.788565
-0.503096 0.674370 0.540481
-0.505674 0.780351 -0.367895
-0.610167 0.119686 -0.783180
-0.590003 0.608493 -0.530691
-0.196385 0.973636 -0.116042
0.610166 0.119664 -0.783184
0.738761 0.507916 -0.443004
0.707878 -0.154939 0.689132
0.707864 -0.184399 0.681854
0.505674 0.067271 0.860098
0.505674 -0.747160 0.431329
0.610190 -0.711758 -0.347950
0.738824 -0.653069 0.166250
0.707864 -0.480151 0.518057
0.707878 -0.457449 0.538191
0.738795 -0.086311 0.668380
0.611422 0.423008 0.668750
0.503096 -0.347964 0.791085
0.505674 -0.862026 0.034701
0.610193 -0.468583 -0.638823
0.738801 -0.655565 -0.156229
0.707864 -0.665906 0.235579
0.832608 -0.513735 0.206978
0.738795 -0.387036 0.551710
0.610161 0.071341 0.789059
0.505674 -0.669632 0.543955
0.503096 -0.784120 -0.363388
0.611449 -0.125244 -0.781309
0.738824 -0.507807 -0.443025
0.707864 -0.699109 -0.100867
0.832608 -0.551077 -0.055473
0.738795 -0.599097 0.308650
0.610161 -0.303526 0.731830
0.505674 -0.845718 0.170454
0.503096 -0.525428 -0.686163
0.611443 0.252314 -0.749983
0.738867 -0.243624 -0.628270
0.707864 -0.572155 -0.414206
0.832608 -0.462174 -0.305219
0.825330 -0.564634 -0.004289
0.610161 -0.608857 0.506948
0.505674 -0.828060 -0.242095
0.503096 -0.146368 -0.851746
0.611441 0.571980 -0.546789
0.738883 0.076297 -0.669501
0.707864 -0.314128 -0.632654
0.832608 -0.267393 -0.485041
0.825297 -0.497960 -0.266309
0.611428 -0.775314 0.158256
0.503096 -0.616288 -0.605874
0.503096 0.266223 -0.822204
0.611449 0.760516 -0.218507
0.738824 0.378585 -0.557505
0.707864 0.015863 -0.706170
0.707878 -0.014483 -0.706186
0.738748 -0.378527 -0.557646
0.611428 -0.760046 -0.220193
0.503096 -0.264132 -0.822878
0.503096 0.617826 -0.604305
0.611449 0.774949 0.159951
0.738824 0.594306 -0.317709
0.832599 0.268348 -0.484530
0.707878 0.315359 -0.632027
0.738795 -0.076149 -0.669614
0.610162 -0.576641 -0.543312
0.505674 0.140518 -0.851204
0.505674 0.828673 -0.239989
0.610190 0.607806 0.508174
0.825353 0.564601 -0.004298
0.832599 0.462783 -0.304322
0.707878 0.572954 -0.413077
0.738753 0.243888 -0.628301
0.611428 -0.250556 -0.750585
0.503096 0.527172 -0.684824
0.505674 0.845282 0.172604
0.610182 0.301890 0.732489
0.738875 0.598956 0.308732
0.832599 0.551199 -0.054398
0.707878 0.699292 -0.099498
0.505674 0.780351 -0.367895
0.505674 0.668247 0.545655
0.610190 -0.072946 0.788890
0.738824 0.387028 0.551677
0.832599 0.513342 0.207989
0.707878 0.665431 0.236877
0.738694 0.655729 -0.156046
0.610176 0.470074 -0.637743
0.505674 0.861935 0.036892
0.503096 0.345951 0.791967
0.611442 -0.424486 0.667795
0.738875 0.086164 0.668311
0.707864 0.456404 0.539095
0.707878 0.479127 0.518986
0.738694 0.653137 0.166560
0.611435 0.714980 -0.339044
0.503096 0.743375 0.440781
0.503096 -0.061721 0.862024
0.611443 -0.686191 0.394056
0.738867 -0.234265 0.631819
0.707864 0.153596 0.689446
0.707878 0.183063 0.682200
0.738737 0.500969 0.450885
0.610123 0.791938 0.024166
0.505777 0.459499 0.730103
0.505727 -0.461244 0.729037
0.610158 -0.791963 0.022378
0.738875 -0.501062 0.450556
0.859214 0.021700 0.511155
0.958425 -0.012103 -0.285088
0.802187 0.026834 -0.596470
0.802187 -0.026834 0.596470
0.607333 -0.001222 0.794447
0.607333 0.001222 -0.794446
0.388393 0.000220 -0.921494
0.388393 -0.000220 0.921494
-0.138525 0.814809 -0.562936
-0.196625 0.972174 -0.127344
-0.164753 0.819905 -0.548282
-0.196599 0.797276 -0.570700
-0.164755 0.471321 -0.866436
-0.196589 0.441344 -0.875539
-0.196583 0.017730 -0.980327
-0.164750 -0.012247 -0.986259
-0.164749 -0.447348 -0.879055
-0.196571 -0.470602 -0.860171
-0.196591 -0.796566 -0.571695
-0.164745 -0.818547 -0.550309
-0.196631 -0.971863 -0.129689
-0.196381 -0.973367 -0.118288
-0.601053 -0.799104 0.012974
-0.138559 -0.813462 -0.564873
-0.360193 -0.872062 -0.331314
-0.310688 -0.786992 -0.533027
-0.204920 -0.957186 -0.204459
-0.785969 -0.198188 -0.585639
-0.785576 0.203261 -0.584427
-0.204457 0.957774 -0.202156
-0.310915 0.789554 -0.529090
-0.360206 0.873199 -0.328291
-0.607333 0.779593 -0.152911
-0.122334 0.982695 -0.139084
-0.388900 -0.002461 0.921277
-0.902679 -0.000899 0.430313
-0.388849 0.001171 -0.921301
-0.902704 0.000547 -0.430263
-0.123460 0.372483 0.919790
-0.610569 0.243715 0.753530
-0.203427 0.301273 0.931586
-0.484150 -0.067749 0.872358
-0.202860 0.654288 -0.728529
-0.786010 0.606249 0.121043
-0.785337 0.403082 0.469862
-0.203852 -0.303986 0.930611
-0.484160 0.064832 0.872575
-0.786076 -0.408793 0.463652
-0.785134 -0.609347 0.110727
-0.203617 -0.652911 -0.729553
-0.196681 -0.924388 0.326837
-0.164769 -0.917387 0.362287
-0.164765 -0.665433 0.728046
-0.196604 -0.637316 0.745100
-0.164757 -0.250371 0.954028
-0.196610 -0.217760 0.955994
-0.164754 0.221842 0.961063
-0.196604 0.251148 0.947772
-0.196609 0.635594 0.746569
-0.164764 0.663866 0.729476
-0.196622 0.909468 0.366344
-0.589935 0.782410 0.199528
-0.610176 0.712604 -0.346239
-0.505674 0.845282 0.172604
-0.503096 0.527172 -0.684824
-0.590142 0.717582 0.369877
-0.610182 0.301890 0.732489
-0.611429 -0.250533 -0.750592
-0.589993 0.292200 -0.752680
-0.590145 -0.280695 0.756927
-0.590142 -0.600299 0.539790
-0.610158 -0.791963 0.022378
-0.505727 -0.461244 0.729037
-0.505777 0.459499 0.730103
-0.610132 0.791925 0.024357
-0.589909 0.600026 0.540348
-0.590199 0.807237 -0.005791
-0.611435 0.611671 0.502001
-0.503096 0.827893 -0.247968
-0.505674 0.140518 -0.851204
-0.610166 -0.576571 -0.543381
-0.590011 -0.091112 -0.802238
-0.610182 -0.431333 0.664552
-0.505674 0.338124 0.793704
-0.590142 0.103230 0.800672
-0.503096 0.863067 0.044829
-0.611435 0.475522 -0.632476
-0.589935 0.785515 -0.186931
0.902685 0.000198 -0.430301
0.902685 -0.000198 0.430301
0.863261 -0.409856 0.294616
0.777289 0.368815 0.509703
0.679676 0.429999 0.594258
0.624966 -0.594764 0.505642
0.777289 -0.370110 0.508763
0.863261 0.409105 0.295657
0.776592 0.369019 -0.510617
0.847714 -0.200429 -0.491130
-0.551474 0.760942 -0.341824
-0.505674 -0.862026 0.034701
-0.503096 -0.347964 0.791085
-0.610181 -0.468395 -0.638971
-0.590151 -0.785235 -0.187426
-0.589935 -0.103764 0.800756
-0.611435 0.422753 0.668900
-0.503096 -0.525428 -0.686163
-0.503096 -0.848716 0.163019
-0.611452 0.252129 -0.750038
-0.611429 -0.310208 0.727960
-0.589993 -0.717834 0.369625
-0.503096 -0.784120 -0.363388
-0.503096 -0.675742 0.538764
-0.611441 -0.125077 -0.781342
-0.590151 -0.608191 -0.530873
-0.611435 0.063476 0.788745
-0.589935 -0.464008 0.660813
-0.610190 -0.711758 -0.347950
-0.590083 -0.782389 0.199171
-0.505674 -0.747160 0.431329
-0.505674 0.067271 0.860098
-0.610182 -0.690764 0.387973
-0.505674 -0.069458 0.859924
-0.505674 0.746061 0.433228
-0.125291 -0.622788 -0.772294
-0.094557 -0.682029 -0.725186
-0.653810 -0.443453 0.613092
-0.095822 0.696227 -0.711397
-0.125020 0.624382 -0.771049
-0.654054 0.751388 0.087347
-0.653785 0.441104 0.614811
-0.610903 -0.243201 0.753426
-0.123580 -0.375560 0.918522
-0.603870 -0.001085 0.797082
-0.447998 0.001324 -0.894034
-0.652195 -0.314359 -0.689797
-0.123664 -0.982547 -0.138953
-0.607061 -0.779341 -0.155257
-0.680615 -0.624232 -0.383533
-0.654114 -0.751481 0.086088
-0.652165 0.317866 -0.688217
-0.590057 0.711968 -0.380702
-0.610193 0.774357 0.167438
-0.505674 0.622225 -0.597603
-0.503096 -0.264132 -0.822878
-0.611427 -0.760059 -0.220155
-0.590011 -0.453494 -0.668004
-0.590149 0.453691 -0.667749
-0.590083 0.091211 -0.802173
0.894554 0.339793 0.290368
0.295112 0.560110 0.774071
0.839391 -0.319744 0.439529
0.719113 -0.341875 0.604977
0.719113 0.340335 0.605845
0.295112 -0.562076 0.772644
0.524686 -0.496883 -0.691239
0.624241 0.297022 -0.722565
0.746680 0.657229 -0.102568
0.746680 0.302937 -0.592198
0.862306 -0.409495 -0.297896
0.966372 -0.183964 0.179674
0.593679 0.763042 -0.255563
0.489438 0.397142 -0.776356
0.391698 -0.744043 -0.541270
0.627409 -0.000990 0.778689
-0.590057 -0.292108 -0.752666
-0.589993 -0.807384 -0.006308
-0.610190 0.577732 -0.542120
-0.505674 -0.138353 -0.851559
-0.503096 -0.827260 -0.250072
-0.611429 -0.612975 0.500416
-0.611441 0.760568 -0.218348
-0.503096 0.266223 -0.822204
-0.503096 -0.616288 -0.605874
-0.611429 -0.775318 0.158233
-0.589993 -0.711971 -0.380795
0.000000 0.881332 0.472498
0.000000 0.839852 0.542815
0.000000 0.872926 0.487853
0.000000 0.841386 0.540434
0.000000 0.840539 0.541752
0.000000 0.874114 0.485721
0.000000 0.878813 0.477166
0.000000 0.882176 0.470920
0.849506 0.410131 0.331862
0.000000 0.216390 0.976307
0.000000 0.283298 0.959032
0.000000 0.187861 0.982196
0.000000 0.285901 0.958259
0.000000 0.284579 0.958652
0.000000 0.189769 0.981829
0.000000 0.197062 0.980391
0.000000 0.166791 0.985992
-0.849506 0.410131 0.331862
-0.919748 0.386684 0.067376
-0.558196 0.715027 0.420896
-0.849589 0.039245 0.525984
-0.898206 0.093598 0.429495
-0.832127 0.550457 0.067548
-0.898062 0.186897 -0.398187
-0.937056 0.109220 -0.331657
-0.558239 0.795116 -0.236981
-0.894509 0.446362 -0.024776
0.000000 0.130080 -0.991503
0.000000 0.134300 -0.990941
0.000000 0.136451 -0.990647
0.000000 0.138260 -0.990396
0.000000 0.138150 -0.990411
0.000000 0.138091 -0.990420
0.000000 0.136595 -0.990627
0.000000 0.130643 -0.991430
0.906487 0.132048 -0.401053
0.000000 0.836485 -0.547990
0.000000 0.846680 -0.532102
0.000000 0.847438 -0.530895
0.000000 0.848216 -0.529650
0.000000 0.848203 -0.529671
0.000000 0.848202 -0.529673
0.000000 0.847696 -0.530483
0.000000 0.863805 -0.503826
0.554772 -0.200138 0.807572
0.802642 -0.043394 0.594881
0.837270 0.380427 0.392752
0.832127 -0.258353 0.490733
0.837270 -0.539105 -0.091348
0.849577 -0.505854 -0.149435
0.710317 -0.548963 0.440557
0.554771 -0.552511 0.622061
0.710356 -0.371570 0.597771
0.849506 0.208929 0.484446
0.837476 0.143764 0.527224
0.832127 -0.456815 0.314460
0.837270 -0.434902 -0.331420
0.906537 -0.302936 -0.293974
0.710317 -0.690819 0.134976
0.554772 -0.778310 0.294043
0.558239 -0.715295 0.420382
0.906490 -0.032121 0.421003
0.837270 -0.107121 0.536194
0.832127 -0.550627 0.066148
0.837476 -0.240759 -0.490579
0.906539 -0.131547 -0.401102
0.710317 -0.674417 -0.201524
0.554772 -0.825808 -0.101337
0.558239 -0.828724 0.039819
0.849506 -0.280008 0.447141
0.837270 -0.344033 0.424995
0.832127 -0.518296 -0.197318
0.837476 0.014802 -0.546273
0.906542 0.070058 -0.416261
0.710317 -0.503514 -0.491858
0.554772 -0.684124 -0.473501
0.558239 -0.752302 -0.349872
0.906490 -0.364727 0.212720
0.837270 -0.502131 0.216434
0.832127 -0.367230 -0.415581
0.837476 0.266972 -0.476822
0.906543 0.255518 -0.335990
0.710317 -0.217263 -0.669512
0.707172 -0.327782 -0.626471
0.558239 -0.503537 -0.659409
0.849501 -0.527068 0.023394
0.837476 -0.543942 -0.052535
0.832127 -0.132036 -0.538639
0.837476 0.457982 -0.298136
0.906539 0.382322 -0.178936
0.558196 0.139993 -0.817814
0.554772 0.001058 -0.832002
0.558239 -0.139420 -0.817882
0.906486 -0.382196 -0.179468
0.837476 -0.457223 -0.299300
0.832127 0.133406 -0.538301
0.837476 0.544074 -0.051152
0.849577 0.526917 0.024034
0.558196 0.504013 -0.659081
0.554772 0.387587 -0.736210
0.710356 0.217716 -0.669323
0.906490 -0.255132 -0.336427
0.837270 -0.275381 -0.472381
0.832127 0.368286 -0.414646
0.837270 0.501579 0.217710
0.906539 0.364445 0.212997
0.558196 0.752572 -0.349361
0.554772 0.685325 -0.471761
0.710356 0.503828 -0.491478
0.906487 -0.069431 -0.416487
0.837476 -0.013413 -0.546309
0.832127 0.518796 -0.195999
0.898062 0.275889 0.342592
0.849583 0.279363 0.447399
0.558196 0.828725 0.040394
0.554772 0.826063 -0.099237
0.710356 0.674519 -0.201044
0.837270 0.232328 -0.494977
0.832127 0.550457 0.067548
0.898062 0.085077 0.431562
0.906539 0.031735 0.420928
0.710317 0.606592 0.357067
0.554772 0.777561 0.296021
0.710356 0.690686 0.135451
0.906482 0.303462 -0.293601
0.837270 0.435743 -0.330313
0.832127 0.456014 0.315621
0.898206 -0.116719 0.423796
0.849583 -0.209506 0.484063
0.710317 0.371173 0.598064
0.554772 0.550928 0.623464
0.710356 0.548625 0.440914
0.849494 0.506233 -0.148622
0.837476 0.540709 -0.079166
0.832127 0.257104 0.491389
0.898206 -0.300298 0.321011
0.906542 -0.328471 0.265119
0.802610 0.042987 0.594953
0.554772 0.198084 0.808079
0.710356 0.280883 0.645368
0.849499 0.517342 0.103486
0.837260 0.519569 0.170422
0.832127 -0.000705 0.554585
0.898059 -0.418242 0.136250
0.906543 -0.414058 0.082076
0.710317 -0.281345 0.645209
0.895783 -0.068139 0.439238
0.859216 -0.175563 0.480548
0.895783 -0.231057 0.379716
0.859214 -0.346099 0.376784
0.859215 -0.412949 0.302032
0.895784 -0.403072 0.187362
0.859215 -0.497102 0.120992
0.859214 -0.511156 0.021698
0.920226 -0.386762 -0.059999
0.859216 -0.480548 -0.175562
0.937204 -0.297956 -0.181305
0.859214 -0.376786 -0.346097
0.859215 -0.302034 -0.412948
0.802188 -0.251681 -0.541434
0.859215 -0.120994 -0.497101
0.859215 0.078429 -0.505568
0.895784 0.152530 -0.417500
0.802187 0.310373 -0.510063
0.859214 0.346099 -0.376784
0.937203 0.281520 -0.205904
0.859215 0.463941 -0.215656
0.859215 0.497102 -0.120992
0.859214 0.511156 -0.021698
0.895783 0.439238 0.068139
0.920226 0.367622 0.134306
0.859215 0.437059 0.265948
0.859214 0.376786 0.346097
0.895783 0.262407 0.358769
0.859216 0.215658 0.463940
0.895783 0.105120 0.431882
0.709796 0.168335 -0.683997
0.709797 0.298561 -0.638005
0.709796 0.417293 -0.567500
0.709795 0.519977 -0.475200
0.709796 0.602691 -0.364627
0.709797 0.662252 -0.240023
0.802187 0.590246 -0.090029
0.557627 0.829253 0.037309
0.802187 0.579773 0.142684
0.709797 0.638006 0.298558
0.709796 0.567502 0.417290
0.709795 0.475203 0.519974
0.709796 0.364630 0.602689
0.709797 0.240026 0.662250
0.709796 0.106216 0.696353
0.709796 -0.168335 0.683997
0.709797 -0.298561 0.638005
0.709796 -0.417293 0.567500
0.709795 -0.519977 0.475200
0.709796 -0.602691 0.364627
0.709797 -0.662252 0.240023
0.802187 -0.590246 0.090029
0.557627 -0.829253 -0.037309
0.802187 -0.579773 -0.142684
0.709797 -0.638006 -0.298558
0.709796 -0.567502 -0.417290
0.709795 -0.475203 -0.519974
0.709796 -0.364630 -0.602689
0.709797 -0.240026 -0.662250
0.709796 -0.106216 -0.696353
0.713503 0.245998 0.656048
0.714346 0.448102 0.537507
0.714509 0.606537 0.348697
0.714062 0.689712 0.120057
0.714289 0.689330 -0.120898
0.714208 0.606697 -0.349036
0.714403 0.449967 -0.535871
0.713489 0.247937 -0.655332
0.713503 -0.245998 -0.656048
0.714346 -0.448102 -0.537507
0.714509 -0.606537 -0.348697
0.714062 -0.689712 -0.120057
0.714289 -0.689330 0.120898
0.714208 -0.606697 0.349036
0.714403 -0.449967 0.535871
0.713489 -0.247937 0.655332
0.000000 -0.000961 -1.000000
0.000000 -0.001867 -0.999998
0.000000 0.001223 -0.999999
0.000000 0.003090 -0.999995
0.442673 -0.311888 0.840694
0.389571 -0.584529 0.711731
0.389895 -0.793108 0.467934
0.389479 -0.907033 0.159989
0.389274 -0.906205 -0.165102
0.389715 -0.793848 -0.466828
0.389400 -0.591291 -0.706217
0.443083 -0.316755 -0.838656
0.000000 0.000961 1.000000
0.000000 0.001867 0.999998
0.000000 -0.001223 0.999999
0.000000 -0.003090 0.999995
0.000000 0.999983 0.005765
0.000000 0.999999 0.001033
0.000000 0.999999 0.001379
0.000000 0.999963 0.008566
0.000000 0.984641 -0.174592
0.000000 0.981190 -0.193045
0.000000 0.981190 -0.193046
0.000000 0.981190 -0.193046
0.000000 0.981190 -0.193047
0.000000 0.981189 -0.193047
0.000000 0.981189 -0.193048
0.000000 0.980551 -0.196263
0.000000 0.998688 -0.051218
0.000000 0.998955 -0.045707
0.000000 0.998955 -0.045707
0.000000 0.998955 -0.045707
0.000000 0.998955 -0.045707
0.000000 0.998955 -0.045707
0.000000 0.998955 -0.045707
0.000000 0.997929 -0.064333
-0.895072 0.427382 -0.127245
-0.895027 0.404736 -0.187392
0.000000 0.790720 -0.612178
0.000000 0.770550 -0.637380
0.000000 0.765282 -0.643695
0.000000 0.785086 -0.619387
0.000000 0.770550 -0.637380
0.000000 0.779089 -0.626914
0.000000 0.785086 -0.619387
0.000000 0.792330 -0.610093
0.000000 0.848976 -0.528431
0.000000 0.869941 -0.493156
0.000000 0.863290 -0.504709
0.000000 0.858457 -0.512885
0.000000 0.869941 -0.493156
0.000000 0.873960 -0.485997
0.000000 0.858457 -0.512885
0.000000 0.853725 -0.520724
-0.895038 0.318833 -0.311853
-0.895030 0.271571 -0.353795
0.000000 0.406833 -0.913503
0.000000 0.398507 -0.917165
0.000000 0.407315 -0.913288
0.000000 0.398507 -0.917165
0.000000 0.398507 -0.917165
0.000000 0.398507 -0.917165
0.000000 0.398507 -0.917165
0.000000 0.395499 -0.918467
0.000000 0.525167 -0.850999
0.000000 0.529855 -0.848088
0.000000 0.529855 -0.848088
0.000000 0.529855 -0.848088
0.000000 0.529855 -0.848088
0.000000 0.541113 -0.840950
0.000000 0.529855 -0.848088
0.000000 0.508104 -0.861296
-0.895009 0.139410 -0.423703
-0.832776 0.094936 -0.545410
0.000000 -0.047741 -0.998860
0.000000 -0.073368 -0.997305
0.000000 -0.073369 -0.997305
0.000000 -0.073369 -0.997305
0.000000 -0.073370 -0.997305
0.000000 -0.073370 -0.997305
0.000000 -0.073371 -0.997305
0.000000 -0.076640 -0.997059
0.000000 0.047385 -0.998877
0.000000 0.075039 -0.997181
0.000000 0.075038 -0.997181
0.000000 0.075038 -0.997181
0.000000 0.075038 -0.997181
0.000000 0.075038 -0.997181
0.000000 0.075038 -0.997181
0.000000 0.092438 -0.995718
-0.895049 -0.075391 -0.439549
-0.895046 -0.137685 -0.424188
0.000000 -0.543386 -0.839483
0.000000 -0.528434 -0.848974
0.000000 -0.520240 -0.854020
0.000000 -0.528434 -0.848974
0.000000 -0.528434 -0.848974
0.000000 -0.528434 -0.848974
0.000000 -0.528434 -0.848974
0.000000 -0.510140 -0.860092
0.000000 -0.422245 -0.906482
0.000000 -0.396971 -0.917831
0.000000 -0.396971 -0.917831
0.000000 -0.396971 -0.917831
0.000000 -0.396971 -0.917831
0.000000 -0.384701 -0.923041
0.000000 -0.396971 -0.917831
0.000000 -0.400216 -0.916421
-0.895018 -0.268607 -0.356081
-0.895105 -0.317278 -0.313242
0.000000 -0.852790 -0.522255
0.000000 -0.857532 -0.514430
0.000000 -0.869201 -0.494459
0.000000 -0.857532 -0.514430
0.000000 -0.862443 -0.506154
0.000000 -0.862443 -0.506154
0.000000 -0.862443 -0.506154
0.000000 -0.864098 -0.503324
0.000000 -0.781492 -0.623916
0.000000 -0.778037 -0.628218
0.000000 -0.796537 -0.604589
0.000000 -0.778037 -0.628218
0.000000 -0.769594 -0.638534
0.000000 -0.783969 -0.620800
0.000000 -0.769594 -0.638534
0.000000 -0.774600 -0.632451
-0.895036 -0.404147 -0.188614
-0.895068 -0.427059 -0.128353
0.000000 -0.997811 -0.066122
0.000000 -0.998877 -0.047379
0.000000 -0.998877 -0.047378
0.000000 -0.998877 -0.047378
0.000000 -0.998877 -0.047377
0.000000 -0.998877 -0.047377
0.000000 -0.998877 -0.047376
0.000000 -0.998599 -0.052920
0.000000 -0.980239 -0.197815
0.000000 -0.980865 -0.194687
0.000000 -0.980866 -0.194686
0.000000 -0.980866 -0.194685
0.000000 -0.980866 -0.194685
0.000000 -0.980866 -0.194684
0.000000 -0.980866 -0.194683
0.000000 -0.984327 -0.176351
-0.894509 -0.446298 -0.025911
0.000000 -0.999999 -0.001568
0.000000 -0.999970 0.007739
0.000000 -0.999997 -0.002342
0.000000 -0.999985 0.005460
-0.187471 -0.548239 -0.815039
-0.708934 -0.455546 -0.538414
-0.708822 -0.542152 -0.451267
-0.708808 -0.610869 -0.352748
-0.708915 -0.662425 -0.242143
-0.708608 -0.693619 -0.129494
-0.133089 -0.855539 -0.500341
-0.253078 -0.881454 -0.398735
-0.362384 -0.804907 -0.469897
-0.530580 -0.616066 -0.582191
-0.708012 0.002248 -0.706197
-0.530439 0.617681 -0.580607
-0.364469 0.802862 -0.471779
-0.254724 0.880694 -0.399366
-0.132582 0.856705 -0.498477
-0.708606 0.694153 -0.126609
-0.708937 0.663276 -0.239735
-0.708867 0.611180 -0.352088
-0.708809 0.541977 -0.451498
-0.708862 0.456881 -0.537378
-0.187459 0.550614 -0.813439
-0.090503 0.970171 -0.224893
-0.843012 0.465281 0.269895
-0.763698 0.558447 0.323886
-0.180732 0.876127 0.446919
-0.218971 0.868845 0.444028
0.442673 0.311888 -0.840694
0.389571 0.584529 -0.711731
0.389895 0.793108 -0.467934
0.389479 0.907033 -0.159989
0.389274 0.906205 0.165102
0.389715 0.793848 0.466828
0.390589 0.578234 0.716300
0.388642 0.308447 0.868227
-0.443129 0.323568 -0.836026
-0.389091 0.594075 -0.704048
-0.389737 0.793551 -0.467315
-0.389403 0.906555 -0.162859
-0.389442 0.906361 0.163841
-0.389743 0.792711 0.468732
-0.390266 0.580193 0.714891
-0.388825 0.314227 0.866070
-0.903138 0.159509 -0.398622
-0.903703 0.302109 -0.303401
-0.927059 0.349783 -0.134955
-0.926885 0.375346 0.000477
-0.927059 0.349439 0.135844
-0.927356 0.274866 0.253890
-0.903977 0.164992 0.394465
-0.903138 -0.159509 0.398622
-0.903703 -0.302109 0.303401
-0.927059 -0.349783 0.134954
-0.926885 -0.375346 -0.000477
-0.927059 -0.349439 -0.135844
-0.927356 -0.274866 -0.253890
-0.903947 -0.165338 -0.394389
-0.443021 -0.323620 0.836064
-0.389097 -0.592490 0.705379
-0.389901 -0.793856 0.466659
-0.389343 -0.906991 0.160558
-0.389426 -0.906167 -0.164948
-0.389736 -0.792280 -0.469465
-0.390285 -0.579113 -0.715755
-0.388726 -0.313875 -0.866242
-0.090924 0.286722 0.953689
-0.185772 0.820812 0.540145
-0.218561 0.816603 0.534220
-0.132193 -0.006222 0.991204
-0.678783 0.635053 0.368729
-0.775134 0.545968 0.317939
-0.132173 0.861224 -0.490737
-0.252912 0.785456 -0.564885
-0.362796 0.809767 -0.461147
-0.530346 0.812105 -0.243349
-0.708023 0.609579 0.356534
-0.529166 0.190374 0.826886
-0.362714 0.002198 0.931898
-0.253907 -0.097047 0.962348
-0.132226 0.003195 0.991214
-0.601808 -0.272243 0.750807
-0.708510 -0.123887 0.694742
-0.601783 -0.003491 0.798652
-0.708547 0.118550 0.695635
-0.601846 0.270339 0.751464
-0.253326 0.094239 0.962780
-0.362583 -0.005370 0.931936
-0.530706 -0.196722 0.824410
-0.708008 -0.613353 0.350033
-0.626842 -0.682001 -0.376753
-0.364200 -0.809344 -0.460782
-0.253305 -0.783413 -0.567539
-0.132252 -0.860188 -0.492530
-0.919729 -0.386659 0.067775
0.000000 -0.904127 0.427264
0.000000 -0.910501 0.413506
0.000000 -0.900694 0.434454
0.000000 -0.906480 0.422249
0.000000 -0.906480 0.422249
0.000000 -0.906480 0.422249
0.000000 -0.906480 0.422249
0.000000 -0.917919 0.396768
0.000000 -0.952738 0.303795
0.000000 -0.958989 0.283443
0.000000 -0.958989 0.283443
0.000000 -0.958989 0.283443
0.000000 -0.958989 0.283443
0.000000 -0.956254 0.292539
0.000000 -0.962682 0.270634
0.000000 -0.960520 0.278211
-0.895033 -0.383516 0.227662
-0.895001 -0.348402 0.278549
0.000000 -0.602006 0.798492
0.000000 -0.595624 0.803263
0.000000 -0.606420 0.795145
0.000000 -0.606420 0.795145
0.000000 -0.606420 0.795145
0.000000 -0.614043 0.789272
0.000000 -0.606420 0.795145
0.000000 -0.623302 0.781982
0.000000 -0.697845 0.716249
0.000000 -0.717419 0.696642
0.000000 -0.726642 0.687017
0.000000 -0.717419 0.696642
0.000000 -0.717419 0.696642
0.000000 -0.717419 0.696642
0.000000 -0.724696 0.689069
0.000000 -0.704300 0.709903
-0.895043 -0.234416 0.379403
-0.895017 -0.178753 0.408646
0.000000 -0.185913 0.982566
0.000000 -0.167434 0.985883
0.000000 -0.167434 0.985883
0.000000 -0.167433 0.985883
0.000000 -0.167432 0.985884
0.000000 -0.167432 0.985884
0.000000 -0.167431 0.985884
0.000000 -0.164198 0.986427
0.000000 -0.306250 0.951951
0.000000 -0.311498 0.950247
0.000000 -0.311498 0.950247
0.000000 -0.311498 0.950247
0.000000 -0.311498 0.950247
0.000000 -0.311498 0.950247
0.000000 -0.311498 0.950247
0.000000 -0.293718 0.955892
-0.895038 -0.031001 0.444910
-0.895021 0.031808 0.444889
0.000000 0.292004 0.956417
0.000000 0.309907 0.950767
0.000000 0.309907 0.950767
0.000000 0.309908 0.950767
0.000000 0.309908 0.950767
0.000000 0.309909 0.950766
0.000000 0.309909 0.950766
0.000000 0.313024 0.949745
0.000000 0.171223 0.985232
0.000000 0.165784 0.986162
0.000000 0.165784 0.986162
0.000000 0.165784 0.986162
0.000000 0.165784 0.986162
0.000000 0.165784 0.986162
0.000000 0.195301 0.980743
0.000000 0.160405 0.987051
-0.895022 0.178371 0.408802
-0.895030 0.233846 0.379785
0.000000 0.713754 0.700396
0.000000 0.725612 0.688104
0.000000 0.694799 0.719204
0.000000 0.716252 0.697842
0.000000 0.716252 0.697842
0.000000 0.709503 0.704703
0.000000 0.716252 0.697842
0.000000 0.718535 0.695490
0.000000 0.626910 0.779092
0.000000 0.605086 0.796160
0.000000 0.594419 0.804155
0.000000 0.605086 0.796160
0.000000 0.605086 0.796160
0.000000 0.605086 0.796160
0.000000 0.612621 0.790377
0.000000 0.591093 0.806604
-0.895004 0.347983 0.279062
-0.895026 0.383122 0.228355
0.000000 0.957488 0.288472
0.000000 0.958513 0.285050
0.000000 0.958513 0.285050
0.000000 0.952296 0.305176
0.000000 0.958513 0.285050
0.000000 0.958513 0.285050
0.000000 0.964481 0.264154
0.000000 0.950178 0.311708
0.000000 0.904415 0.426654
0.000000 0.905771 0.423767
0.000000 0.905771 0.423767
0.000000 0.905771 0.423767
0.000000 0.909755 0.415145
0.000000 0.905771 0.423767
0.000000 0.905771 0.423767
0.000000 0.909601 0.415482
-0.558239 0.646709 0.519747
0.000000 0.924554 0.381052
0.000000 0.950048 0.312102
0.000000 0.950866 0.309603
0.000000 0.950866 0.309603
0.000000 0.950866 0.309603
0.000000 0.931824 0.362909
0.000000 0.950048 0.312102
0.000000 0.924553 0.381053
0.000000 0.895338 -0.445386
0.000000 0.924251 -0.381785
0.000000 0.923023 -0.384745
0.000000 0.923023 -0.384745
0.000000 0.923023 -0.384745
0.000000 0.923023 -0.384745
0.000000 0.924061 -0.382246
0.000000 0.892273 -0.451497
-0.849494 0.506233 -0.148622
0.000000 0.994438 0.105327
0.000000 0.994700 0.102816
0.000000 0.994721 0.102616
0.000000 0.994714 0.102686
0.000000 0.994716 0.102665
0.000000 0.994725 0.102573
0.000000 0.994703 0.102791
0.000000 0.994438 0.105324
0.000000 0.680194 -0.733032
0.000000 0.678436 -0.734660
0.000000 0.678239 -0.734842
0.000000 0.678227 -0.734852
0.000000 0.678222 -0.734857
0.000000 0.678219 -0.734860
0.000000 0.678419 -0.734675
0.000000 0.680192 -0.733034
-0.832127 0.518796 -0.195999
-0.558196 0.828725 0.040394
-0.849583 0.279363 0.447399
-0.898062 0.275889 0.342592
-0.837476 -0.013413 -0.546309
-0.849500 -0.086722 -0.520413
-0.558239 0.593909 -0.579345
0.000000 0.362462 0.931998
0.000000 0.368052 0.929805
0.000000 0.368165 0.929761
0.000000 0.367592 0.929987
0.000000 0.368102 0.929785
0.000000 0.368441 0.929651
0.000000 0.367815 0.929899
0.000000 0.362458 0.932000
0.000000 0.943520 0.331315
0.000000 0.950002 0.312244
0.000000 0.949961 0.312368
0.000000 0.949839 0.312739
0.000000 0.949981 0.312308
0.000000 0.950048 0.312103
0.000000 0.949947 0.312410
0.000000 0.959268 0.282499
0.000000 -0.108196 0.994130
0.000000 -0.035830 0.999358
0.000000 -0.042393 0.999101
0.000000 -0.042473 0.999098
0.000000 -0.042443 0.999099
0.000000 -0.042362 0.999102
0.000000 -0.040560 0.999177
0.000000 -0.107443 0.994211
0.000000 0.683846 0.729627
0.000000 0.625763 0.780013
0.000000 0.621187 0.783662
0.000000 0.621188 0.783662
0.000000 0.621188 0.783662
0.000000 0.621188 0.783661
0.000000 0.622248 0.782820
0.000000 0.717182 0.696886
0.000000 -0.214668 0.976687
0.000000 -0.194912 0.980821
0.000000 -0.195129 0.980778
0.000000 -0.192527 0.981292
0.000000 -0.286464 0.958091
0.000000 -0.286464 0.958091
0.000000 -0.145574 0.989347
0.000000 -0.215353 0.976536
-0.558196 0.059792 0.827552
-0.558196 -0.331639 0.760548
-0.849583 -0.517389 0.102559
-0.898059 -0.418242 0.136250
-0.832127 -0.000705 0.554585
-0.837260 0.519569 0.170422
-0.849491 0.517302 0.103750
-0.558239 0.331094 0.760753
0.000000 -0.999966 0.008213
0.000000 -0.999903 0.013947
0.000000 -0.999895 0.014465
0.000000 -0.999839 0.017958
0.000000 -0.995637 0.093308
0.000000 -0.999795 0.020259
0.000000 -0.999898 0.014249
0.000000 -0.999966 0.008249
0.000000 -0.644362 0.764721
0.000000 -0.628829 0.777544
0.000000 -0.628625 0.777709
0.000000 -0.626510 0.779414
0.000000 -0.693717 0.720247
0.000000 -0.625261 0.780416
0.000000 -0.628829 0.777544
0.000000 -0.604302 0.796755
0.000000 0.980151 -0.198251
0.000000 0.997412 -0.071895
0.000000 0.997308 -0.073321
0.000000 0.985343 -0.170585
0.000000 0.986016 -0.166651
0.000000 0.994656 -0.103248
0.000000 0.997209 -0.074656
0.000000 0.980932 -0.194352
-0.558196 0.752572 -0.349361
-0.849589 0.455169 0.266497
-0.898206 0.406637 0.166951
-0.832127 0.368286 -0.414646
-0.837270 -0.275381 -0.472381
-0.849502 -0.318687 -0.420459
-0.558239 0.256646 -0.788988
0.000000 0.756690 0.653774
0.000000 0.802101 0.597188
0.000000 0.803211 0.595694
0.000000 0.762640 0.646823
0.000000 0.759365 0.650665
0.000000 0.761825 0.647783
0.000000 0.804190 0.594373
0.000000 0.757164 0.653225
0.000000 0.927551 -0.373696
0.000000 0.928451 -0.371454
0.000000 0.928549 -0.371211
0.000000 0.928535 -0.371245
0.000000 0.928510 -0.371307
0.000000 0.928462 -0.371428
0.000000 0.928535 -0.371245
0.000000 0.929478 -0.368878
0.000000 -0.338664 -0.940907
0.000000 -0.339009 -0.940783
0.000000 -0.338198 -0.941075
0.000000 -0.338218 -0.941068
0.000000 -0.338236 -0.941061
0.000000 -0.338310 -0.941035
0.000000 -0.338502 -0.940966
0.000000 -0.338044 -0.941130
0.000000 -0.555471 0.831536
0.000000 -0.556806 0.830643
0.000000 -0.558098 0.829775
0.000000 -0.557487 0.830186
0.000000 -0.555993 0.831187
0.000000 -0.556133 0.831093
0.000000 -0.556785 0.830657
0.000000 -0.561130 0.827728
0.000000 0.478215 0.878243
0.000000 0.480381 0.877060
0.000000 0.480575 0.876954
0.000000 0.480576 0.876953
0.000000 0.480570 0.876957
0.000000 0.480560 0.876962
0.000000 0.480737 0.876865
0.000000 0.482784 0.875739
-0.898062 -0.125225 0.421666
-0.558196 0.437525 0.704974
-0.849583 -0.209506 0.484063
-0.832127 0.456014 0.315621
-0.837477 0.441984 -0.321378
-0.849494 0.379179 -0.366857
-0.558239 0.814171 0.159673
0.000000 0.312433 0.949940
0.000000 0.281771 0.959482
0.000000 0.280797 0.959767
0.000000 0.281343 0.959607
0.000000 0.282690 0.959211
0.000000 0.282565 0.959248
0.000000 0.282190 0.959359
0.000000 0.263313 0.964710
0.903134 -0.158542 -0.399015
0.927055 -0.263833 -0.266384
0.927060 -0.349413 -0.135910
0.926888 -0.375337 -0.000477
0.927060 -0.349757 0.135021
0.904090 -0.298312 0.305992
0.902843 -0.155269 0.400956
0.903941 0.165367 0.394392
0.927354 0.274824 0.253944
0.927060 0.349413 0.135910
0.926888 0.375337 0.000477
0.927060 0.349757 -0.135021
0.904090 0.298312 -0.305992
0.902843 0.155269 -0.400956
0.832050 0.526457 -0.174742
0.707107 0.671104 -0.222754
0.707107 -0.670536 -0.224459
0.707107 -0.670536 -0.224459
-0.713256 0.654944 -0.249628
-0.713410 0.543465 -0.442371
-0.760016 -0.005347 -0.649882
-0.775804 -0.004439 -0.630959
0.000000 -0.990748 0.135715
0.000000 -0.990405 0.138195
0.000000 -0.990373 0.138427
0.000000 -0.990378 0.138387
0.000000 -0.990381 0.138365
0.000000 -0.990376 0.138405
0.000000 -0.990405 0.138195
0.000000 -0.990748 0.135715
0.000000 -0.485000 0.874514
0.000000 -0.482886 0.875683
0.000000 -0.482646 0.875816
0.000000 -0.482646 0.875816
0.000000 -0.482646 0.875816
0.000000 -0.482646 0.875816
0.000000 -0.482886 0.875683
0.000000 -0.485000 0.874514
-0.832127 -0.456815 0.314460
0.000000 -0.579753 -0.814793
0.000000 -0.640029 -0.768350
0.000000 -0.636648 -0.771154
0.000000 -0.636611 -0.771185
0.000000 -0.638958 -0.769241
0.000000 -0.581935 -0.813235
0.000000 -0.578030 -0.816016
0.000000 -0.574460 -0.818533
-0.898062 -0.349860 -0.266612
-0.849584 -0.378291 -0.367564
0.000000 -0.995345 -0.096379
0.000000 -0.996989 -0.077544
0.000000 -0.997261 -0.073969
0.000000 -0.986172 -0.165728
0.000000 -0.985737 -0.168294
0.000000 -0.985737 -0.168294
0.000000 -0.986406 -0.164325
0.000000 -0.999166 -0.040820
-0.558239 -0.438005 0.704642
0.000000 -0.311611 0.950210
0.000000 -0.187741 0.982219
0.000000 -0.189581 0.981865
0.000000 -0.192731 0.981252
0.000000 -0.189581 0.981865
0.000000 -0.189581 0.981865
0.000000 -0.195311 0.980741
0.000000 -0.266832 0.963743
0.000000 0.555169 0.831738
0.000000 0.498478 0.866903
0.000000 0.496855 0.867834
0.000000 0.493548 0.869719
0.000000 0.496855 0.867834
0.000000 0.496855 0.867834
0.000000 0.490607 0.871381
0.000000 0.550085 0.835108
-0.849494 0.208558 0.484627
0.000000 -0.678326 -0.734761
0.000000 -0.676549 -0.736398
0.000000 -0.676354 -0.736577
0.000000 -0.676359 -0.736572
0.000000 -0.676353 -0.736577
0.000000 -0.676348 -0.736582
0.000000 -0.676549 -0.736398
0.000000 -0.678326 -0.734761
0.000000 -0.994701 0.102809
0.000000 -0.994949 0.100377
0.000000 -0.994965 0.100220
0.000000 -0.994959 0.100278
0.000000 -0.994957 0.100300
0.000000 -0.994956 0.100308
0.000000 -0.994984 0.100037
0.000000 -0.995223 0.097633
-0.832127 -0.518296 -0.197318
0.000000 0.339737 -0.940520
0.000000 0.335324 -0.942103
0.000000 0.265847 -0.964015
0.000000 0.337002 -0.941504
0.000000 0.335291 -0.942115
0.000000 0.268751 -0.963210
0.000000 0.268446 -0.963295
0.000000 0.334805 -0.942288
-0.898206 0.011907 -0.439414
0.000000 -0.361138 0.932513
0.000000 -0.362782 0.931874
0.000000 -0.362973 0.931800
0.000000 -0.362902 0.931827
0.000000 -0.362874 0.931838
0.000000 -0.365674 0.930743
0.000000 -0.369478 0.929240
0.000000 -0.371056 0.928611
0.000000 -0.959400 0.282051
0.000000 -0.949857 0.312684
0.000000 -0.948944 0.315444
0.000000 -0.948199 0.317677
0.000000 -0.948199 0.317678
0.000000 -0.948199 0.317678
0.000000 -0.948199 0.317678
0.000000 -0.942639 0.333813
-0.849500 -0.280185 0.447042
0.000000 -0.942096 -0.335343
0.000000 -0.941340 -0.337460
0.000000 -0.941266 -0.337666
0.000000 -0.941225 -0.337779
0.000000 -0.941208 -0.337826
0.000000 -0.941199 -0.337852
0.000000 -0.941283 -0.337619
0.000000 -0.942089 -0.335363
0.000000 -0.832981 0.553301
0.000000 -0.834295 0.551318
0.000000 -0.834373 0.551200
0.000000 -0.834373 0.551200
0.000000 -0.834373 0.551200
0.000000 -0.834373 0.551200
0.000000 -0.834525 0.550971
0.000000 -0.835853 0.548953
-0.832127 -0.550627 0.066148
0.000000 -0.139605 -0.990207
0.000000 -0.208405 -0.978043
0.000000 -0.208115 -0.978104
0.000000 -0.138588 -0.990350
0.000000 -0.135448 -0.990784
0.000000 -0.136469 -0.990644
0.000000 -0.135544 -0.990771
0.000000 -0.135072 -0.990836
-0.898206 -0.193663 -0.394615
-0.937096 -0.108633 -0.331737
0.000000 -0.863598 -0.504180
0.000000 -0.847745 -0.530403
0.000000 -0.848253 -0.529591
0.000000 -0.847887 -0.530177
0.000000 -0.849258 -0.527979
0.000000 -0.796195 -0.605040
0.000000 -0.796194 -0.605041
0.000000 -0.838585 -0.544771
0.000000 0.111825 0.993728
0.000000 0.035204 0.999380
0.000000 0.032836 0.999461
0.000000 0.036641 0.999328
0.000000 0.032029 0.999487
0.000000 0.102437 0.994740
0.000000 0.033267 0.999446
0.000000 0.098982 0.995089
-0.898206 -0.094690 0.429256
0.000000 -0.684142 0.729349
0.000000 -0.626224 0.779644
0.000000 -0.697344 0.716736
0.000000 -0.627298 0.778780
0.000000 -0.624161 0.781296
0.000000 -0.626665 0.779289
0.000000 -0.625212 0.780455
0.000000 -0.717502 0.696556
-0.849494 -0.040548 0.526038
-0.898206 0.115641 0.424091
0.000000 -0.891160 -0.453689
0.000000 -0.923187 -0.384351
0.000000 -0.922126 -0.386891
0.000000 -0.923876 -0.382691
0.000000 -0.897024 -0.441982
0.000000 -0.922442 -0.386135
0.000000 -0.921710 -0.387880
0.000000 -0.891160 -0.453689
-0.849577 -0.505854 -0.149435
0.000000 -0.904225 0.427056
0.000000 -0.971943 0.235216
0.000000 -0.950782 0.309862
0.000000 -0.914645 0.404259
0.000000 -0.949785 0.312904
0.000000 -0.951037 0.309079
0.000000 -0.950229 0.311553
0.000000 -0.904225 0.427056
0.000000 -0.814190 0.580598
0.000000 -0.812709 0.582670
0.000000 -0.812578 0.582852
0.000000 -0.812626 0.582786
0.000000 -0.812626 0.582786
0.000000 -0.812578 0.582852
0.000000 -0.812709 0.582670
0.000000 -0.814190 0.580598
-0.898062 -0.433686 -0.073486
0.000000 -0.017853 0.999841
0.000000 -0.020399 0.999792
0.000000 -0.020686 0.999786
0.000000 -0.020686 0.999786
0.000000 -0.020686 0.999786
0.000000 -0.020686 0.999786
0.000000 -0.020399 0.999792
0.000000 -0.017853 0.999841
-0.832127 -0.258353 0.490733
-0.898062 0.306037 0.315951
0.000000 0.941198 -0.337856
0.000000 0.942055 -0.335458
0.000000 0.942148 -0.335196
0.000000 0.942138 -0.335227
0.000000 0.942117 -0.335284
0.000000 0.942103 -0.335324
0.000000 0.942027 -0.335537
0.000000 0.941194 -0.337866
0.000000 0.834467 0.551057
0.000000 0.833227 0.552931
0.000000 0.833137 0.553067
0.000000 0.833099 0.553124
0.000000 0.833086 0.553144
0.000000 0.833123 0.553088
0.000000 0.832996 0.553278
0.000000 0.831584 0.555398
0.000000 0.999134 -0.041598
0.000000 0.971012 -0.239032
0.000000 0.985830 -0.167750
0.000000 0.985830 -0.167750
0.000000 0.993742 -0.111700
0.000000 0.985830 -0.167750
0.000000 0.986267 -0.165157
0.000000 0.995735 -0.092256
-0.849583 -0.410470 0.331244
-0.898062 -0.306839 0.315172
-0.832127 0.257104 0.491389
-0.837270 0.539336 -0.089977
0.000000 0.643685 0.765291
0.000000 0.624844 0.780750
0.000000 0.695201 0.718815
0.000000 0.698072 0.716027
0.000000 0.698515 0.715595
0.000000 0.698515 0.715595
0.000000 0.695200 0.718816
0.000000 0.600838 0.799371
-0.558239 -0.060370 0.827481
-0.558196 -0.647096 0.519311
-0.558196 -0.814311 0.159106
-0.558239 -0.715298 0.420378
-0.185636 -0.054712 -0.981094
-0.219268 -0.051773 -0.974290
-0.071170 -0.812533 -0.578554
-0.164540 -0.000172 -0.986370
-0.207049 -0.002056 -0.978328
-0.292735 0.031116 0.955687
-0.097105 -0.070297 0.992788
-0.986831 0.113926 0.114830
-0.979423 0.147323 0.137935
-0.164537 0.002948 -0.986367
-0.207053 0.004765 -0.978318
-0.071614 0.821833 -0.565210
-0.185409 0.057908 -0.980954
-0.218869 0.054834 -0.974212
-0.244923 0.877529 -0.412257
-0.097099 0.895218 -0.434921
-0.986831 0.042396 -0.156101
-0.979423 0.045685 -0.196578
-0.555818 0.719912 0.415684
-0.979424 -0.147775 0.137445
-0.986748 -0.114705 0.114765
-0.071213 -0.114489 0.990869
-0.843022 -0.465720 0.269107
-0.763709 -0.558988 0.322925
-0.185996 -0.822583 0.537366
-0.218964 -0.818251 0.531526
-0.710260 0.176713 0.681398
-0.710270 -0.178734 0.680860
0.000000 0.006407 -0.999979
0.000000 0.008422 -0.999965
0.000000 0.003265 -0.999995
0.000000 0.001825 -0.999998
0.000000 0.001287 -0.999999
-0.832275 -0.042589 -0.552725
-0.245919 -0.787824 -0.564675
-0.097171 -0.822780 -0.559991
-0.090921 -0.969289 -0.228499
-0.713202 -0.538301 -0.448970
-0.607130 -0.752790 -0.254362
-0.115781 -0.536777 -0.835742
-0.097310 -0.896909 -0.431375
-0.245891 -0.880070 -0.406220
-0.555818 -0.721445 0.413017
0.000000 -0.001350 0.999999
0.000000 -0.001885 0.999998
0.000000 -0.003045 0.999995
0.000000 -0.005951 0.999982
0.000000 -0.003490 0.999994
0.000000 0.034561 0.999403
0.000000 0.003044 0.999995
0.000000 -0.008795 0.999961
0.000000 -0.008811 0.999961
-0.985223 0.163716 0.050335
-0.986748 0.156730 0.041998
-0.121139 0.865399 -0.486220
-0.245143 0.793187 -0.557458
-0.707422 0.056533 -0.704527
-0.986831 -0.156397 0.041291
-0.979423 -0.193101 0.058671
-0.186014 -0.878022 0.440994
-0.219670 -0.870605 0.440218
-0.678783 -0.636754 0.365784
-0.843018 -0.466749 0.267331
-0.775805 0.006349 -0.630941
-0.760017 0.007360 -0.649862
-0.558197 -0.794979 -0.237539
-0.558196 0.504013 -0.659081
-0.849574 0.526926 0.023940
-0.898062 0.438670 -0.032438
-0.832127 0.133406 -0.538301
-0.898206 -0.367784 -0.240753
-0.849502 -0.477580 -0.224197
-0.558239 -0.139413 -0.817883
0.000000 -0.396378 -0.918087
0.000000 -0.424301 -0.905521
0.000000 -0.422378 -0.906420
0.000000 -0.422850 -0.906200
0.000000 -0.424119 -0.905607
0.000000 -0.424363 -0.905492
0.000000 -0.424321 -0.905512
0.000000 -0.442442 -0.896797
0.000000 0.806735 -0.590913
0.000000 0.848396 -0.529362
0.000000 0.851468 -0.524407
0.000000 0.852824 -0.522198
0.000000 0.851468 -0.524407
0.000000 0.851468 -0.524407
0.000000 0.848999 -0.528395
0.000000 0.774955 -0.632016
-0.116603 0.543976 -0.830959
-0.097114 0.066916 0.993021
-0.292897 -0.033326 0.955563
0.000000 0.442985 -0.896529
0.000000 0.424381 -0.905484
0.000000 0.423674 -0.905815
0.000000 0.421654 -0.906757
0.000000 0.504659 -0.863319
0.000000 0.507458 -0.861677
0.000000 0.505211 -0.862996
0.000000 0.393633 -0.919268
-0.558196 0.139992 -0.817814
0.000000 -0.028034 -0.999607
0.000000 0.043058 -0.999073
0.000000 -0.048910 -0.998803
0.000000 -0.045313 -0.998973
0.000000 -0.044548 -0.999007
0.000000 -0.046016 -0.998941
0.000000 -0.045058 -0.998984
0.000000 -0.075643 -0.997135
-0.558196 -0.256101 -0.789195
0.800000 -0.568968 -0.190460
0.707107 -0.670536 -0.224459
0.800000 0.569451 -0.189013
0.600000 0.759268 -0.252017
0.447214 -0.850635 0.276442
0.600000 -0.760831 0.247257
0.000000 0.075682 -0.997132
0.000000 0.044265 -0.999020
0.000000 0.045465 -0.998966
0.000000 0.045531 -0.998963
0.000000 0.045103 -0.998982
0.000000 0.041948 -0.999120
0.000000 0.039206 -0.999231
0.000000 0.022146 -0.999755
0.000000 -0.743841 -0.668357
0.000000 -0.742572 -0.669767
0.000000 -0.739963 -0.672647
0.000000 -0.737229 -0.675643
0.000000 -0.736862 -0.676043
0.000000 -0.736918 -0.675982
0.000000 -0.738205 -0.674576
0.000000 -0.742097 -0.670292
0.000000 0.256611 -0.966515
0.000000 0.259072 -0.965858
0.000000 0.259349 -0.965784
0.000000 0.259349 -0.965784
0.000000 0.259349 -0.965784
0.000000 0.259349 -0.965784
0.000000 0.259072 -0.965858
0.000000 0.256611 -0.966515
0.000000 0.531087 -0.847317
0.000000 0.504456 -0.863438
0.000000 0.444703 -0.895678
0.000000 0.504888 -0.863185
0.000000 0.504894 -0.863181
0.000000 0.504895 -0.863181
0.000000 0.504071 -0.863662
0.000000 0.530722 -0.847546
0.000000 0.990399 0.138240
0.000000 0.990044 0.140762
0.000000 0.990009 0.141007
0.000000 0.990018 0.140940
0.000000 0.990029 0.140867
0.000000 0.990039 0.140790
0.000000 0.990008 0.141011
0.000000 0.989668 0.143379
0.000000 0.580247 -0.814440
0.000000 0.640577 -0.767894
0.000000 0.638460 -0.769655
0.000000 0.638398 -0.769706
0.000000 0.638330 -0.769763
0.000000 0.638258 -0.769822
0.000000 0.640808 -0.767701
0.000000 0.585780 -0.810470
0.000000 -0.877976 0.478705
0.000000 -0.878170 0.478348
0.000000 -0.878453 0.477828
0.000000 -0.876838 0.480785
0.000000 -0.842732 0.538333
0.000000 -0.842692 0.538396
0.000000 -0.877176 0.480168
0.000000 -0.881627 0.471947
0.000000 0.015304 0.999883
0.000000 0.017808 0.999841
0.000000 0.018039 0.999837
0.000000 0.017977 0.999838
0.000000 0.017909 0.999840
0.000000 0.017866 0.999840
0.000000 0.018104 0.999836
0.000000 0.020500 0.999790
0.000000 0.999938 0.011154
0.000000 0.999752 0.022285
0.000000 0.995715 0.092470
0.000000 0.996144 0.087728
0.000000 0.996210 0.086985
0.000000 0.996203 0.087058
0.000000 0.995746 0.092146
0.000000 0.999867 0.016333
0.000000 -0.451225 0.892410
0.000000 -0.448955 0.893555
0.000000 -0.448741 0.893662
0.000000 -0.448854 0.893605
0.000000 -0.448967 0.893549
0.000000 -0.449035 0.893514
0.000000 -0.449161 0.893451
0.000000 -0.451250 0.892398
0.000000 0.449062 0.893501
0.000000 0.446792 0.894638
0.000000 0.446610 0.894729
0.000000 0.446718 0.894675
0.000000 0.446732 0.894668
0.000000 0.446678 0.894695
0.000000 0.446853 0.894607
0.000000 0.449069 0.893497
0.000000 0.809664 0.586894
0.000000 0.810981 0.585072
0.000000 0.811057 0.584968
0.000000 0.811057 0.584968
0.000000 0.811057 0.584968
0.000000 0.811057 0.584968
0.000000 0.811225 0.584735
0.000000 0.812711 0.582667
-0.979424 -0.045034 -0.196725
-0.986748 -0.041950 -0.156743
-0.558196 -0.593523 -0.579782
-0.849574 0.087279 -0.520199
-0.837476 -0.352230 0.417812
-0.558239 -0.828724 0.039811
0.000000 -0.490701 -0.871328
0.000000 -0.425106 -0.905143
0.000000 -0.425106 -0.905143
0.000000 -0.508320 -0.861169
0.000000 -0.507051 -0.861916
0.000000 -0.476917 -0.878948
0.000000 -0.508067 -0.861317
0.000000 -0.486981 -0.873412
-0.558239 -0.752300 -0.349876
0.000000 -0.980582 -0.196112
0.000000 -0.986259 -0.165205
0.000000 -0.986208 -0.165508
0.000000 -0.986254 -0.165235
0.000000 -0.986780 -0.162066
0.000000 -0.987220 -0.159363
0.000000 -0.987220 -0.159364
0.000000 -0.989796 -0.142492
-0.849577 0.319103 -0.419992
-0.898062 0.222498 -0.379445
-0.832127 -0.367230 -0.415581
-0.837477 -0.506051 0.206265
-0.849500 -0.455842 0.265628
-0.849583 0.477820 -0.223374
-0.898206 0.368395 -0.239817
-0.832127 -0.132036 -0.538639
-0.837476 -0.543942 -0.052535
-0.849500 -0.527071 0.023361
-0.558239 -0.503533 -0.659412
0.000000 -0.645701 -0.763590
0.000000 -0.647544 -0.762028
0.000000 -0.647741 -0.761860
0.000000 -0.647724 -0.761875
0.000000 -0.647718 -0.761881
0.000000 -0.647719 -0.761880
0.000000 -0.647526 -0.762044
0.000000 -0.645699 -0.763592
0.000000 -0.974868 0.222784
0.000000 -0.974780 0.223167
0.000000 -0.974975 0.222315
0.000000 -0.974981 0.222287
0.000000 -0.974982 0.222286
0.000000 -0.974965 0.222359
0.000000 -0.974914 0.222582
0.000000 -0.975016 0.222134
0.000000 0.966158 -0.257951
0.000000 0.946016 -0.324121
0.000000 0.947080 -0.320996
0.000000 0.945873 -0.324536
0.000000 0.966388 -0.257088
0.000000 0.967105 -0.254379
0.000000 0.967274 -0.253733
0.000000 0.967316 -0.253575
0.000000 0.219361 -0.975644
0.000000 0.221698 -0.975115
0.000000 0.221940 -0.975060
0.000000 0.221923 -0.975064
0.000000 0.221905 -0.975068
0.000000 0.221876 -0.975075
0.000000 0.221647 -0.975127
0.000000 0.219355 -0.975645
0.000000 0.651589 -0.758572
0.000000 0.649680 -0.760208
0.000000 0.649531 -0.760335
0.000000 0.649605 -0.760272
0.000000 0.649645 -0.760237
0.000000 0.649668 -0.760218
0.000000 0.649474 -0.760384
0.000000 0.647640 -0.761946
0.000000 -0.216882 -0.976198
0.000000 -0.219240 -0.975671
0.000000 -0.219508 -0.975611
0.000000 -0.219508 -0.975611
0.000000 -0.219508 -0.975611
0.000000 -0.219508 -0.975611
0.000000 -0.219240 -0.975671
0.000000 -0.216882 -0.976198
0.000000 0.975364 0.220602
0.000000 0.988270 0.152720
0.000000 0.987153 0.159781
0.000000 0.986663 0.162774
0.000000 0.987168 0.159683
0.000000 0.987187 0.159568
0.000000 0.987998 0.154469
0.000000 0.974259 0.225432
0.000000 -0.966624 -0.256199
0.000000 -0.966793 -0.255561
0.000000 -0.966900 -0.255155
0.000000 -0.966813 -0.255484
0.000000 -0.966360 -0.257195
0.000000 -0.966190 -0.257829
0.000000 -0.966790 -0.255571
0.000000 -0.966885 -0.255213
0.000000 -0.808417 -0.588610
0.000000 -0.796337 -0.604854
0.000000 -0.796069 -0.605206
0.000000 -0.796034 -0.605252
0.000000 -0.796029 -0.605258
0.000000 -0.796029 -0.605259
0.000000 -0.796606 -0.604498
0.000000 -0.777395 -0.629013
0.000000 0.738725 -0.674007
0.000000 0.738494 -0.674260
0.000000 0.737858 -0.674956
0.000000 0.739107 -0.673588
0.000000 0.738448 -0.674310
0.000000 0.735374 -0.677662
0.000000 0.684620 -0.728900
0.000000 0.740226 -0.672358
0.000000 -0.928541 -0.371229
0.000000 -0.927626 -0.373510
0.000000 -0.927562 -0.373668
0.000000 -0.927586 -0.373610
0.000000 -0.927598 -0.373579
0.000000 -0.927605 -0.373563
0.000000 -0.927504 -0.373813
0.000000 -0.926598 -0.376053
0.000000 -0.753133 0.657868
0.000000 -0.754304 0.656526
0.000000 -0.754449 0.656359
0.000000 -0.756690 0.653773
0.000000 -0.759351 0.650681
0.000000 -0.759565 0.650431
0.000000 -0.759541 0.650459
0.000000 -0.760100 0.649806
0.000000 -0.254142 -0.967167
0.000000 -0.256528 -0.966537
0.000000 -0.256734 -0.966482
0.000000 -0.256720 -0.966486
0.000000 -0.256709 -0.966489
0.000000 -0.256701 -0.966491
0.000000 -0.256905 -0.966437
0.000000 -0.259176 -0.965830
0.000000 0.725620 0.688095
0.000000 0.747625 0.664121
0.000000 0.723251 0.690586
0.000000 0.725452 0.688273
0.000000 0.760532 0.649301
0.000000 0.761528 0.648132
0.000000 0.745609 0.666384
0.000000 0.760282 0.649593
0.000000 0.727420 0.686192
-1.000000 0.000000 0.000000
-1.000000 0.000000 0.000000
-1.000000 0.000000 0.000000
-1.000000 0.000000 0.000000
-1.000000 0.000000 0.000000
-1.000000 0.000000 0.000000
-1.000000 0.000000 0.000000
-1.000000 0.000000 0.000000
-1.000000 0.000000 0.000000
-1.000000 0.000000 0.000000
-1.000000 0.000000 0.000000
0.000000 0.350574 -0.936535
0.000000 0.352390 -0.935853
0.000000 0.342354 -0.939571
0.000000 0.338777 -0.940867
0.000000 0.344972 -0.938613
0.000000 0.352351 -0.935868
0.000000 0.351129 -0.936327
0.000000 0.345953 -0.938252
0.000000 0.339401 -0.940642
1.000000 0.000000 0.000000
1.000000 0.000000 0.000000
1.000000 0.000000 0.000000
1.000000 0.000000 0.000000
1.000000 0.000000 0.000000
1.000000 0.000000 0.000000
1.000000 0.000000 0.000000
1.000000 0.000000 0.000000
1.000000 0.000000 0.000000
1.000000 0.000000 0.000000
1.000000 0.000000 0.000000
1.000000 0.000000 0.000000
1.000000 0.000000 0.000000
1.000000 0.000000 0.000000
1.000000 0.000000 0.000000
1.000000 0.000000 0.000000
1.000000 0.000000 0.000000
1.000000 0.000000 0.000000
1.000000 0.000000 0.000000
1.000000 0.000000 0.000000
1.000000 0.000000 0.000000
1.000000 0.000000 0.000000
1.000000 0.000000 0.000000
1.000000 0.000000 0.000000
1.000000 0.000000 0.000000
1.000000 0.000000 0.000000
1.000000 0.000000 0.000000
1.000000 0.000000 0.000000
1.000000 0.000000 0.000000
1.000000 0.000000 0.000000
1.000000 0.000000 0.000000
1.000000 0.000000 0.000000
1.000000 0.000000 0.000000
1.000000 0.000000 0.000000
1.000000 0.000000 0.000000
1.000000 0.000000 0.000000
1.000000 0.000000 0.000000
1.000000 0.000000 0.000000
1.000000 0.000000 0.000000
1.000000 0.000000 0.000000
1.000000 0.000000 0.000000
1.000000 0.000000 0.000000
1.000000 0.000000 0.000000
1.000000 0.000000 0.000000
1.000000 0.000000 0.000000
1.000000 0.000000 0.000000
1.000000 0.000000 0.000000
1.000000 0.000000 0.000000
1.000000 0.000000 0.000000
1.000000 0.000000 0.000000
1.000000 0.000000 0.000000
1.000000 0.000000 0.000000
1.000000 0.000000 0.000000
1.000000 0.000000 0.000000
1.000000 0.000000 0.000000
1.000000 0.000000 0.000000
1.000000 0.000000 0.000000
1.000000 0.000000 0.000000
1.000000 0.000000 0.000000
1.000000 0.000000 0.000000
1.000000 0.000000 0.000000
1.000000 0.000000 0.000000
1.000000 0.000000 0.000000
1.000000 0.000000 0.000000
1.000000 0.000000 0.000000
1.000000 0.000000 0.000000
1.000000 0.000000 0.000000
1.000000 0.000000 0.000000
1.000000 0.000000 0.000000
1.000000 0.000000 0.000000
1.000000 0.000000 0.000000
1.000000 0.000000 0.000000
1.000000 0.000000 0.000000
1.000000 0.000000 0.000000
1.000000 0.000000 0.000000
1.000000 0.000000 0.000000
1.000000 0.000000 0.000000
1.000000 0.000000 0.000000
1.000000 0.000000 0.000000
1.000000 0.000000 0.000000
1.000000 0.000000 0.000000
1.000000 0.000000 0.000000
1.000000 0.000000 0.000000
1.000000 0.000000 0.000000
1.000000 0.000000 0.000000
1.000000 0.000000 0.000000
1.000000 0.000000 0.000000
1.000000 0.000000 0.000000
1.000000 0.000000 0.000000
1.000000 0.000000 0.000000
1.000000 0.000000 0.000000
1.000000 0.000000 0.000000
1.000000 0.000000 0.000000
1.000000 0.000000 0.000000
1.000000 0.000000 0.000000
1.000000 0.000000 0.000000
1.000000 0.000000 0.000000
1.000000 0.000000 0.000000
1.000000 0.000000 0.000000
1.000000 0.000000 0.000000
1.000000 0.000000 0.000000
1.000000 0.000000 0.000000
1.000000 0.000000 0.000000
1.000000 0.000000 0.000000
1.000000 0.000000 0.000000
1.000000 0.000000 0.000000
1.000000 0.000000 0.000000
1.000000 0.000000 0.000000
1.000000 0.000000 0.000000
1.000000 0.000000 0.000000
1.000000 0.000000 0.000000
1.000000 0.000000 0.000000
1.000000 0.000000 0.000000
1.000000 0.000000 0.000000
1.000000 0.000000 0.000000
1.000000 0.000000 0.000000
1.000000 0.000000 0.000000
1.000000 0.000000 0.000000
1.000000 0.000000 0.000000
1.000000 0.000000 0.000000
1.000000 0.000000 0.000000
1.000000 0.000000 0.000000
1.000000 0.000000 0.000000
1.000000 0.000000 0.000000
1.000000 0.000000 0.000000
1.000000 0.000000 0.000000
1.000000 0.000000 0.000000
1.000000 0.000000 0.000000
1.000000 0.000000 0.000000
1.000000 0.000000 0.000000
1.000000 0.000000 0.000000
1.000000 0.000000 0.000000
1.000000 0.000000 0.000000
1.000000 0.000000 0.000000
1.000000 0.000000 0.000000
1.000000 0.000000 0.000000
1.000000 0.000000 0.000000
1.000000 0.000000 0.000000
1.000000 0.000000 0.000000
1.000000 0.000000 0.000000
1.000000 0.000000 0.000000
1.000000 0.000000 0.000000
1.000000 0.000000 0.000000
1.000000 0.000000 0.000000
1.000000 0.000000 0.000000
1.000000 0.000000 0.000000
1.000000 0.000000 0.000000
1.000000 0.000000 0.000000
1.000000 0.000000 0.000000
1.000000 0.000000 0.000000
1.000000 0.000000 0.000000
1.000000 0.000000 0.000000
1.000000 0.000000 0.000000
1.000000 0.000000 0.000000
1.000000 0.000000 0.000000
1.000000 0.000000 0.000000
1.000000 0.000000 0.000000
1.000000 0.000000 0.000000
1.000000 0.000000 0.000000
1.000000 0.000000 0.000000
1.000000 0.000000 0.000000
1.000000 0.000000 0.000000
1.000000 0.000000 0.000000
1.000000 0.000000 0.000000
1.000000 0.000000 0.000000
1.000000 0.000000 0.000000
1.000000 0.000000 0.000000
1.000000 0.000000 0.000000
1.000000 0.000000 0.000000
1.000000 0.000000 0.000000
1.000000 0.000000 0.000000
1.000000 0.000000 0.000000
1.000000 0.000000 0.000000
1.000000 0.000000 0.000000
1.000000 0.000000 0.000000
1.000000 0.000000 0.000000
1.000000 0.000000 0.000000
1.000000 0.000000 0.000000
1.000000 0.000000 0.000000
1.000000 0.000000 0.000000
1.000000 0.000000 0.000000
1.000000 0.000000 0.000000
1.000000 0.000000 0.000000
1.000000 0.000000 0.000000
1.000000 0.000000 0.000000
1.000000 0.000000 0.000000
1.000000 0.000000 0.000000
1.000000 0.000000 0.000000
1.000000 0.000000 0.000000
1.000000 0.000000 0.000000
1.000000 0.000000 0.000000
1.000000 0.000000 0.000000
1.000000 0.000000 0.000000
1.000000 0.000000 0.000000
1.000000 0.000000 0.000000
1.000000 0.000000 0.000000
1.000000 0.000000 0.000000
1.000000 0.000000 0.000000
1.000000 0.000000 0.000000
1.000000 0.000000 0.000000
1.000000 0.000000 0.000000
1.000000 0.000000 0.000000
1.000000 0.000000 0.000000
1.000000 0.000000 0.000000
1.000000 0.000000 0.000000
1.000000 0.000000 0.000000
1.000000 0.000000 0.000000
1.000000 0.000000 0.000000
1.000000 0.000000 0.000000
1.000000 0.000000 0.000000
1.000000 0.000000 0.000000
1.000000 0.000000 0.000000
1.000000 0.000000 0.000000
1.000000 0.000000 0.000000
1.000000 0.000000 0.000000
1.000000 0.000000 0.000000
1.000000 0.000000 0.000000
1.000000 0.000000 0.000000
1.000000 0.000000 0.000000
1.000000 0.000000 0.000000
1.000000 0.000000 0.000000
1.000000 0.000000 0.000000
1.000000 0.000000 0.000000
1.000000 0.000000 0.000000
1.000000 0.000000 0.000000
1.000000 0.000000 0.000000
1.000000 0.000000 0.000000
1.000000 0.000000 0.000000
1.000000 0.000000 0.000000
1.000000 0.000000 0.000000
1.000000 0.000000 0.000000
1.000000 0.000000 0.000000
1.000000 0.000000 0.000000
1.000000 0.000000 0.000000
0.000000 -0.262723 -0.964871
0.000000 -0.255248 0.966876
0.000000 -0.999856 -0.016993
0.000000 -0.943463 -0.331477
0.000000 -0.939603 0.342265
0.000000 -0.780987 -0.624548
0.000000 -0.760065 0.649847
0.000000 -0.491834 -0.870689
0.000000 -0.493646 0.869663
0.000000 -0.768896 0.639374
0.000000 -0.868876 0.495029
0.000000 -0.982543 0.186033
0.000000 -0.940856 0.338808
0.000000 -0.789886 0.613254
0.000000 -0.663512 0.748166
0.000000 -0.941062 0.338235
0.000000 -0.999930 0.011798
0.000000 -0.999999 -0.001130
0.000000 -0.946607 -0.322388
0.000000 -0.948911 -0.315545
0.000000 -0.814698 -0.579886
0.000000 -0.553622 -0.832768
0.000000 -0.668634 -0.743591
0.000000 -0.764701 -0.644385
0.000000 -0.474777 0.880106
0.000000 -0.263366 -0.964696
0.000000 -0.245955 -0.969281
0.000000 -0.249983 0.968250
0.000000 -0.253858 0.967241
0.000000 -0.534195 0.845362
0.000000 -0.485747 -0.874099
0.000000 -0.844793 -0.535093
0.000000 -0.941272 -0.337650
0.000000 -0.454937 -0.890524
0.000000 -0.995796 -0.091595
0.000000 -0.224760 -0.974414
0.000000 -0.222352 -0.974967
0.000000 -0.227374 0.973807
0.000000 -0.220768 0.975326
0.000000 -0.447264 0.894402
0.000000 -0.894119 0.447830
0.000000 -0.975386 0.220503
0.000000 0.096577 -0.995325
0.000000 -0.394810 -0.918763
0.000000 0.401870 -0.915697
0.000000 0.372844 -0.927894
0.000000 -0.376501 -0.926416
0.000000 -0.284738 -0.958605
0.000000 -0.874603 -0.484840
0.000000 0.878924 -0.476961
0.000000 0.316059 -0.948740
0.000000 0.572865 -0.819650
0.000000 -0.566925 -0.823770
0.000000 0.056344 -0.998411
0.000000 0.992247 -0.124280
0.000000 -0.992787 -0.119889
0.000000 -0.821679 -0.569950
0.000000 0.817959 -0.575277
0.000000 -0.106580 -0.994304
0.000000 -0.649767 -0.760134
0.000000 0.662410 -0.749142
0.000000 -0.975948 -0.218002
0.000000 0.977225 -0.212206
0.000000 -0.432139 -0.901807
0.000000 -0.303933 -0.952693
0.000000 -0.337867 -0.941194
0.000000 -0.207940 -0.978142
0.000000 -0.175456 -0.984487
0.000000 -0.078612 -0.996905
0.000000 -0.045149 -0.998980
0.000000 0.052941 -0.998598
0.000000 0.016142 -0.999870
0.000000 0.141629 -0.989920
0.000000 -0.238452 -0.971154
0.000000 0.106595 -0.994303
0.000000 0.227398 -0.973802
0.000000 0.087095 -0.996200
0.000000 -0.013329 -0.999911
0.000000 -0.014713 -0.999892
0.000000 0.189307 -0.981918
0.000000 0.314813 -0.949154
0.000000 -0.368716 -0.929542
0.000000 0.353932 -0.935271
0.000000 0.447476 -0.894296
0.000000 -0.270045 -0.962848
0.000000 0.115583 -0.993298
0.000000 0.016156 -0.999870
0.000000 -0.109947 -0.993937
0.000000 -0.147858 -0.989009
0.000000 -0.078391 -0.996923
0.000000 0.032682 -0.999466
0.000000 0.969773 -0.244008
0.000000 -0.968260 -0.249944
0.000000 0.253016 -0.967462
0.000000 0.213915 -0.976852
0.000000 -0.241454 -0.970412
0.000000 0.230756 -0.973012
0.000000 -0.762159 -0.647390
0.000000 -0.731672 -0.681657
0.000000 -0.625819 -0.779969
0.000000 -0.711172 -0.703018
0.000000 -0.545892 -0.837855
0.000000 -0.499183 -0.866496
0.000000 -0.800504 -0.599328
0.000000 0.757788 -0.652501
0.000000 0.709751 -0.704453
0.000000 0.798141 -0.602471
0.000000 0.604101 -0.796908
0.000000 0.555247 -0.831685
0.000000 0.642142 -0.766586
0.000000 -0.140594 -0.990067
0.000000 -0.470906 -0.882183
0.000000 0.490466 -0.871460
0.000000 -0.993180 -0.116591
0.000000 0.993854 -0.110697
0.000000 0.933690 -0.358083
0.000000 0.902614 -0.430451
0.000000 0.950548 -0.310579
0.000000 0.923666 -0.383199
0.000000 -0.933129 -0.359540
0.000000 -0.900530 -0.434793
0.000000 -0.953872 -0.300215
0.000000 -0.920943 -0.389698
0.000000 -0.110013 -0.993930
0.000000 -0.042226 -0.999108
0.000000 0.075986 -0.997109
0.000000 0.708620 -0.705590
0.000000 0.908332 -0.418250
0.000000 -0.906676 -0.421828
0.000000 -0.826661 -0.562700
0.000000 0.438891 -0.898540
0.000000 0.323538 -0.946215
0.000000 0.156394 -0.987695
0.000000 -0.990359 -0.138524
0.000000 -0.707164 -0.707049
0.000000 0.156198 -0.987726
0.000000 -0.361770 -0.932267
0.000000 -0.270296 -0.962777
0.000000 -0.383391 -0.923586
0.000000 0.994742 -0.102416
0.000000 0.002108 -0.999998
0.000000 -0.993475 -0.114053
0.000000 0.346246 -0.938144
0.000000 -0.996216 -0.086908
0.000000 0.334312 -0.942463
0.000000 0.996709 -0.081067
0.000000 0.761508 -0.648155
0.000000 0.857016 -0.515290
0.000000 0.196364 -0.980531
0.000000 -0.866677 -0.498869
0.000000 -0.326107 -0.945333
0.000000 -0.142382 -0.989812
0.000000 0.966209 -0.257761
0.000000 0.824431 -0.565962
0.000000 -0.823200 -0.567752
0.000000 -0.477191 -0.878800
0.000000 0.463192 -0.886258
0.000000 -0.236348 -0.971668
0.000000 0.543480 -0.839422
0.000000 -0.034383 -0.999409
0.000000 -0.602124 -0.798403
0.000000 0.993972 -0.109638
0.000000 -0.183295 -0.983058
0.000000 0.231935 -0.972731
0.000000 0.264398 -0.964414
0.000000 0.057858 -0.998325
0.000000 -0.967846 -0.251545
0.000000 -0.201210 -0.979548
0.000000 -0.049866 -0.998756
0.000000 0.249298 -0.968427
0.000000 -0.165766 -0.986165
0.000000 -0.296562 -0.955014
0.000000 -0.461483 -0.887149
0.000000 0.474171 -0.880433
0.000000 0.120186 -0.992751
0.000000 0.161268 -0.986911
0.000000 -0.550605 -0.834766
0.000000 -0.243422 -0.969921
0.000000 0.854258 -0.519848
0.000000 0.979129 -0.203239
0.000000 0.400046 -0.916495
0.000000 -0.783313 -0.621628
0.000000 0.944073 -0.329736
0.000000 0.169239 -0.985575
0.000000 0.249139 -0.968468
0.000000 -0.940286 -0.340386
0.000000 -0.867687 -0.497112
0.000000 -0.976596 -0.215080
0.000000 0.413645 -0.910438
0.000000 0.982628 -0.185584
0.000000 0.298570 -0.954388
0.000000 0.546325 -0.837573
-0.183898 0.859425 0.477044
-0.151448 0.863117 0.481759
-0.217618 0.853101 0.474194
-0.141388 0.873709 0.465449
0.000000 0.262723 0.964871
0.000000 0.255248 -0.966876
0.000000 0.999856 0.016993
0.000000 0.943463 0.331477
0.000000 0.939603 -0.342265
0.000000 0.780987 0.624548
0.000000 0.760065 -0.649847
0.000000 0.491834 0.870689
0.000000 0.493646 -0.869663
0.000000 0.768896 -0.639374
0.000000 0.868876 -0.495029
0.000000 0.982543 -0.186033
0.000000 0.940856 -0.338808
0.000000 0.789886 -0.613254
0.000000 0.663512 -0.748166
0.000000 0.941062 -0.338235
0.000000 0.999930 -0.011798
0.000000 0.999999 0.001130
0.000000 0.946607 0.322388
0.000000 0.948911 0.315545
0.000000 0.814698 0.579886
0.000000 0.553622 0.832768
0.000000 0.668634 0.743591
0.000000 0.764701 0.644385
0.000000 0.474777 -0.880106
0.000000 0.263366 0.964696
0.000000 0.245955 0.969281
0.000000 0.249983 -0.968250
0.000000 0.253858 -0.967241
0.000000 0.534195 -0.845362
0.000000 0.485747 0.874099
0.000000 0.844793 0.535093
0.000000 0.941272 0.337650
0.000000 0.454937 0.890524
0.000000 0.995796 0.091595
0.000000 0.224760 0.974414
0.000000 0.222352 0.974967
0.000000 0.227374 -0.973807
0.000000 0.220768 -0.975326
0.000000 0.447264 -0.894402
0.000000 0.894119 -0.447830
0.000000 0.975386 -0.220503
-0.711239 0.124676 0.691805
-0.711237 0.127576 -0.691279
-0.711885 0.376550 -0.592815
-1.000000 0.000000 0.000000
-1.000000 0.000000 0.000000
-1.000000 0.000000 0.000000
-1.000000 0.000000 0.000000
-1.000000 0.000000 0.000000
-1.000000 0.000000 0.000000
-1.000000 0.000000 0.000000
-1.000000 0.000000 0.000000
-1.000000 0.000000 0.000000
-1.000000 0.000000 0.000000
-1.000000 0.000000 0.000000
-1.000000 0.000000 0.000000
-1.000000 0.000000 0.000000
-1.000000 0.000000 0.000000
-1.000000 0.000000 0.000000
-1.000000 0.000000 0.000000
-1.000000 0.000000 0.000000
-1.000000 0.000000 0.000000
-1.000000 0.000000 0.000000
-1.000000 0.000000 0.000000
-1.000000 0.000000 0.000000
-1.000000 0.000000 0.000000
-1.000000 0.000000 0.000000
-1.000000 0.000000 0.000000
-1.000000 0.000000 0.000000
-0.711237 -0.127576 0.691279
-0.711237 -0.125818 -0.691601
-0.711885 -0.376550 0.592815
-0.183898 0.839960 0.510538
-0.151448 0.843464 0.515395
-0.217618 0.833754 0.507442
-0.141388 0.854690 0.499515
0.000000 -0.994131 0.108181
0.000000 0.993999 0.109390
0.000000 -0.600727 0.799454
0.000000 0.598411 0.801189
0.000000 0.886311 0.463091
0.000000 -0.887072 0.461631
0.000000 -0.741489 0.670965
0.000000 0.740965 0.671543
0.000000 -0.691468 0.722407
0.000000 0.971441 0.237282
0.000000 -0.130192 0.991489
0.000000 0.133587 0.991037
0.000000 -0.993193 0.116480
0.000000 0.992194 0.124705
0.000000 0.656584 0.754253
0.000000 -0.573106 0.819481
0.000000 -0.676955 0.736024
0.000000 0.570497 0.821300
0.000000 0.674840 0.737964
0.000000 -0.983246 0.182283
0.000000 -0.895697 0.444664
0.000000 -0.462234 0.886758
0.000000 0.462090 0.886833
0.000000 0.828342 0.560222
0.000000 -0.652163 0.758079
0.000000 -0.746471 0.665418
0.000000 -0.768987 0.639264
0.000000 -0.828363 0.560192
0.000000 -0.847277 0.531151
0.000000 0.650126 0.759827
0.000000 0.744664 0.667440
0.000000 0.766758 0.641937
0.000000 0.825828 0.563922
0.000000 0.844829 0.535036
0.000000 -0.238756 0.971080
0.000000 0.230512 0.973069
0.000000 -0.808472 0.588535
0.000000 -0.880155 0.474686
0.000000 0.806673 0.590998
0.000000 0.876873 0.480721
0.000000 -0.546205 0.837651
0.000000 0.543697 0.839281
0.000000 -0.970875 0.239585
0.000000 0.972263 0.233891
0.000000 -0.791458 0.611224
0.000000 -0.866013 0.500022
0.000000 -0.909663 0.415347
0.000000 0.626657 0.779295
0.000000 -0.628531 0.777784
0.000000 0.789151 0.614200
0.000000 0.863434 0.504462
0.000000 0.907569 0.419902
0.000000 0.922855 0.385147
0.000000 0.881311 0.472536
0.000000 -0.925233 0.379399
0.000000 -0.884763 0.466041
0.000000 -0.862205 0.506560
0.000000 -0.924792 0.380473
0.000000 -0.936476 0.350733
0.000000 0.860059 0.510195
0.000000 0.919210 0.393768
0.000000 0.932846 0.360276
0.000000 -0.954596 0.297903
0.000000 -0.789289 0.614022
0.000000 0.789545 0.613693
0.000000 -0.785352 0.619050
0.000000 0.932619 0.360863
0.000000 0.953655 0.300902
0.000000 0.966224 0.257704
0.000000 -0.522050 0.852915
0.000000 -0.604701 0.796453
0.000000 -0.431629 0.902051
0.000000 0.520807 0.853674
0.000000 0.602908 0.797810
0.000000 0.427899 0.903827
0.000000 0.967415 0.253197
0.000000 -0.972671 0.232189
0.000000 -0.944656 0.328061
0.000000 -0.899270 0.437393
0.000000 -0.835012 0.550232
0.000000 -0.940070 0.340982
0.000000 -0.343852 0.939024
0.000000 -0.409462 0.912327
0.000000 -0.315789 0.948830
0.000000 0.340517 0.940238
0.000000 0.715913 0.698189
0.000000 0.005277 0.999986
0.000000 0.079815 0.996810
0.000000 -0.049225 0.998788
0.000000 0.039971 0.999201
0.000000 0.166117 0.986106
0.000000 -0.092076 0.995752
0.000000 -0.193635 0.981074
0.000000 0.404745 0.914429
0.000000 0.006236 0.999981
0.000000 0.943831 0.330429
0.000000 -0.959642 0.281225
0.000000 -0.988828 0.149061
0.000000 -0.819234 0.573459
0.000000 0.819496 0.573085
0.000000 0.993544 0.113444
0.000000 0.949002 0.315269
0.000000 0.979626 0.200828
0.000000 -0.945687 0.325079
0.000000 -0.980085 0.198580
0.000000 0.993022 0.117927
0.000000 -0.895347 0.445370
0.000000 0.892735 0.450583
0.000000 -0.628583 0.777743
0.000000 -0.854441 0.519548
0.000000 -0.813852 0.581072
0.000000 -0.724472 0.689304
0.000000 0.811278 0.584660
0.000000 0.832193 0.554486
0.000000 0.893818 0.448429
0.000000 0.941387 0.337329
0.000000 -0.574799 0.818295
0.000000 0.723469 0.690357
0.000000 0.573076 0.819502
0.000000 -0.702267 0.711914
0.000000 0.990605 0.136751
0.000000 0.982977 0.183727
0.000000 -0.990570 0.137008
0.000000 -0.966811 0.255492
0.000000 0.626646 0.779304
0.000000 0.285517 0.958374
0.000000 -0.707320 0.706894
0.000000 0.706716 0.707498
0.000000 0.700275 0.713874
0.000000 -0.973656 0.228024
0.000000 0.902842 0.429971
0.000000 -0.728329 0.685228
0.000000 -0.906527 0.422149
0.000000 0.453634 0.891188
0.000000 -0.455618 0.890176
0.000000 -0.658776 0.752339
0.000000 0.971703 0.236207
0.000000 0.270147 0.962819
0.000000 0.752797 0.658253
0.000000 0.235584 0.971854
0.000000 0.726227 0.687455
0.000000 0.138262 0.990396
0.000000 -0.241371 0.970433
0.000000 0.661184 0.750224
0.000000 -0.662774 0.748819
0.000000 -0.935688 0.352829
0.000000 0.933358 0.358947
0.000000 -0.996136 0.087825
0.000000 -0.754936 0.655798
0.000000 0.689311 0.724465
0.000000 0.996027 0.089048
0.000000 0.855929 0.517093
0.000000 -0.979693 0.200505
0.000000 0.843771 0.536703
0.000000 -0.842236 0.539109
0.000000 0.887511 0.460787
0.000000 -0.777759 0.628563
0.000000 0.979510 0.201396
0.000000 -0.122414 0.992479
0.000000 0.106630 0.994299
0.000000 -0.993513 0.113716
0.000000 -0.780968 0.624571
0.000000 -0.843082 0.537786
0.000000 -0.994861 0.101249
0.000000 -0.972661 0.232228
0.000000 -0.912061 0.410055
0.000000 -0.948763 0.315990
0.000000 0.782212 0.623012
0.000000 0.178657 0.983911
0.000000 -0.336422 0.941711
0.000000 0.347336 0.937741
0.000000 -0.299363 0.954139
0.000000 -0.218767 0.975777
0.000000 0.766446 0.642308
0.000000 0.994379 0.105882
0.000000 -0.996052 0.088773
0.000000 -0.720406 0.693552
0.000000 0.961475 0.274893
0.000000 0.936254 0.351323
0.000000 -0.514950 0.857220
0.000000 0.514026 0.857775
0.000000 0.977850 0.209306
0.000000 -0.984302 0.176492
0.000000 0.780507 0.625147
0.000000 -0.991669 0.128811
0.000000 0.902600 0.430481
0.000000 0.991330 0.131394
0.000000 0.980816 -0.194937
0.000000 0.980816 -0.194937
0.000000 0.980816 -0.194937
0.000000 0.980816 -0.194937
0.000000 0.976374 -0.216088
0.000000 0.968289 -0.249833
0.000000 0.976374 -0.216088
0.000000 0.968289 -0.249833
0.000000 0.980816 -0.194937
0.000000 0.935466 -0.353416
0.000000 0.935466 -0.353416
0.000000 0.935466 -0.353416
0.000000 0.935466 -0.353416
0.000000 0.935466 -0.353416
0.000000 0.935466 -0.353416
0.000000 0.935466 -0.353416
0.000000 0.935466 -0.353416
0.000000 0.935466 -0.353416
-1.000000 0.000000 0.000000
-1.000000 0.000000 0.000000
-1.000000 0.000000 0.000000
-1.000000 0.000000 0.000000
-1.000000 0.000000 0.000000
-1.000000 0.000000 0.000000
-1.000000 0.000000 0.000000
-1.000000 0.000000 0.000000
0.000000 0.560733 0.827996
0.000000 0.553917 0.832572
0.000000 0.563352 0.826217
0.000000 0.562398 0.826867
0.000000 0.563514 0.826106
0.000000 0.560536 0.828130
0.000000 0.553917 0.832572
0.000000 0.562179 0.827016
0.000000 0.563273 0.826271
0.000000 0.142566 0.989785
0.000000 0.108123 0.994138
0.000000 0.150009 0.988685
0.000000 0.150009 0.988685
0.000000 0.150010 0.988684
0.000000 0.150011 0.988684
0.000000 0.150012 0.988684
0.000000 0.123301 0.992369
0.000000 0.101097 0.994877
-1.000000 0.000000 0.000000
-1.000000 0.000000 0.000000
-1.000000 0.000000 0.000000
-1.000000 0.000000 0.000000
-1.000000 0.000000 0.000000
-1.000000 0.000000 0.000000
-1.000000 0.000000 0.000000
-1.000000 0.000000 0.000000
0.000000 -0.973029 0.230683
0.000000 -0.974890 0.222687
0.000000 -0.972169 0.234283
0.000000 -0.962941 0.269712
0.000000 -0.964585 0.263771
0.000000 -0.973029 0.230683
0.000000 -0.974890 0.222687
0.000000 -0.971263 0.238011
0.000000 -0.970798 0.239899
-1.000000 0.000000 0.000000
-1.000000 0.000000 0.000000
-1.000000 0.000000 0.000000
-1.000000 0.000000 0.000000
-1.000000 0.000000 0.000000
-1.000000 0.000000 0.000000
-1.000000 0.000000 0.000000
-1.000000 0.000000 0.000000
0.000000 0.914107 0.405473
0.000000 0.915815 0.401600
0.000000 0.917358 0.398063
0.000000 0.915828 0.401572
0.000000 0.915610 0.402067
0.000000 0.915728 0.401798
0.000000 0.915681 0.401905
0.000000 0.919707 0.392606
0.000000 0.911426 0.411464
0.000000 -0.048345 -0.998831
0.000000 -0.048812 -0.998808
0.000000 -0.044356 -0.999016
0.000000 -0.044316 -0.999018
0.000000 -0.048754 -0.998811
0.000000 -0.048792 -0.998809
0.000000 -0.048442 -0.998826
0.000000 -0.038416 -0.999262
0.000000 -0.038419 -0.999262
0.000000 -0.288271 0.957549
0.000000 -0.288312 0.957536
0.000000 -0.288569 0.957459
0.000000 -0.292482 0.956271
0.000000 -0.288065 0.957611
0.000000 -0.284436 0.958695
0.000000 -0.288279 0.957546
0.000000 -0.278870 0.960329
0.000000 -0.298619 0.954372
-1.000000 0.000000 0.000000
-1.000000 0.000000 0.000000
-1.000000 0.000000 0.000000
-1.000000 0.000000 0.000000
-1.000000 0.000000 0.000000
-1.000000 0.000000 0.000000
-1.000000 0.000000 0.000000
-1.000000 0.000000 0.000000
1.000000 0.000000 0.000000
1.000000 0.000000 0.000000
1.000000 0.000000 0.000000
1.000000 0.000000 0.000000
1.000000 0.000000 0.000000
1.000000 0.000000 0.000000
1.000000 0.000000 0.000000
1.000000 0.000000 0.000000
1.000000 0.000000 0.000000
1.000000 0.000000 0.000000
1.000000 0.000000 0.000000
1.000000 0.000000 0.000000
1.000000 0.000000 0.000000
1.000000 0.000000 0.000000
1.000000 0.000000 0.000000
1.000000 0.000000 0.000000
1.000000 0.000000 0.000000
1.000000 0.000000 0.000000
1.000000 0.000000 0.000000
1.000000 0.000000 0.000000
1.000000 0.000000 0.000000
1.000000 0.000000 0.000000
1.000000 0.000000 0.000000
1.000000 0.000000 0.000000
1.000000 0.000000 0.000000
1.000000 0.000000 0.000000
1.000000 0.000000 0.000000
0.711239 0.126592 -0.691457
0.711238 0.125966 0.691573
0.711877 0.363907 -0.600669
0.711239 -0.126592 0.691457
0.711238 -0.125966 -0.691573
0.711877 -0.363907 0.600669
0.711881 -0.375020 -0.593789
-1.000000 0.000000 0.000000
-1.000000 0.000000 0.000000
-1.000000 0.000000 0.000000
-1.000000 0.000000 0.000000
-1.000000 0.000000 0.000000
-1.000000 0.000000 0.000000
-1.000000 0.000000 0.000000
-1.000000 0.000000 0.000000
-1.000000 0.000000 0.000000
-1.000000 0.000000 0.000000
-1.000000 0.000000 0.000000
0.000000 -0.823705 0.567018
0.000000 -0.823705 0.567018
0.000000 -0.823705 0.567018
0.000000 -0.823705 0.567018
0.000000 -0.823705 0.567018
0.000000 -0.823705 0.567018
0.000000 -0.823705 0.567018
0.000000 -0.823705 0.567018
0.000000 -0.823705 0.567018
0.000000 -0.793005 -0.609215
0.000000 -0.790457 -0.612518
0.000000 -0.793024 -0.609191
0.000000 -0.793118 -0.609068
0.000000 -0.790457 -0.612518
0.000000 -0.793101 -0.609090
0.000000 -0.793175 -0.608994
0.000000 -0.786466 -0.617633
0.000000 -0.786466 -0.617633
0.000000 -0.766943 -0.641716
0.000000 -0.741602 -0.670841
0.000000 -0.776970 -0.629538
0.000000 -0.763817 -0.645433
0.000000 -0.740131 -0.672462
0.000000 -0.736591 -0.676339
0.000000 -0.776970 -0.629538
0.000000 -0.776970 -0.629538
0.000000 -0.743759 -0.668448
0.000000 0.311740 0.950167
0.000000 0.311740 0.950167
0.000000 0.311740 0.950167
0.000000 0.325209 0.945642
0.000000 0.325209 0.945642
0.000000 0.332202 0.943208
0.000000 0.364726 0.931115
0.000000 0.350520 0.936555
0.000000 0.371315 0.928507
0.000000 -0.934565 -0.355793
0.000000 -0.934565 -0.355793
0.000000 -0.934565 -0.355793
0.000000 -0.934565 -0.355793
0.000000 -0.934565 -0.355793
0.000000 -0.934565 -0.355793
0.000000 -0.934565 -0.355793
0.000000 -0.934565 -0.355793
0.000000 -0.934565 -0.355793
0.000000 0.046896 -0.998900
0.000000 0.050971 -0.998700
0.000000 0.051314 -0.998683
0.000000 0.051346 -0.998681
0.000000 0.050981 -0.998700
0.000000 0.046896 -0.998900
0.000000 0.051320 -0.998682
0.000000 0.040960 -0.999161
0.000000 0.040960 -0.999161
0.000000 -0.561027 0.827798
0.000000 -0.555280 0.831664
0.000000 -0.558335 0.829615
0.000000 -0.549617 0.835417
0.000000 -0.546910 0.837192
0.000000 -0.546911 0.837191
0.000000 -0.546912 0.837190
0.000000 -0.548239 0.836322
0.000000 -0.551620 0.834096
0.000000 -0.992861 0.119274
0.000000 -0.992861 0.119274
0.000000 -0.992861 0.119274
0.000000 -0.992861 0.119274
0.000000 -0.992861 0.119274
0.000000 -0.992861 0.119274
0.000000 -0.992861 0.119274
0.000000 -0.992861 0.119274
0.000000 -0.992861 0.119274
0.000000 -0.422988 -0.906135
0.000000 -0.419742 -0.907644
0.000000 -0.419090 -0.907945
0.000000 -0.422723 -0.906259
0.000000 -0.418824 -0.908068
0.000000 -0.419201 -0.907894
0.000000 -0.418945 -0.908012
0.000000 -0.428068 -0.903747
0.000000 -0.428094 -0.903734
0.000000 -0.395412 -0.918504
0.000000 -0.378140 -0.925748
0.000000 -0.351716 -0.936107
0.000000 -0.351490 -0.936192
0.000000 -0.375292 -0.926907
0.000000 -0.342893 -0.939375
0.000000 -0.345299 -0.938493
0.000000 -0.337947 -0.941165
0.000000 -0.353570 -0.935408
0.000000 -0.187746 0.982218
0.000000 -0.191428 0.981507
0.000000 -0.191622 0.981469
0.000000 -0.191622 0.981469
0.000000 -0.196013 0.980601
0.000000 -0.191622 0.981469
0.000000 -0.191997 0.981395
0.000000 -0.201836 0.979419
0.000000 -0.181589 0.983374
0.000000 -0.147640 0.989041
0.000000 -0.129374 0.991596
0.000000 -0.165533 0.986204
0.000000 -0.144181 0.989551
0.000000 -0.109762 0.993958
0.000000 -0.124869 0.992173
0.000000 -0.102715 0.994711
0.000000 -0.165533 0.986204
0.000000 -0.151503 0.988457
0.000000 0.282147 0.959371
0.000000 0.286072 0.958208
0.000000 0.286438 0.958099
0.000000 0.286438 0.958099
0.000000 0.286438 0.958099
0.000000 0.286072 0.958208
0.000000 0.282147 0.959371
0.000000 0.276442 0.961031
0.000000 0.276442 0.961031
0.000000 -0.980534 -0.196352
0.000000 -0.976019 -0.217684
0.000000 -0.967875 -0.251430
0.000000 -0.979384 -0.202005
0.000000 -0.976019 -0.217684
0.000000 -0.967875 -0.251430
0.000000 -0.977630 -0.210333
0.000000 -0.979384 -0.202005
0.000000 -0.980534 -0.196352
0.000000 -0.984581 -0.174931
0.000000 -0.985324 -0.170696
0.000000 -0.985324 -0.170696
0.000000 -0.985343 -0.170586
0.000000 -0.984581 -0.174931
0.000000 -0.985343 -0.170586
0.000000 -0.985319 -0.170721
0.000000 -0.983411 -0.181390
0.000000 -0.983411 -0.181390
0.000000 -0.465849 0.884864
0.000000 -0.465849 0.884864
0.000000 -0.465849 0.884864
0.000000 -0.465849 0.884864
0.000000 -0.465849 0.884864
0.000000 -0.465849 0.884864
0.000000 -0.465849 0.884864
0.000000 -0.465849 0.884864
0.000000 -0.465849 0.884864
0.000000 0.701461 0.712708
0.000000 0.698040 0.716058
0.000000 0.698327 0.715779
0.000000 0.698040 0.716058
0.000000 0.701461 0.712708
0.000000 0.698040 0.716058
0.000000 0.698327 0.715779
0.000000 0.706124 0.708089
0.000000 0.706124 0.708089
0.000000 0.421623 -0.906771
0.000000 0.421774 -0.906701
0.000000 0.421594 -0.906784
0.000000 0.421251 -0.906944
0.000000 0.417519 -0.908668
0.000000 0.417652 -0.908607
0.000000 0.421920 -0.906633
0.000000 0.411679 -0.911329
0.000000 0.411666 -0.911335
0.000000 0.992555 0.121799
0.000000 0.992555 0.121799
0.000000 0.992555 0.121799
0.000000 0.992555 0.121799
0.000000 0.992555 0.121799
0.000000 0.992555 0.121799
0.000000 0.992555 0.121799
0.000000 0.992555 0.121799
0.000000 0.992555 0.121799
0.000000 0.185574 0.982630
0.000000 0.193844 0.981032
0.000000 0.190407 0.981705
0.000000 0.189874 0.981808
0.000000 0.189804 0.981822
0.000000 0.189945 0.981795
0.000000 0.190046 0.981775
0.000000 0.199376 0.979923
0.000000 0.179120 0.983827
-1.000000 0.000000 0.000000
-1.000000 0.000000 0.000000
-1.000000 0.000000 0.000000
-1.000000 0.000000 0.000000
-1.000000 0.000000 0.000000
-1.000000 0.000000 0.000000
-1.000000 0.000000 0.000000
-1.000000 0.000000 0.000000
-1.000000 0.000000 0.000000
-1.000000 0.000000 0.000000
-1.000000 0.000000 0.000000
-1.000000 0.000000 0.000000
-1.000000 0.000000 0.000000
-1.000000 0.000000 0.000000
-1.000000 0.000000 0.000000
-1.000000 0.000000 0.000000
-1.000000 0.000000 0.000000
-1.000000 0.000000 0.000000
-1.000000 0.000000 0.000000
-1.000000 0.000000 0.000000
-1.000000 0.000000 0.000000
-1.000000 0.000000 0.000000
-1.000000 0.000000 0.000000
-1.000000 0.000000 0.000000
-1.000000 0.000000 0.000000
-1.000000 0.000000 0.000000
-0.183825 -0.024723 -0.982648
-0.218561 -0.024540 -0.975515
-0.148415 -0.024870 -0.988612
-0.621835 0.592684 0.511905
-0.388382 0.732023 0.559734
-0.576731 0.613951 0.538929
-0.414200 0.707126 0.573072
-0.273932 0.783245 0.558112
-0.268263 0.771674 0.576676
-0.739712 0.493924 0.457018
-0.287772 0.785521 0.547855
-0.843406 0.383098 0.376698
-0.183826 0.027616 -0.982571
-0.218572 0.027418 -0.975436
-0.148405 0.027787 -0.988536
-0.621835 0.146553 -0.769314
-0.388382 0.118225 -0.913883
-0.576731 0.159306 -0.801251
-0.414200 0.142233 -0.899004
-0.273932 0.091185 -0.957417
-0.268263 0.113048 -0.956690
-0.739712 0.148463 -0.656342
-0.287772 0.081166 -0.954253
-0.843406 0.134393 -0.520196
-1.000000 0.000000 0.000000
-1.000000 0.000000 0.000000
-1.000000 0.000000 0.000000
-1.000000 0.000000 0.000000
-0.183898 -0.841678 0.507700
-0.149465 -0.846430 0.511093
-0.217618 -0.835462 0.504625
-1.000000 0.000000 0.000000
-1.000000 0.000000 0.000000
-1.000000 0.000000 0.000000
-1.000000 0.000000 0.000000
-1.000000 0.000000 0.000000
-1.000000 0.000000 0.000000
-1.000000 0.000000 0.000000
-1.000000 0.000000 0.000000
-1.000000 0.000000 0.000000
-1.000000 0.000000 0.000000
-1.000000 0.000000 0.000000
-1.000000 0.000000 0.000000
-1.000000 0.000000 0.000000
-1.000000 0.000000 0.000000
-1.000000 0.000000 0.000000
0.000000 -0.900337 0.435193
0.000000 -0.960568 0.278047
0.000000 -0.931479 0.363796
0.000000 -0.983258 0.182220
0.000000 -0.959119 0.283005
0.000000 -0.358730 -0.933442
0.000000 -0.996573 0.082721
0.000000 -0.981287 0.192548
0.000000 -0.999783 -0.020815
0.000000 -0.991801 -0.127790
0.000000 -0.995469 0.095085
0.000000 -0.970677 -0.240389
0.000000 -0.775245 -0.631661
0.000000 -0.918487 0.395450
0.000000 -0.940179 -0.340681
0.000000 -0.769311 0.638874
0.000000 -0.851966 0.523597
0.000000 -0.889765 -0.456419
0.000000 -0.992692 -0.120678
0.000000 -0.934108 -0.356990
0.000000 -0.999968 -0.007940
0.000000 -0.839094 -0.543986
0.000000 -0.818206 -0.574925
0.000000 -0.993385 -0.114833
0.000000 -0.652864 -0.757475
0.000000 -0.255595 0.966784
0.000000 -0.878406 -0.477915
0.000000 -0.902978 -0.429688
0.000000 -0.720378 -0.693582
0.000000 -0.780298 -0.625408
0.000000 -0.691887 -0.722006
0.000000 -0.600118 0.799912
0.000000 -0.859959 -0.510363
0.000000 -0.995741 0.092199
0.000000 -0.706358 -0.707854
0.000000 -0.801034 -0.598619
0.000000 -0.651754 -0.758430
0.000000 -0.971831 -0.235679
0.000000 -0.934400 -0.356227
0.000000 -0.997251 -0.074092
0.000000 -0.268633 -0.963243
0.000000 -0.329952 0.943998
0.000000 -0.851163 -0.524901
0.000000 -0.504575 -0.863368
0.000000 -0.953236 -0.302226
0.000000 -0.246653 -0.969104
0.000000 -0.601670 -0.798745
0.000000 -0.456489 0.889729
0.000000 -0.726720 0.686933
0.000000 -0.527086 0.849812
0.000000 -0.658949 0.752188
0.000000 -0.459258 0.888303
0.000000 -0.615658 0.788014
0.000000 -0.978321 -0.207095
0.000000 -0.976910 -0.213651
0.000000 -0.669635 -0.742691
0.000000 -0.823331 -0.567562
0.000000 -0.992692 -0.120672
0.000000 -0.568460 -0.822711
0.000000 -0.811006 -0.585038
0.000000 -0.980034 -0.198831
0.000000 -0.291507 0.956569
0.000000 -0.563674 0.825997
0.000000 -0.540004 0.841663
0.000000 -0.758083 0.652158
0.000000 -0.762416 0.647087
0.000000 -0.903512 0.428563
0.000000 -0.900628 0.434591
0.000000 -0.943093 0.332530
0.000000 -0.797365 0.603497
0.000000 -0.985578 0.169220
0.000000 -0.613046 -0.790047
0.000000 -0.979750 0.200227
0.000000 -0.345851 0.938289
0.000000 -0.279463 0.960156
0.000000 -0.872396 -0.488800
0.000000 -0.937529 -0.347906
0.000000 -0.506345 0.862331
0.000000 -0.511610 -0.859218
0.000000 -0.256160 -0.966634
0.000000 -0.112675 -0.993632
0.000000 -0.764712 0.644372
0.000000 -0.266899 0.963724
0.000000 -0.312490 -0.949921
0.000000 -0.974964 -0.222363
0.000000 -0.800352 -0.599530
0.000000 -0.479957 -0.877292
0.000000 -0.760744 -0.649052
0.000000 -0.991862 -0.127315
0.000000 -0.257541 -0.966267
0.000000 -0.951996 0.306111
0.000000 -0.981156 0.193219
0.000000 -0.999914 0.013137
0.000000 -0.530539 -0.847661
0.000000 -0.884636 0.466283
0.000000 -0.935116 -0.354342
0.000000 -0.999864 -0.016521
0.000000 -0.922303 -0.386468
0.000000 -0.831993 0.554785
0.000000 -0.695074 -0.718938
0.000000 -0.948410 -0.317046
0.000000 -0.790552 0.612394
0.000000 -0.423703 -0.905801
0.000000 -0.874484 0.485055
0.000000 -0.274189 0.961676
0.000000 -0.613978 -0.789323
0.000000 -0.999963 0.008537
0.000000 -0.256597 -0.966518
0.000000 -0.977824 0.209429
0.000000 -0.994746 -0.102377
0.000000 -0.343064 0.939312
0.000000 -0.669149 -0.743128
0.000000 -0.234224 0.972183
0.000000 -0.249222 0.968446
0.000000 -0.236421 -0.971651
0.000000 -0.662128 -0.749391
0.000000 -0.907946 -0.419088
0.000000 -0.173525 0.984829
0.000000 -0.891628 0.452769
0.000000 -0.994648 -0.103324
0.000000 -0.459729 -0.888059
0.000000 -0.415815 0.909449
0.000000 -0.492971 -0.870045
0.000000 -0.984613 -0.174749
0.000000 -0.603059 0.797697
0.000000 -0.231559 0.972821
0.000000 -0.451781 -0.892129
0.000000 -0.425759 0.904837
-0.622052 0.738549 0.259995
-0.389157 0.849228 0.356887
-0.576475 0.772906 0.265129
-0.414809 0.848432 0.328781
-0.274845 0.873338 0.402170
-0.268680 0.883745 0.383152
-0.739322 0.642424 0.201726
-0.288918 0.865600 0.408978
-0.842549 0.518504 0.145822
-1.000000 0.000000 0.000000
-1.000000 0.000000 0.000000
-1.000000 0.000000 0.000000
-1.000000 0.000000 0.000000
-1.000000 0.000000 0.000000
-0.621835 -0.739593 0.257533
-0.388382 -0.850657 0.354320
-0.576731 -0.773629 0.262447
-0.414200 -0.849768 0.326089
-0.273932 -0.874851 0.399497
-0.268263 -0.885147 0.380197
-0.739712 -0.642695 0.199420
-0.287772 -0.867103 0.406594
-0.843406 -0.517739 0.143567
-0.184282 -0.861924 0.472364
-0.151491 -0.867940 0.473001
-0.219086 -0.855910 0.468422
-0.141387 -0.859801 0.490664
-1.000000 0.000000 0.000000
-1.000000 0.000000 0.000000
-1.000000 0.000000 0.000000
-1.000000 0.000000 0.000000
-1.000000 0.000000 0.000000
-1.000000 0.000000 0.000000
-1.000000 0.000000 0.000000
-1.000000 0.000000 0.000000
-1.000000 0.000000 0.000000
-1.000000 0.000000 0.000000
-1.000000 0.000000 0.000000
-1.000000 0.000000 0.000000
-1.000000 0.000000 0.000000
-1.000000 0.000000 0.000000
-1.000000 0.000000 0.000000
-1.000000 0.000000 0.000000
-1.000000 0.000000 0.000000
-1.000000 0.000000 0.000000
-1.000000 0.000000 0.000000
-1.000000 0.000000 0.000000
-1.000000 0.000000 0.000000
-1.000000 0.000000 0.000000
-1.000000 0.000000 0.000000
-1.000000 0.000000 0.000000
-1.000000 0.000000 0.000000
-1.000000 0.000000 0.000000
-1.000000 0.000000 0.000000
-1.000000 0.000000 0.000000
-1.000000 0.000000 0.000000
-1.000000 0.000000 0.000000
0.000000 0.898548 0.438875
0.000000 0.959634 0.281251
0.000000 0.928543 0.371224
0.000000 0.981757 0.190141
0.000000 0.955449 0.295155
0.000000 0.375080 -0.926992
0.000000 0.995640 0.093279
0.000000 0.978383 0.206802
0.000000 0.999925 -0.012226
0.000000 0.992795 -0.119827
0.000000 0.994149 0.108018
0.000000 0.971499 -0.237043
0.000000 0.777245 -0.629197
0.000000 0.910558 0.413382
0.000000 0.941839 -0.336065
0.000000 0.777458 0.628935
0.000000 0.847127 0.531391
0.000000 0.890625 -0.454738
0.000000 0.988890 -0.148648
0.000000 0.934263 -0.356585
0.000000 1.000000 0.000111
0.000000 0.840666 -0.541554
0.000000 0.820557 -0.571564
0.000000 0.991961 -0.126544
0.000000 0.626979 -0.779036
0.000000 0.314428 0.949281
0.000000 0.878489 -0.477762
0.000000 0.907550 -0.419944
0.000000 0.726198 -0.687486
0.000000 0.592857 0.805308
0.000000 0.785532 -0.618821
0.000000 0.692453 -0.721463
0.000000 0.865664 -0.500625
0.000000 0.995431 0.095486
0.000000 0.730219 -0.683213
0.000000 0.821739 -0.569865
0.000000 0.656723 -0.754132
0.000000 0.969740 -0.244140
0.000000 0.931686 -0.363264
0.000000 0.992836 -0.119483
0.000000 0.272078 -0.962275
0.000000 0.269465 0.963010
0.000000 0.517193 -0.855869
0.000000 0.867118 -0.498102
0.000000 0.306058 -0.952013
0.000000 0.607961 -0.793967
0.000000 0.966530 -0.256554
0.000000 0.453561 0.891225
0.000000 0.716437 0.697651
0.000000 0.477142 0.878826
0.000000 0.632881 0.774249
0.000000 0.447092 0.894488
0.000000 0.541627 0.840619
0.000000 0.993347 -0.115156
0.000000 0.973853 -0.227180
0.000000 0.997296 -0.073485
0.000000 0.673826 -0.738890
0.000000 0.813907 -0.580995
0.000000 0.669221 -0.743063
0.000000 0.911863 -0.410494
0.000000 0.975070 -0.221899
0.000000 0.775287 0.631609
0.000000 0.712904 0.701262
0.000000 0.278308 0.960492
0.000000 0.524230 0.851577
0.000000 0.937846 0.347050
0.000000 0.867884 0.496767
0.000000 0.973849 0.227198
0.000000 0.926633 0.375966
0.000000 0.758580 0.651580
0.000000 0.879325 0.476221
0.000000 0.624391 -0.781112
0.000000 0.342094 0.939666
0.000000 0.873330 -0.487128
0.000000 0.276516 0.961009
0.000000 0.938490 -0.345306
0.000000 0.517448 0.855715
0.000000 0.514491 -0.857496
0.000000 0.999998 -0.002111
0.000000 0.529345 0.848407
0.000000 0.270476 -0.962727
0.000000 0.117149 -0.993114
0.000000 0.320063 -0.947396
0.000000 0.978301 -0.207189
0.000000 0.801848 -0.597529
0.000000 0.494688 -0.869071
0.000000 0.226437 0.974026
0.000000 0.759890 -0.650052
0.000000 0.992133 -0.125188
0.000000 0.273989 -0.961733
0.000000 0.970855 0.239668
0.000000 0.999986 -0.005313
0.000000 0.981907 0.189365
0.000000 0.876433 0.481524
0.000000 0.564279 -0.825584
0.000000 0.999989 -0.004760
0.000000 0.772563 -0.634938
0.000000 0.922048 -0.387076
0.000000 0.943741 -0.330684
0.000000 0.777158 0.629305
0.000000 0.829642 0.558295
0.000000 0.857728 0.514104
0.000000 0.698067 -0.716032
0.000000 0.436083 -0.899906
0.000000 0.944048 0.329809
0.000000 0.268756 0.963208
0.000000 0.678410 -0.734684
0.000000 0.578961 -0.815355
0.000000 0.997041 -0.076870
0.000000 0.340152 0.940371
0.000000 0.263932 -0.964541
0.000000 0.706579 0.707634
0.000000 0.237544 0.971377
0.000000 0.310696 0.950509
0.000000 0.239010 -0.971017
0.000000 0.992463 0.122542
0.000000 0.962625 -0.270838
0.000000 0.170732 0.985317
0.000000 0.402222 0.915542
0.000000 0.896668 -0.442704
0.000000 0.994310 -0.106520
0.000000 0.243631 0.969868
0.000000 0.471618 -0.881803
0.000000 0.497505 -0.867461
0.000000 0.973711 -0.227786
0.000000 0.527205 0.849738
0.000000 0.221862 0.975078
0.000000 0.506435 -0.862278
0.000000 1.000000 0.000398
0.000000 0.561105 -0.827744
0.000000 0.950250 0.311488
0.000000 -0.001271 0.999999
0.000000 -0.001271 0.999999
0.000000 -0.951039 0.309071
1.000000 0.000000 0.000000
0.000000 0.810153 -0.586218
0.000000 0.001271 -0.999999
0.000000 -0.951039 0.309071
0.000000 -0.951039 0.309071
-0.622052 -0.594295 0.509769
-0.389157 -0.733533 0.557213
-0.576475 -0.615912 0.536963
-0.414809 -0.708790 0.570570
-0.274845 -0.784804 0.555466
-0.268680 -0.773532 0.573985
-0.739322 -0.495786 0.455630
-0.288918 -0.786834 0.545361
-0.842549 -0.385433 0.376234
0.000000 0.001271 -0.999999
0.000000 -0.577432 -0.816439
0.000000 -0.581871 -0.813281
0.000000 -0.572710 -0.819758
0.000000 -0.571216 -0.820800
0.000000 -0.571624 -0.820516
0.000000 -0.576130 -0.817358
0.000000 -0.585797 -0.810458
0.000000 -0.587566 -0.809176
0.000000 -0.584286 -0.811548
0.000000 -0.506737 -0.862100
0.000000 -0.506393 -0.862303
0.000000 -0.506737 -0.862100
0.000000 -0.510515 -0.859869
0.000000 -0.506393 -0.862303
0.000000 -0.510515 -0.859869
0.000000 -0.506393 -0.862303
0.000000 -0.516148 -0.856499
0.000000 -0.516148 -0.856499
0.000000 0.664074 -0.747667
0.000000 0.664074 -0.747667
0.000000 0.664074 -0.747667
0.000000 0.664074 -0.747667
0.000000 0.664074 -0.747667
0.000000 0.664074 -0.747667
0.000000 0.664074 -0.747667
0.000000 0.664074 -0.747667
0.000000 0.664074 -0.747667
0.000000 0.895563 0.444935
0.000000 0.879579 0.475752
0.000000 0.888130 0.459593
0.000000 0.900401 0.435061
0.000000 0.887019 0.461733
0.000000 0.899761 0.436382
0.000000 0.898885 0.438184
0.000000 0.886745 0.462259
0.000000 0.876194 0.481958
0.000000 -0.127707 -0.991812
0.000000 -0.135862 -0.990728
0.000000 -0.123789 -0.992309
0.000000 -0.123045 -0.992401
0.000000 -0.122948 -0.992413
0.000000 -0.122936 -0.992415
0.000000 -0.124224 -0.992254
0.000000 -0.129699 -0.991553
0.000000 -0.136609 -0.990625
0.000000 0.624299 0.781186
0.000000 0.624229 0.781241
0.000000 0.620969 0.783835
0.000000 0.624393 0.781110
0.000000 0.620934 0.783863
0.000000 0.624328 0.781162
0.000000 0.624243 0.781231
0.000000 0.615807 0.787897
0.000000 0.615810 0.787894
0.000000 0.792063 -0.610439
0.000000 0.794701 -0.607001
0.000000 0.794821 -0.606844
0.000000 0.794676 -0.607033
0.000000 0.794509 -0.607252
0.000000 0.794606 -0.607126
0.000000 0.797005 -0.603973
0.000000 0.800554 -0.599260
0.000000 0.788040 -0.615625
0.000000 0.822261 0.569111
0.000000 0.822261 0.569111
0.000000 0.822261 0.569111
0.000000 0.822261 0.569111
0.000000 0.822261 0.569111
0.000000 0.822261 0.569111
0.000000 0.822261 0.569111
0.000000 0.822261 0.569111
0.000000 0.822261 0.569111
0.000000 -0.364112 0.931355
0.000000 -0.370533 0.928819
0.000000 -0.364723 0.931116
0.000000 -0.362060 0.932155
0.000000 -0.359942 0.932975
0.000000 -0.363557 0.931572
0.000000 -0.370533 0.928819
0.000000 -0.365863 0.930669
0.000000 -0.361267 0.932462
0.000000 -0.700340 0.713809
0.000000 -0.703331 0.710862
0.000000 -0.700190 0.713956
0.000000 -0.700322 0.713827
0.000000 -0.700363 0.713787
0.000000 -0.697467 0.716617
0.000000 -0.700497 0.713655
0.000000 -0.693223 0.720723
0.000000 -0.707928 0.706285
0.000000 -0.752978 0.658046
0.000000 -0.759256 0.650792
0.000000 -0.751314 0.659945
0.000000 -0.731508 0.681833
0.000000 -0.749321 0.662207
0.000000 -0.728458 0.685091
0.000000 -0.732015 0.681288
0.000000 -0.752450 0.658649
0.000000 -0.759908 0.650031
0.000000 0.970875 0.239587
0.000000 0.974365 0.224974
0.000000 0.962519 0.271214
0.000000 0.959827 0.280592
0.000000 0.963416 0.268009
0.000000 0.973007 0.230776
0.000000 0.959061 0.283200
0.000000 0.959061 0.283200
0.000000 0.959061 0.283200
0.000000 -0.001271 0.999999
0.000000 -0.001271 0.999999
0.000000 -0.001271 0.999999
0.000000 -0.001271 0.999999
0.000000 -0.001271 0.999999
0.000000 -0.001271 0.999999
0.000000 -0.001271 0.999999
0.000000 -0.001271 0.999999
0.000000 -0.001271 0.999999
0.000000 -0.953355 0.301850
0.000000 -0.951894 0.306429
0.000000 -0.953235 0.302231
0.000000 -0.952245 0.305337
0.000000 -0.951920 0.306348
0.000000 -0.952033 0.305995
0.000000 -0.952141 0.305659
0.000000 -0.955195 0.295977
0.000000 -0.955207 0.295940
0.000000 0.952594 0.304244
0.000000 0.951360 0.308081
0.000000 0.951373 0.308042
0.000000 0.951285 0.308312
0.000000 0.951289 0.308300
0.000000 0.951335 0.308160
0.000000 0.952630 0.304131
0.000000 0.954566 0.298001
0.000000 0.954569 0.297990
0.000000 0.463597 0.886046
0.000000 0.463597 0.886046
0.000000 0.463597 0.886046
0.000000 0.463597 0.886046
0.000000 0.463597 0.886046
0.000000 0.463597 0.886046
0.000000 0.463597 0.886046
0.000000 0.463597 0.886046
0.000000 0.463597 0.886046
0.000000 0.986440 -0.164124
0.000000 0.985837 -0.167708
0.000000 0.985837 -0.167708
0.000000 0.985022 -0.172427
0.000000 0.985867 -0.167531
0.000000 0.985837 -0.167708
0.000000 0.985770 -0.168103
0.000000 0.987350 -0.158555
0.000000 0.983869 -0.178888
0.000000 0.777878 -0.628416
0.000000 0.777878 -0.628416
0.000000 0.764115 -0.645080
0.000000 0.741274 -0.671202
0.000000 0.764115 -0.645080
0.000000 0.741274 -0.671202
0.000000 0.777878 -0.628416
0.000000 0.777878 -0.628416
0.000000 0.777878 -0.628416
-1.000000 0.000000 0.000000
-1.000000 0.000000 0.000000
-1.000000 0.000000 0.000000
-1.000000 0.000000 0.000000
-0.622052 -0.143898 -0.769639
-0.389157 -0.115287 -0.913929
-0.576475 -0.156622 -0.801964
-0.414809 -0.139234 -0.899193
-0.274845 -0.088114 -0.957443
-0.268680 -0.109788 -0.956952
-0.739322 -0.146330 -0.657260
-0.288918 -0.078350 -0.954143
-0.842550 -0.132822 -0.521985
-1.000000 0.000000 0.000000
-1.000000 0.000000 0.000000
-1.000000 0.000000 0.000000
-1.000000 0.000000 0.000000
-1.000000 0.000000 0.000000
-1.000000 0.000000 0.000000
-1.000000 0.000000 0.000000
-1.000000 0.000000 0.000000
-1.000000 0.000000 0.000000
-1.000000 0.000000 0.000000
-1.000000 0.000000 0.000000
-1.000000 0.000000 0.000000
-1.000000 0.000000 0.000000
-1.000000 0.000000 0.000000
-1.000000 0.000000 0.000000
-1.000000 0.000000 0.000000
-1.000000 0.000000 0.000000
-1.000000 0.000000 0.000000
-1.000000 0.000000 0.000000
-1.000000 0.000000 0.000000
-1.000000 0.000000 0.000000
-1.000000 0.000000 0.000000
-1.000000 0.000000 0.000000
-1.000000 0.000000 0.000000
0.000000 -0.997078 -0.076386
0.000000 -0.997381 -0.072326
0.000000 -0.997403 -0.072021
0.000000 -0.997398 -0.072085
0.000000 -0.997399 -0.072073
0.000000 -0.997373 -0.072431
0.000000 -0.997075 -0.076428
0.000000 -0.996607 -0.082308
0.000000 -0.996607 -0.082312
0.000000 0.850809 -0.525475
0.000000 0.850689 -0.525669
0.000000 0.848698 -0.528879
0.000000 0.850895 -0.525335
0.000000 0.850971 -0.525212
0.000000 0.848650 -0.528955
0.000000 0.850939 -0.525264
0.000000 0.845555 -0.533889
0.000000 0.845559 -0.533881
0.000000 -0.238081 -0.971245
0.000000 -0.238081 -0.971245
0.000000 -0.238081 -0.971245
0.000000 -0.238081 -0.971245
0.000000 -0.238081 -0.971245
0.000000 -0.238081 -0.971245
0.000000 -0.238081 -0.971245
0.000000 -0.238081 -0.971245
0.000000 -0.238081 -0.971245
0.000000 0.240550 -0.970637
0.000000 0.240550 -0.970637
0.000000 0.240550 -0.970637
0.000000 0.240550 -0.970637
0.000000 0.240550 -0.970637
0.000000 0.240550 -0.970637
0.000000 0.240550 -0.970637
0.000000 0.240550 -0.970637
0.000000 0.240550 -0.970637
0.000000 0.997552 -0.069928
0.000000 0.997556 -0.069877
0.000000 0.997580 -0.069530
0.000000 0.997559 -0.069825
0.000000 0.997268 -0.073864
0.000000 0.997839 -0.065712
0.000000 0.997570 -0.069669
0.000000 0.996813 -0.079775
0.000000 0.998245 -0.059221
0.000000 0.999151 -0.041192
0.000000 0.999151 -0.041192
0.000000 0.999601 -0.028246
0.000000 0.999946 0.010358
0.000000 0.999753 -0.022218
0.000000 0.999922 0.012497
0.000000 0.999558 -0.029741
0.000000 0.999558 -0.029741
0.000000 0.999558 -0.029741
0.000000 -0.849537 -0.527528
0.000000 -0.849537 -0.527528
0.000000 -0.847371 -0.531002
0.000000 -0.849739 -0.527204
0.000000 -0.847371 -0.531002
0.000000 -0.849739 -0.527204
0.000000 -0.849739 -0.527204
0.000000 -0.844201 -0.536027
0.000000 -0.844201 -0.536027
0.000000 -0.890182 -0.455605
0.000000 -0.893172 -0.449716
0.000000 -0.885891 -0.463893
0.000000 -0.884788 -0.465993
0.000000 -0.886412 -0.462897
0.000000 -0.887922 -0.459994
0.000000 -0.887765 -0.460296
0.000000 -0.889208 -0.457503
0.000000 -0.892647 -0.450756
0.000000 0.865562 -0.500802
0.000000 0.873320 -0.487148
0.000000 0.887090 -0.461596
0.000000 0.885510 -0.464620
0.000000 0.864145 -0.503243
0.000000 0.874912 -0.484282
0.000000 0.891194 -0.453622
0.000000 0.889965 -0.456029
0.000000 0.893525 -0.449013
0.000000 -0.999974 0.007227
0.000000 -0.999881 0.015452
0.000000 -0.999995 0.003277
0.000000 -0.999997 0.002528
0.000000 -0.999997 0.002430
0.000000 -0.999997 0.002417
0.000000 -0.999993 0.003716
0.000000 -0.999957 0.009235
0.000000 -0.999869 0.016206
0.000000 0.545682 -0.837992
0.000000 0.570603 -0.821226
0.000000 0.549639 -0.835402
0.000000 0.578305 -0.815821
0.000000 0.571674 -0.820481
0.000000 0.576212 -0.817300
0.000000 0.582588 -0.812767
0.000000 0.573602 -0.819134
0.000000 0.566764 -0.823880
0.000000 -0.916668 0.399650
0.000000 -0.916604 0.399796
0.000000 -0.916742 0.399479
0.000000 -0.918367 0.395729
0.000000 -0.915064 0.403308
0.000000 -0.916705 0.399564
0.000000 -0.916639 0.399715
0.000000 -0.920702 0.390266
0.000000 -0.912462 0.409161
0.000000 -0.881886 0.471463
0.000000 -0.878169 0.478350
0.000000 -0.883281 0.468845
0.000000 -0.883434 0.468556
0.000000 -0.880866 0.473366
0.000000 -0.875154 0.483844
0.000000 -0.873328 0.487132
0.000000 -0.874099 0.485747
0.000000 -0.876059 0.482205
0.000000 0.088626 -0.996065
0.000000 0.121769 -0.992559
0.000000 0.136756 -0.990605
0.000000 0.092449 -0.995717
0.000000 0.130813 -0.991407
0.000000 0.089112 -0.996022
0.000000 0.094552 -0.995520
0.000000 0.076730 -0.997052
0.000000 0.114184 -0.993460
0.000000 -0.662170 -0.749353
0.000000 -0.662170 -0.749353
0.000000 -0.662170 -0.749353
0.000000 -0.662170 -0.749353
0.000000 -0.662170 -0.749353
0.000000 -0.662170 -0.749353
0.000000 -0.662170 -0.749353
0.000000 -0.662170 -0.749353
0.000000 -0.662170 -0.749353
0.000000 0.508929 -0.860808
0.000000 0.509097 -0.860709
0.000000 0.505624 -0.862754
0.000000 0.509328 -0.860573
0.000000 0.509166 -0.860668
0.000000 0.512834 -0.858488
0.000000 0.509138 -0.860685
0.000000 0.500591 -0.865684
0.000000 0.518338 -0.855176
0.000000 -0.625882 0.779918
0.000000 -0.622802 0.782379
0.000000 -0.625800 0.779983
0.000000 -0.626085 0.779755
0.000000 -0.629269 0.777187
0.000000 -0.625946 0.779867
0.000000 -0.625840 0.779952
0.000000 -0.633876 0.773435
0.000000 -0.617796 0.786338
