1 1638 307
298 1640 0
2 1640 298
307 1638 3
297 1638 1
3 1638 306
0 1640 290
299 1640 2
304 1636 303
301 1635 300
1634 1636 304
1633 1635 301
302 1633 301
305 1634 304
294 1636 295
291 1635 292
295 1636 1634
292 1635 1633
292 1633 293
295 1634 296
296 1637 297
306 1637 305
300 1639 299
303 1641 302
290 1639 291
293 1641 294
305 1637 1634
1634 1637 296
302 1641 293
300 1635 291
303 1636 294
293 1633 302
291 1639 300
294 1641 303
1637 1638 297
306 1638 1637
1639 1640 299
290 1640 1639
311 1642 7
316 5 314
10 1646 313
310 1645 308
1642 1645 7
1642 1647 1646
1647 1649 313
314 1643 10
1646 1651 1642
1644 1649 1647
7 1645 310
1645 1648 308
1644 1652 311
1643 1646 10
312 1644 8
314 1650 1643
1647 1652 1644
311 1652 1642
1642 1652 1647
1643 1650 1648
1643 1651 1646
1646 1647 313
5 1650 314
1648 1651 1643
1642 1651 1645
1645 1651 1648
9 1649 312
312 1649 1644
308 309 6
8 1644 311
313 1649 9
316 11 315
12 316 315
308 4 309
308 1650 5
6 310 308
314 11 316
1648 1650 308
10 1661 314
325 1656 13
314 1661 11
14 1656 325
324 1661 10
11 1661 333
326 1656 14
13 1656 317
327 1657 1655
1655 1657 318
332 1660 1659
331 1658 330
333 1660 332
327 1655 326
332 1659 331
330 1654 329
331 1659 1658
330 1658 1654
329 1654 1653
329 1653 328
1659 1660 323
1658 1659 322
317 1655 318
320 1654 321
321 1658 322
323 1660 324
1654 1658 321
322 1659 323
1653 1654 320
319 1653 320
318 1657 319
328 1657 327
1653 1657 328
319 1657 1653
1660 1661 324
317 1656 1655
333 1661 1660
1655 1656 326
427 1701 465
436 1700 335
463 1694 421
340 1695 438
91 1707 460
30 1821 1705
364 1728 446
455 1729 398
1676 1827 457
444 1828 1675
77 1729 455
446 1728 46
69 1678 452
444 1675 38
348 1705 441
460 1707 413
1676 1748 85
435 1700 436
465 1701 429
419 1694 462
439 1695 342
406 1827 1676
1675 1828 356
1705 1821 441
390 1834 1678
458 1824 459
442 1825 443
1795 1812 1714
1794 1818 1722
1793 1813 1720
1798 1811 1721
1797 1816 1715
1800 1815 1716
1796 1817 1719
1799 1814 1723
463 1704 464
437 1706 438
418 1727 1665
1664 1734 1706
1704 1732 1685
1687 1726 343
433 1724 112
101 1732 463
409 1710 88
417 1708 96
402 1712 82
425 1717 104
438 1734 20
1686 1730 430
1685 1801 1704
387 1699 1673
1689 1698 375
33 1813 352
57 1816 376
41 1814 360
25 1818 344
17 1812 336
49 1811 368
73 1817 392
65 1815 384
1681 1823 1741
1770 1795 1714
1771 1793 1720
1769 1794 1722
1772 1798 1721
1775 1800 1716
1774 1797 1715
1773 1799 1723
1776 1796 1719
339 1734 1664
1685 1732 422
403 1680 1674
359 1690 1679
113 1761 433
97 1763 417
89 1762 409
105 1764 425
83 1765 402
374 1810 54
1746 1779 1665
1663 1771 35
1664 1770 19
1667 1769 27
1669 1772 51
1670 1773 43
1672 1776 75
1671 1774 59
1673 1775 67
458 1803 1702
1703 1802 443
1688 1751 367
395 1753 1672
1681 1741 298
1768 1807 1711
1746 1832 1779
39 1679 444
1706 1823 1664
52 1760 371
452 1699 68
336 1812 1795
344 1818 1794
352 1813 1793
368 1811 1798
376 1816 1797
392 1817 1796
384 1815 1800
360 1814 1799
35 1771 354
19 1770 338
27 1769 346
51 1772 370
43 1773 362
75 1776 394
59 1774 378
67 1775 386
458 1827 1803
1802 1828 443
1671 1835 1789
1670 1837 1790
1667 1831 1787
1791 1836 1691
407 1768 13
1679 1747 445
456 1749 1680
415 1780 94
423 1782 102
400 1784 80
370 1721 50
394 1719 74
346 1722 26
362 1723 42
338 1714 18
378 1715 58
354 1720 34
386 1716 66
431 1778 110
1704 1830 1742
36 1802 355
325 1803 14
1741 1823 1706
391 1809 71
1680 1748 457
367 1751 1750
58 1715 377
26 1722 345
42 1723 361
74 1719 393
50 1721 369
18 1714 337
34 1720 353
66 1716 385
1752 1753 395
404 1748 84
409 1711 1710
417 1709 1708
425 1718 1717
402 1713 1712
433 1725 1724
336 1795 0
352 1793 32
344 1794 24
384 1800 64
376 1797 56
360 1799 40
392 1796 72
368 1798 48
1738 1810 55
1778 1808 1725
1780 1804 1709
1782 1805 1718
1784 1806 1713
1727 1746 1665
1687 1745 1726
351 1820 31
90 1819 410
1737 1791 1673
1699 1737 1673
1689 1789 1736
1689 1736 1698
1686 1756 1730
1711 1807 1710
1709 1804 1708
1718 1805 1717
1713 1806 1712
1725 1808 1724
1690 1790 1747
1680 1749 1674
1690 1747 1679
1677 1759 372
1785 1795 1770
1786 1793 1771
1787 1794 1769
1789 1797 1774
1788 1798 1772
1791 1800 1775
1790 1799 1773
1792 1796 1776
416 1804 95
401 1806 81
424 1805 103
408 1807 87
432 1808 111
1687 1787 1745
1726 1745 440
461 1746 1727
1737 1836 1791
1789 1835 1736
115 1829 1731
1787 1831 1745
454 1826 1753
1790 1837 1747
1702 1824 458
443 1825 1703
98 1727 418
343 1726 23
94 1780 1684
102 1782 1685
80 1784 1693
110 1778 1686
372 1759 52
437 1741 1706
1662 1767 1762
1704 1742 464
1698 1738 55
1753 1826 1696
463 1732 1704
1706 1734 438
114 1731 434
430 1730 109
28 1735 347
347 1667 27
339 1664 19
410 1662 89
355 1663 35
426 1668 105
418 1665 97
434 1666 113
379 1671 59
363 1670 43
371 1669 51
387 1673 67
403 1674 83
395 1672 75
13 1682 325
110 1686 430
94 1684 414
24 1687 343
102 1685 422
0 1681 298
32 1683 351
48 1688 367
40 1690 359
72 1692 391
56 1689 375
80 1693 399
64 1691 383
414 1733 93
449 1738 1698
68 1699 387
1684 1780 1779
1685 1782 1781
375 1698 55
1693 1784 1783
1686 1778 1777
442 1821 1820
20 1734 339
422 1732 101
84 1680 403
359 1679 39
44 1744 363
399 1743 79
1664 1785 1770
1663 1786 1771
1667 1787 1769
1669 1788 1772
1670 1790 1773
1671 1789 1774
1673 1791 1775
1672 1792 1776
60 1755 379
383 1754 63
76 1752 395
367 1750 47
1767 1768 1711
407 1807 1768
357 1675 37
298 1741 2
106 1742 426
1730 1756 115
86 1676 405
1733 1832 461
440 1831 1735
84 1748 1680
417 1763 1709
409 1762 1711
425 1764 1718
402 1765 1713
433 1761 1725
1762 1767 1711
371 1760 1697
1766 1767 1662
1708 1804 416
1710 1807 408
1712 1806 401
1717 1805 424
1724 1808 432
1781 1801 1685
1666 1761 113
1662 1762 89
1665 1763 97
1668 1764 105
1674 1765 83
32 1793 1683
0 1795 1681
24 1794 1687
72 1796 1692
56 1797 1689
48 1798 1688
40 1799 1690
64 1800 1691
1820 1821 31
1684 1832 414
442 1820 1739
347 1831 1667
434 1829 1666
355 1703 1663
1740 1819 459
1682 1702 325
371 1697 1669
1777 1833 1686
1692 1696 391
1681 1795 1785
1683 1793 1786
1687 1794 1787
1688 1798 1788
1690 1799 1790
1689 1797 1789
1691 1800 1791
1692 1796 1792
1719 1817 393
1715 1816 377
1721 1811 369
1722 1818 345
1714 1812 337
1716 1815 385
1723 1814 361
1720 1813 353
1753 1839 1672
1688 1840 1751
365 1728 45
1691 1836 383
1743 1838 456
379 1835 1671
54 1810 1757
445 1837 1744
78 1729 397
1750 1751 447
454 1753 1752
1693 1838 399
363 1837 1670
1682 1767 1766
1758 1810 1738
55 1810 374
1783 1841 1693
1666 1777 1761
1665 1779 1763
1668 1781 1764
1674 1783 1765
349 1705 29
1788 1840 1688
1672 1839 1792
13 1768 1682
92 1707 412
1754 1836 451
450 1835 1755
1683 1822 1739
410 1740 1662
1736 1835 450
1683 1739 351
451 1836 1737
1664 1823 1785
426 1830 1668
1756 1829 115
1786 1822 1683
36 1828 1802
1803 1827 14
54 1757 373
431 1808 1778
415 1804 1780
423 1805 1782
400 1806 1784
1766 1824 1702
1761 1777 1725
1763 1779 1709
1764 1781 1718
1765 1783 1713
334 1700 16
108 1701 428
1682 1768 1767
1777 1778 1725
1779 1780 1709
1781 1782 1718
1783 1784 1713
1682 1766 1702
1745 1831 440
461 1832 1746
1809 1834 71
420 1694 99
22 1695 341
1747 1837 445
456 1838 1749
1740 1824 1766
1668 1801 1781
1822 1825 1739
1731 1829 434
1703 1825 1822
1740 1766 1662
414 1832 1733
1735 1831 347
1749 1841 1674
1674 1841 1783
355 1802 1703
1702 1803 325
373 1677 53
70 1678 389
1696 1809 391
1686 1833 1756
346 1769 1722
338 1770 1714
354 1771 1720
370 1772 1721
362 1773 1723
378 1774 1715
386 1775 1716
394 1776 1719
399 1838 1743
383 1836 1754
1744 1837 363
1755 1835 379
1696 1839 1753
1751 1840 1697
1785 1823 1681
1663 1822 1786
1739 1825 442
459 1824 1740
369 1811 49
337 1812 17
385 1815 65
361 1814 41
353 1813 33
393 1817 73
345 1818 25
377 1816 57
1697 1840 1669
112 1724 432
82 1712 401
104 1717 424
96 1708 416
88 1710 408
1692 1839 1696
1703 1822 1663
1739 1820 351
410 1819 1740
1759 1760 52
1792 1839 1692
1669 1840 1788
1742 1830 426
1757 1810 1758
1666 1833 1777
1668 1830 1801
1826 1834 1809
448 1760 1759
1758 1759 1677
1801 1830 1704
1693 1841 1838
1829 1833 1666
1696 1826 1809
1757 1758 1677
453 1834 1826
373 1757 1677
1756 1833 1829
1838 1841 1749
81 1806 400
87 1807 407
95 1804 415
103 1805 423
111 1808 431
443 1828 444
448 1759 1758
453 1826 454
335 2 437
2 1741 437
14 1827 406
15 1700 334
335 1700 15
16 1700 435
20 340 438
21 1695 340
341 1695 21
342 1695 22
439 342 23
23 1726 439
441 28 348
441 1735 28
29 1705 348
30 1705 349
350 1821 30
31 1821 350
356 1828 36
37 1675 356
38 1675 357
444 38 358
358 39 444
44 364 446
446 1744 44
45 1728 364
46 1728 365
46 366 446
446 366 47
446 47 447
47 1750 447
53 1677 372
60 380 116
116 1755 60
116 380 61
116 61 381
381 62 116
62 382 116
116 382 63
63 1754 116
68 388 452
452 388 69
389 1678 69
390 1678 70
71 1834 390
455 76 396
454 76 455
454 1752 76
396 77 455
397 1729 77
398 1729 78
398 79 455
79 1743 455
85 1748 404
405 1676 85
406 1676 86
459 90 411
459 1819 90
411 91 460
412 1707 91
413 1707 92
413 93 460
93 1733 460
462 98 419
462 1727 98
99 1694 419
100 1694 420
421 1694 100
421 101 463
464 106 427
464 1742 106
107 1701 427
428 1701 107
429 1701 108
429 109 465
109 1730 465
436 114 435
436 1731 114
115 1731 436
465 1730 115
450 1755 116
116 1754 451
436 335 437
459 411 460
464 427 465
438 1695 439
439 1726 440
440 1735 441
441 1821 442
444 1679 445
445 1744 446
447 1697 448
447 1751 1697
448 1758 449
1697 1760 448
449 1698 450
449 1758 1738
1698 1736 450
451 1699 452
451 1737 1699
452 1678 453
1678 1834 453
455 1743 456
456 1680 457
457 1827 458
457 1748 1676
460 1733 461
461 1727 462
462 1694 463
1779 1832 1684
480 115 118
465 115 480
117 116 451
117 451 466
451 452 466
452 453 467
466 452 467
453 454 468
467 453 468
454 455 469
468 454 469
455 456 470
469 455 470
456 457 471
470 456 471
457 458 472
471 457 472
458 459 473
472 458 473
459 460 474
473 459 474
460 461 475
474 460 475
461 462 476
475 461 476
462 463 477
476 462 477
463 464 478
477 463 478
464 465 479
478 464 479
479 465 480
1853 1859 500
1852 1858 508
499 1859 1851
507 1858 1850
1845 1853 501
1844 1852 509
502 1849 1845
510 1848 1844
498 1851 1843
506 1850 1842
503 1856 1849
511 1857 1848
1843 1847 497
1842 1846 505
1847 1855 496
1846 1854 504
1854 1856 120
1855 1857 119
1849 1863 1845
1848 1862 1844
1843 1861 1847
1842 1860 1846
1845 1867 1853
1844 1866 1852
1851 1865 1843
1850 1864 1842
1856 1870 1849
1857 1871 1848
1847 1869 1855
1846 1868 1854
1853 1875 1859
1852 1874 1858
1859 1873 1851
1858 1872 1850
1854 1877 1856
1855 1876 1857
472 1895 1875
487 1894 1874
473 1895 472
488 1894 487
495 1868 494
480 1869 479
482 1871 481
467 1870 466
489 1894 488
474 1895 473
1872 1894 489
1873 1895 474
491 1864 490
476 1865 475
486 1866 485
471 1867 470
500 1859 499
508 1858 507
503 1849 502
511 1848 510
501 1853 500
509 1852 508
499 1851 498
507 1850 506
504 1854 120
496 1855 119
502 1845 501
510 1844 509
120 1856 503
119 1857 511
498 1843 497
506 1842 505
497 1847 496
505 1846 504
495 1890 1868
480 1891 1869
1871 1893 481
1870 1892 466
118 1891 480
117 1890 495
481 1893 118
466 1892 117
493 1860 492
478 1861 477
484 1862 483
469 1863 468
1876 1891 118
1877 1890 117
118 1893 1876
117 1892 1877
490 1886 489
475 1887 474
487 1888 486
472 1889 471
1865 1887 475
1864 1886 490
471 1889 1867
486 1888 1866
489 1886 1872
474 1887 1873
1874 1888 487
1875 1889 472
494 1885 493
479 1884 478
483 1883 482
468 1882 467
470 1879 469
485 1878 484
477 1881 476
492 1880 491
1868 1885 494
1869 1884 479
482 1883 1871
467 1882 1870
493 1885 1860
478 1884 1861
1862 1883 483
1863 1882 468
1842 1880 1860
1843 1881 1861
1862 1878 1844
1863 1879 1845
1864 1880 1842
1865 1881 1843
1844 1878 1866
1845 1879 1867
1867 1879 470
1866 1878 485
476 1881 1865
491 1880 1864
1860 1885 1846
1861 1884 1847
1848 1883 1862
1849 1882 1863
1860 1880 492
1861 1881 477
484 1878 1862
469 1879 1863
1846 1885 1868
1847 1884 1869
1871 1883 1848
1870 1882 1849
1850 1886 1864
1851 1887 1865
1866 1888 1852
1867 1889 1853
1856 1892 1870
1857 1893 1871
1869 1891 1855
1868 1890 1854
1874 1894 1858
1875 1895 1859
1872 1886 1850
1873 1887 1851
1852 1888 1874
1853 1889 1875
1854 1890 1877
1855 1891 1876
1877 1892 1856
1876 1893 1857
1858 1894 1872
1859 1895 1873
118 115 436
495 116 117
450 116 495
118 436 481
436 437 481
437 438 482
481 437 482
438 439 483
482 438 483
439 440 484
483 439 484
440 441 485
484 440 485
441 442 486
485 441 486
442 443 487
486 442 487
443 444 488
487 443 488
444 445 489
488 444 489
445 446 490
489 445 490
446 447 491
490 446 491
447 448 492
491 447 492
448 449 493
492 448 493
449 450 494
493 449 494
494 450 495
1902 1925 1909
1920 1925 1902
1896 1921 1917
1917 1929 1896
1914 1916 1901
1918 1919 1903
1901 1928 1914
1899 1927 1915
1915 1930 1899
1903 1929 1918
1918 1929 1917
1916 1917 1901
1909 1925 1910
1921 1926 1917
1909 1910 1906
1916 1918 1917
510 1905 1904
517 1920 1902
1905 1910 1904
510 1904 511
504 1903 505
1906 1910 1905
516 1920 517
506 1919 1899
1903 1919 505
1917 1926 1901
521 1901 522
517 1902 518
1915 1916 1914
1908 1909 1906
509 1905 510
1900 1905 509
519 1911 1898
1900 1906 1905
1902 1911 518
1918 1927 1919
1907 1908 1906
1913 1915 1914
505 1919 506
1900 1912 1907
1899 1912 507
507 1912 508
508 1912 1900
1913 1914 1898
519 1898 520
506 1899 507
508 1900 509
1901 1926 522
1900 1907 1906
518 1911 519
1907 1913 1908
512 1921 513
513 1896 514
526 1897 525
514 1922 515
527 1923 526
525 1924 524
1925 1935 1910
513 1921 1896
1896 1922 514
526 1923 1897
1897 1924 525
1919 1927 1899
521 1928 1901
1914 1928 1898
1899 1930 1912
1897 1925 1924
1898 1928 520
522 1926 523
1916 1927 1918
1913 1930 1915
1915 1927 1916
1907 1930 1913
523 1931 121
122 1934 516
120 1932 504
511 1933 119
1924 1925 1920
121 1931 512
515 1932 120
524 1934 122
119 1933 527
1910 1935 1904
1897 1935 1925
1904 1933 511
504 1932 1903
516 1934 1920
1922 1929 1903
1904 1935 1923
520 1928 521
1909 1936 1902
1912 1930 1907
1911 1937 1898
1923 1933 1904
1903 1932 1922
1908 1936 1909
1902 1936 1911
1921 1931 1926
1920 1934 1924
1908 1937 1936
1936 1937 1911
1913 1937 1908
1898 1937 1913
512 1931 1921
1896 1929 1922
1922 1932 515
527 1933 1923
1924 1934 524
1926 1931 523
1923 1935 1897
661 660 138
531 146 681
139 660 661
539 405 540
593 381 594
575 389 576
557 397 558
647 357 648
611 373 612
629 365 630
666 2037 139
2030 2056 1996
1948 2056 2030
146 2057 676
1998 2007 1977
1957 2039 2029
129 1938 585
2028 2070 2060
2035 2041 1958
1986 2070 2028
2020 2036 1954
2013 2075 1958
1977 2034 1998
2009 2037 1988
2014 2043 2023
566 2000 126
1959 2007 1948
2023 2043 1953
674 2060 673
602 1954 130
2029 2039 657
2012 2074 2043
1947 2026 145
2004 2008 2003
1958 2075 2035
1987 2057 2010
140 1959 1948
1974 2020 2006
1958 2041 124
1997 2072 1955
135 2039 1957
657 2039 137
2020 2061 2036
5 2041 528
1947 2022 2005
1947 2069 2026
2011 2013 1958
129 2036 1938
127 2004 567
1961 2007 1959
1977 2007 1961
1956 2004 2003
2006 2019 1974
316 2041 5
2058 2067 1980
137 2039 656
1993 2025 1994
1978 2027 2026
1975 2021 1970
1962 2019 1969
2015 2017 2016
2012 2043 2014
2017 2018 2016
1942 2067 1991
125 1945 549
638 1944 134
528 2041 2035
1969 2019 2006
1955 2072 620
2001 2042 2002
673 2060 1992
2018 2082 2045
131 1942 603
584 1941 128
2005 2054 1947
1988 2037 666
1991 2067 2058
1957 2017 2015
1994 2025 1999
2060 2070 1992
1946 2059 2028
660 2009 659
1945 2012 2011
2081 2082 2018
1954 2036 130
133 1993 621
1942 1991 603
620 2072 132
658 2029 657
530 2010 531
2043 2074 2002
135 1957 639
548 1958 124
1975 2031 2021
676 2057 1987
1978 2065 2027
2028 2060 1946
1945 2011 549
2000 2049 126
2038 2086 1990
1970 2021 1974
1938 2061 2031
1964 2019 1962
1957 2015 639
2023 2078 2014
1990 2059 2038
1946 2060 674
1974 2021 2020
585 1989 584
1949 2070 2055
678 2023 1953
1952 2024 664
2005 2042 2001
1995 1997 1955
1951 2029 658
2025 2045 1999
585 2079 1989
140 1948 662
680 1947 145
1998 2056 2007
2042 2043 2002
2002 2049 2000
2054 2069 1947
2004 2052 2008
1995 1998 1997
1999 2082 2077
1968 1970 1967
142 1984 670
1948 2030 662
1954 2058 2020
1970 1974 1967
2003 2087 2005
1962 1969 1961
2016 2045 2025
1966 1967 1964
2006 2058 1980
1969 2006 1980
680 2022 1947
1987 2023 677
665 2024 1988
2002 2074 2049
1953 2043 2042
678 1953 679
663 1952 664
2022 2042 2005
2005 2087 2054
1953 2022 679
1967 2019 1964
1960 1962 1961
567 2004 1956
676 1987 677
1989 2040 1941
665 1988 666
667 2032 1939
1966 1968 1967
673 1992 672
1969 1980 1977
549 2011 548
144 1946 674
663 2030 1952
667 1939 140
677 2023 678
664 2024 665
1939 2033 1960
1971 1975 1970
1985 1986 1982
639 2015 638
2032 2033 1939
584 1989 1941
1939 1959 140
1993 2050 2025
2026 2027 1940
1990 2044 1972
1963 1964 1962
2031 2061 2021
1956 2000 566
679 2022 680
528 2035 529
145 2026 1940
1993 1994 1955
662 2030 663
1939 1960 1959
141 2032 667
2045 2082 1999
1960 1963 1962
2001 2002 2000
669 1943 668
145 1940 675
2029 2062 2017
1965 1966 1964
1960 1961 1959
1969 1977 1961
1953 2042 2022
1960 2033 1963
1982 2028 1981
1986 2028 1982
1983 1985 1982
529 2035 1950
1974 2019 1967
1951 2062 2029
1980 2034 1977
1981 1990 1972
1994 1999 1996
1973 1982 1981
1968 1971 1970
1973 1983 1982
1957 2029 2017
127 2052 2004
2055 2070 1986
621 1955 620
567 1956 566
659 1951 658
529 1950 530
1940 2038 675
675 2038 144
144 2038 1946
2055 2064 1949
1990 2086 2044
1963 1965 1964
2015 2016 1944
1965 1972 1966
2008 2076 1979
2007 2056 1948
1956 2001 2000
1956 2003 2001
143 1949 671
2012 2013 2011
603 1991 602
2003 2005 2001
2010 2085 1987
668 2046 141
621 1993 1955
1973 1981 1972
1994 1996 1995
2018 2045 2016
1965 1973 1972
659 2009 1951
1995 2056 1998
1988 2083 2009
1972 2044 1966
2044 2086 2027
2016 2025 1944
1950 2010 530
2033 2047 1963
1979 2087 2008
1971 1976 1975
1994 1995 1955
141 2046 2032
2028 2059 1981
1966 2044 1968
139 2037 660
2062 2083 2081
1973 2047 1983
638 2015 1944
131 2051 1942
1963 2047 1965
531 2057 146
2063 2066 1985
1971 1978 1976
1978 1979 1976
548 2011 1958
602 1991 1954
2012 2014 2013
2020 2058 2006
2047 2053 1983
1941 2052 128
142 2064 1984
1943 2046 668
125 2049 1945
1965 2047 1973
1952 2082 2024
2033 2053 2047
2046 2053 2032
1976 2080 1975
1944 2050 134
1985 2055 1986
2032 2053 2033
1942 2068 2034
660 2037 2009
2077 2082 1952
671 2064 142
1940 2086 2038
1938 2079 585
2014 2048 2013
2021 2061 2020
1983 2063 1985
2010 2057 531
1996 2056 1995
133 2050 1993
2031 2079 1938
2051 2068 1942
2040 2080 1976
2024 2082 2081
2034 2068 1998
1991 2058 1954
2044 2065 1968
1998 2068 1997
2052 2084 2008
1981 2059 1990
2038 2059 1946
1943 2066 2063
2017 2062 2018
1971 2065 1978
1979 2069 2054
672 2071 143
2026 2069 1978
1996 2077 2030
2027 2065 2044
1987 2078 2023
2024 2081 1988
130 2036 129
670 2073 669
2046 2063 2053
2025 2050 1944
1984 2073 670
1992 2071 672
2031 2080 1989
1950 2085 2010
2062 2081 2018
2036 2061 1938
1949 2064 671
1980 2067 2034
2030 2077 1952
2081 2083 1988
1989 2080 2040
2034 2067 1942
124 2041 12
1999 2077 1996
1989 2079 2031
136 2039 135
1945 2074 2012
2009 2083 1951
669 2073 1943
2008 2087 2003
2055 2066 1984
1943 2063 2046
1968 2065 1971
1985 2066 2055
2054 2087 1979
2035 2075 1950
2027 2086 1940
2053 2063 1983
1984 2064 2055
132 2051 131
143 2071 1949
1987 2085 2048
128 2052 127
1978 2069 1979
1979 2076 1976
1975 2080 2031
126 2049 125
2048 2078 1987
134 2050 133
1949 2071 2070
2049 2074 1945
2048 2075 2013
2040 2084 1941
132 2072 2051
1976 2076 2040
1950 2075 2048
1997 2068 2051
2070 2071 1992
2014 2078 2048
2048 2085 1950
2051 2072 1997
1941 2084 2052
1951 2083 2062
2066 2073 1984
2008 2084 2076
1943 2073 2066
2076 2084 2040
12 2041 316
656 2039 136
12 547 124
532 547 12
357 37 648
38 357 647
365 45 630
46 365 629
373 53 612
54 373 611
381 61 594
62 381 593
389 69 576
70 389 575
397 77 558
78 397 557
405 85 540
86 405 539
531 681 123
125 565 126
550 565 125
127 583 128
568 583 127
586 130 129
586 601 130
131 619 132
604 619 131
622 134 133
622 637 134
640 136 135
640 655 136
533 546 532
532 546 547
534 545 533
533 545 546
535 544 534
534 544 545
536 543 535
535 543 544
537 542 536
536 542 543
538 541 537
537 541 542
539 540 538
538 540 541
550 551 564
550 564 565
552 564 551
552 553 563
552 563 564
554 561 553
553 561 562
553 562 563
555 561 554
556 560 555
555 560 561
557 558 556
556 558 559
556 559 560
569 583 568
569 570 582
569 582 583
571 580 570
570 580 581
570 581 582
571 572 579
571 579 580
572 573 578
572 578 579
574 577 573
573 577 578
575 576 574
574 576 577
587 600 586
586 600 601
588 599 587
587 599 600
589 598 588
588 598 599
590 597 589
589 597 598
591 596 590
590 596 597
592 595 591
591 595 596
593 594 592
592 594 595
605 619 604
606 618 605
605 618 619
606 607 616
606 616 617
606 617 618
607 608 615
607 615 616
609 614 608
608 614 615
609 610 613
609 613 614
611 612 610
610 612 613
622 623 637
624 635 623
623 635 636
623 636 637
625 635 624
626 633 625
625 633 634
625 634 635
626 627 632
626 632 633
627 628 631
627 631 632
629 630 628
628 630 631
641 655 640
642 654 641
641 654 655
643 653 642
642 653 654
644 652 643
643 652 653
645 651 644
644 651 652
646 650 645
645 650 651
647 649 646
646 649 650
647 648 649
144 2090 675
686 2090 144
147 2089 682
675 2090 145
684 2089 147
145 2090 683
683 2088 684
685 2088 686
148 2091 685
2088 2090 686
685 2089 2088
685 2091 2089
2088 2089 684
683 2090 2088
682 2091 148
2089 2091 682
2098 2121 2105
2116 2121 2098
2092 2117 2113
2113 2125 2092
2110 2112 2097
2114 2115 2099
2097 2124 2110
2095 2123 2111
2111 2126 2095
2099 2125 2114
2114 2125 2113
2112 2113 2097
2105 2121 2106
2117 2122 2113
2105 2106 2102
2112 2114 2113
502 2101 2100
688 2116 2098
2101 2106 2100
502 2100 503
496 2099 497
2102 2106 2101
687 2116 688
498 2115 2095
2099 2115 497
2113 2122 2097
692 2097 693
688 2098 689
2111 2112 2110
2104 2105 2102
501 2101 502
2096 2101 501
690 2107 2094
2096 2102 2101
2098 2107 689
2114 2123 2115
2103 2104 2102
2109 2111 2110
497 2115 498
2096 2108 2103
2095 2108 499
499 2108 500
500 2108 2096
2109 2110 2094
690 2094 691
498 2095 499
500 2096 501
2097 2122 693
2096 2103 2102
689 2107 690
2103 2109 2104
524 2117 525
525 2092 526
514 2093 513
526 2118 527
515 2119 514
513 2120 512
2121 2131 2106
525 2117 2092
2092 2118 526
514 2119 2093
2093 2120 513
2115 2123 2095
692 2124 2097
2110 2124 2094
2095 2126 2108
2093 2121 2120
2094 2124 691
693 2122 694
2112 2123 2114
2109 2126 2111
2111 2123 2112
2103 2126 2109
694 2127 122
121 2130 687
119 2128 496
503 2129 120
2120 2121 2116
122 2127 524
527 2128 119
512 2130 121
120 2129 515
2106 2131 2100
2093 2131 2121
2100 2129 503
496 2128 2099
687 2130 2116
2118 2125 2099
2100 2131 2119
691 2124 692
2105 2132 2098
2108 2126 2103
2107 2133 2094
2119 2129 2100
2099 2128 2118
2104 2132 2105
2098 2132 2107
2117 2127 2122
2116 2130 2120
2104 2133 2132
2132 2133 2107
2109 2133 2104
2094 2133 2109
524 2127 2117
2092 2125 2118
2118 2128 527
515 2129 2119
2120 2130 512
2122 2127 694
2119 2131 2093
702 2134 149
708 701 700
704 697 696
708 700 707
705 697 704
695 2136 696
704 2136 703
707 700 699
705 698 697
150 2134 709
703 2135 152
707 699 706
706 698 705
706 699 698
703 2136 695
709 2134 702
695 2135 703
152 2135 151
149 2134 150
696 2136 704
151 2135 695
709 702 701
709 701 708
2139 2151 2142
2142 2151 2149
2142 2154 2139
2145 2146 2143
2138 2146 2145
712 2138 713
716 2139 152
709 2140 150
705 2137 706
714 2143 715
707 2144 708
710 2141 711
703 2142 704
2149 2160 2142
2148 2149 2146
2146 2151 2143
2151 2157 2143
2150 2152 2137
2138 2147 2146
2144 2152 2150
2139 2157 2151
2148 2150 2149
2147 2148 2146
713 2145 714
706 2152 707
150 2153 710
152 2154 703
714 2145 2143
707 2152 2144
710 2153 2141
703 2154 2142
2138 2145 713
2137 2152 706
711 2155 712
704 2156 705
2141 2155 711
2139 2154 152
2140 2153 150
2142 2156 704
715 2157 716
708 2158 709
2143 2157 715
2144 2158 708
712 2155 2138
705 2156 2137
716 2157 2139
709 2158 2140
2149 2151 2146
2147 2161 2148
2137 2160 2150
2150 2160 2149
2147 2155 2141
2138 2155 2147
2150 2159 2144
2148 2159 2150
2148 2161 2159
2159 2161 2140
2141 2161 2147
2144 2159 2158
2158 2159 2140
2142 2160 2156
2156 2160 2137
2153 2161 2141
2140 2161 2153
719 718 711
722 715 723
711 712 719
714 715 722
717 2164 718
711 2164 710
719 712 720
721 714 722
710 2162 150
152 2163 716
712 713 720
713 714 721
720 713 721
710 2164 717
717 2162 710
716 2163 724
150 2162 149
151 2163 152
718 2164 711
149 2162 717
724 2163 151
715 716 723
723 716 724
156 2167 728
730 2167 156
153 2166 725
728 2167 155
726 2166 153
155 2167 727
727 2165 726
729 2165 730
154 2168 729
2165 2167 730
729 2166 2165
729 2168 2166
2165 2166 726
727 2167 2165
725 2168 154
2166 2168 725
815 428 816
797 334 798
779 341 780
851 412 852
833 420 834
761 349 762
2238 2251 2240
163 2335 2189
2251 2252 2240
2175 2313 2295
2246 2333 2188
2296 2312 2176
2295 2313 2239
2265 2314 2301
2242 2312 2296
2245 2298 2181
2237 2290 2284
824 2253 172
2182 2305 2244
2299 2315 2270
2244 2274 2182
2188 2292 2246
2257 2261 2179
2181 2332 2245
2260 2341 2261
2255 2257 2179
2261 2341 2252
2284 2290 2178
2191 2262 2253
749 2335 163
2294 2310 2259
2212 2350 2270
2204 2310 2294
2211 2314 2265
744 2302 161
156 2303 740
2249 2333 2246
2269 2350 2212
2174 2331 2301
2180 2256 2255
2267 2331 2174
2270 2315 2212
308 2212 4
165 2211 753
171 2180 807
806 2179 170
744 2339 2302
2303 2338 740
2295 2330 2175
167 2175 771
842 2176 174
2238 2348 2251
2180 2255 807
2176 2336 2296
788 2285 168
169 2250 789
173 2287 825
2260 2261 2257
2318 2352 2254
2307 2352 2318
2169 2316 2273
2253 2308 172
2264 2276 2230
2273 2321 2169
164 2188 751
2252 2341 2338
742 2327 2263
770 2174 166
175 2173 843
2262 2306 2253
2246 2292 2223
2196 2275 2206
2175 2267 771
2252 2340 2261
2227 2298 2245
2173 2322 2268
2333 2335 750
659 2181 660
2206 2275 2227
2191 2349 2262
2266 2332 658
2251 2340 2252
2261 2311 2179
531 2182 530
137 2329 657
2197 2275 2196
2227 2275 2272
2250 2251 2190
2220 2236 2221
162 2234 747
2338 2341 2203
158 2235 734
2223 2231 2215
2223 2292 2231
2173 2268 843
2220 2276 2264
2220 2264 2236
753 2329 137
2264 2305 2271
2264 2271 2236
2342 2352 2192
2263 2328 742
2230 2276 2208
2231 2272 2215
743 2204 744
740 2203 741
2191 2253 824
2231 2273 2272
737 2254 736
2214 2215 2197
2182 2274 530
807 2255 806
529 2274 2269
2327 2341 2260
2230 2305 2264
2202 2220 2219
2272 2298 2227
2263 2327 2260
160 2183 738
2221 2284 2222
2202 2276 2220
2215 2275 2197
2287 2312 2242
2237 2284 2221
732 2290 157
2239 2313 2285
2245 2332 2266
164 2291 2188
2249 2335 2333
2244 2305 2230
2208 2276 2201
2236 2237 2221
2189 2335 2334
771 2267 770
728 2277 2171
2306 2308 2253
2171 2184 156
161 2186 2172
728 2171 156
2171 2185 2184
2222 2284 2283
2186 2187 2172
161 2172 739
2252 2338 2240
2181 2353 660
2220 2221 2219
2277 2288 2171
2214 2223 2215
2206 2227 2226
2185 2193 2184
2186 2198 2187
2193 2280 2217
2229 2230 2208
2307 2309 2281
2306 2337 2308
2190 2285 788
825 2287 2191
2222 2283 2282
2207 2233 2228
789 2190 788
825 2191 824
2301 2314 2174
2224 2247 2246
2232 2295 2280
531 2355 2182
2225 2232 2205
2232 2280 2205
843 2268 842
2280 2295 2217
2222 2282 2281
746 2177 745
733 2178 732
155 2277 728
2216 2286 2198
2194 2280 2193
2175 2330 2267
2210 2216 2198
2173 2315 2299
2193 2217 2209
2207 2208 2201
2185 2194 2193
2256 2257 2255
789 2250 2190
2198 2199 2187
2195 2196 2194
2317 2325 2248
2224 2246 2223
2195 2197 2196
2199 2207 2201
2196 2206 2205
2201 2276 2202
658 2344 2266
2207 2286 2233
2204 2339 744
2229 2244 2230
2227 2245 2226
2241 2242 2216
2217 2239 2238
2271 2319 2170
160 2293 2183
2172 2293 739
740 2338 2203
2286 2296 2233
2216 2296 2286
2185 2195 2194
2198 2286 2199
2196 2205 2194
2214 2279 2224
530 2274 529
2222 2281 2219
2217 2295 2239
2199 2201 2200
2207 2228 2208
2205 2280 2194
529 2269 528
2186 2210 2198
2171 2288 2185
2193 2209 2184
2242 2296 2216
2206 2225 2205
2248 2278 2247
2221 2222 2219
2178 2347 2284
2201 2202 2200
2172 2297 2293
739 2293 160
2199 2286 2207
2185 2288 2195
2177 2325 2317
163 2189 748
2187 2297 2172
2170 2326 2271
2214 2224 2223
2219 2281 2218
2277 2300 2288
2213 2214 2197
660 2316 138
2228 2229 2208
2224 2279 2248
2224 2248 2247
731 2170 123
2213 2279 2214
2206 2226 2225
138 2169 752
2195 2213 2197
2210 2241 2216
2217 2238 2209
2247 2249 2246
2199 2200 2187
2289 2290 2237
2202 2219 2218
2272 2275 2215
2243 2262 2241
2202 2218 2200
159 2192 735
2273 2298 2272
2287 2349 2191
2195 2288 2213
2243 2294 2262
2190 2348 2285
745 2304 155
123 2319 531
157 2290 2289
2200 2297 2187
2245 2266 2265
743 2328 2204
2265 2351 2211
660 2353 2316
2288 2300 2213
2183 2309 2307
2229 2270 2244
2226 2301 2225
806 2255 2179
2319 2355 531
2277 2304 2300
2245 2265 2226
161 2302 2186
2184 2303 156
2218 2297 2200
2204 2328 2310
2186 2302 2210
2256 2259 2258
2209 2303 2184
2261 2340 2311
2213 2300 2279
2254 2352 2342
157 2289 731
2281 2309 2218
2228 2299 2229
155 2304 2277
2210 2243 2241
2238 2240 2209
741 2327 742
2299 2322 2173
2233 2336 2322
2291 2292 2188
2265 2301 2226
2237 2326 2289
2284 2347 2283
2229 2299 2270
2231 2321 2273
731 2289 2170
162 2323 2234
2189 2334 2278
2258 2260 2257
2279 2317 2248
658 2332 659
2256 2258 2257
2233 2322 2228
2282 2307 2281
171 2308 2180
2212 2343 2269
158 2324 2235
2210 2302 2243
2294 2306 2262
2240 2303 2209
2278 2334 2247
2177 2304 745
842 2268 2176
752 2291 164
2294 2339 2204
2179 2311 170
2258 2263 2260
2259 2306 2294
2212 2315 4
165 2314 2211
2297 2309 2293
770 2267 2174
2271 2326 2236
748 2323 162
5 2343 308
2169 2291 752
735 2324 158
2251 2348 2190
2236 2326 2237
2232 2330 2295
167 2313 2175
737 2318 2254
2176 2312 174
2192 2352 2320
2305 2355 2271
2242 2349 2287
2293 2309 2183
2262 2349 2241
169 2311 2250
2285 2348 2239
2304 2317 2300
2218 2309 2297
2259 2310 2258
2301 2331 2225
2178 2290 732
750 2335 749
2285 2313 168
173 2312 2287
2320 2324 2192
528 2343 5
738 2318 737
2258 2310 2263
2316 2353 2273
751 2333 750
2322 2336 2268
659 2332 2181
2234 2323 2278
138 2316 2169
2203 2327 741
2282 2352 2307
2296 2336 2233
2243 2339 2294
2183 2318 738
2244 2350 2274
2170 2319 123
736 2342 159
2278 2325 2234
2283 2320 2282
2291 2321 2292
2300 2317 2279
2177 2317 2304
2278 2323 2189
747 2345 746
734 2346 733
2274 2350 2269
2320 2354 2324
2256 2337 2259
2292 2321 2231
2234 2345 747
2235 2346 734
2177 2345 2325
2250 2340 2251
2180 2337 2256
2254 2342 736
2307 2318 2183
2189 2323 748
2169 2321 2291
2225 2331 2232
2268 2336 2176
2192 2324 735
742 2328 743
2228 2322 2299
2248 2325 2278
2174 2314 166
175 2315 2173
657 2344 658
2270 2350 2244
2289 2326 2170
746 2345 2177
733 2346 2178
2247 2334 2249
2273 2353 2298
2266 2351 2265
2203 2341 2327
2259 2337 2306
2269 2343 528
2239 2348 2238
2241 2349 2242
2271 2355 2319
2182 2355 2305
159 2342 2192
2298 2353 2181
2308 2337 2180
2188 2333 751
2310 2328 2263
2325 2345 2234
308 2343 2212
2302 2339 2243
2240 2338 2303
172 2308 171
2211 2329 753
170 2311 169
168 2313 167
174 2312 173
2232 2331 2330
2330 2331 2267
2334 2335 2249
2329 2344 657
2311 2340 2250
4 2315 175
166 2314 165
2346 2347 2178
2283 2354 2320
2320 2352 2282
2211 2351 2329
2235 2347 2346
2324 2354 2235
2344 2351 2266
2329 2351 2344
2235 2354 2347
2347 2354 2283
844 4 175
844 859 4
15 334 797
334 16 798
341 21 780
22 341 779
349 29 762
30 349 761
412 91 852
92 412 851
420 99 834
100 420 833
428 107 816
108 428 815
754 166 165
754 769 166
167 787 168
772 787 167
169 805 170
790 805 169
171 823 172
808 823 171
826 174 173
826 841 174
754 755 769
755 756 767
755 767 768
755 768 769
757 767 756
757 758 766
757 766 767
758 759 765
758 765 766
760 764 759
759 764 765
760 761 763
760 763 764
761 762 763
773 786 772
772 786 787
773 774 786
775 785 774
774 785 786
775 776 784
775 784 785
776 777 783
776 783 784
778 781 777
777 781 782
777 782 783
779 780 778
778 780 781
791 804 790
790 804 805
792 803 791
791 803 804
793 802 792
792 802 803
794 801 793
793 801 802
795 800 794
794 800 801
796 799 795
795 799 800
797 798 796
796 798 799
809 822 808
808 822 823
810 821 809
809 821 822
811 820 810
810 820 821
812 819 811
811 819 820
813 818 812
812 818 819
814 817 813
813 817 818
815 816 814
814 816 817
827 840 826
826 840 841
828 840 827
828 829 839
828 839 840
830 838 829
829 838 839
830 831 837
830 837 838
831 832 835
831 835 836
831 836 837
832 833 834
832 834 835
844 845 858
844 858 859
846 857 845
845 857 858
846 847 856
846 856 857
848 856 847
848 849 855
848 855 856
849 850 854
849 854 855
851 853 850
850 853 854
851 852 853
421 833 861
826 860 868
100 833 421
421 861 101
173 860 826
868 860 176
827 826 867
867 826 868
828 827 866
866 827 867
866 829 828
865 830 829
865 829 866
864 831 830
864 830 865
832 831 863
863 831 864
862 833 832
863 862 832
861 833 862
177 2361 877
422 2363 102
101 2363 422
877 2361 176
876 2361 177
176 2361 868
102 2363 869
861 2363 101
864 2357 863
868 2360 867
863 2356 862
866 2358 865
862 2362 861
865 2364 864
867 2359 866
872 2364 873
869 2362 870
875 2360 876
870 2356 871
873 2358 874
871 2357 872
874 2359 875
871 2356 863
872 2357 864
875 2359 867
865 2358 873
864 2364 872
867 2360 875
874 2358 866
873 2364 865
862 2356 870
870 2362 862
863 2357 871
866 2359 874
2360 2361 876
869 2363 2362
868 2361 2360
2362 2363 861
886 2372 81
878 2369 178
883 2367 882
885 2371 884
880 2365 879
879 2368 878
882 2366 881
888 2373 887
891 2370 890
881 2370 880
884 2373 883
890 2366 889
893 2368 892
892 2365 891
887 2371 886
889 2367 888
885 2372 886
893 2369 878
887 2373 884
890 2370 881
878 2368 893
886 2371 885
879 2365 892
882 2367 889
891 2365 880
888 2367 883
889 2366 882
881 2366 890
884 2371 887
892 2368 879
880 2370 891
883 2373 888
81 2372 401
401 2372 82
82 2372 885
178 2369 894
179 2369 893
894 2369 179
897 2378 181
2374 2377 549
549 2377 899
182 2375 898
179 2379 894
182 2377 2375
2375 2377 2374
2374 2378 2375
548 2381 2374
897 2380 2378
894 2379 2376
896 2381 548
2375 2380 2379
181 2381 896
2378 2381 181
899 2377 182
2376 2380 897
2375 2379 898
2374 2381 2378
2378 2380 2375
894 2376 178
2379 2380 2376
548 124 895
125 549 900
178 2376 897
898 2379 179
548 895 180
900 549 183
180 896 548
183 549 899
548 2374 549
896 2388 181
83 2383 403
180 2388 896
403 2383 84
181 2388 908
916 2388 180
84 2383 909
901 2383 83
2386 2390 914
906 2390 2386
915 2390 2387
2384 2389 911
912 2389 2385
909 2382 910
915 2387 916
910 2384 911
912 2385 913
911 2389 912
914 2390 915
2382 2384 910
2385 2389 904
2387 2390 907
904 2389 903
903 2389 2384
908 2387 907
903 2384 902
902 2382 901
905 2385 904
907 2390 906
902 2384 2382
906 2386 905
913 2386 914
2385 2386 913
905 2386 2385
908 2388 2387
2382 2383 901
2387 2388 916
909 2383 2382
895 547 916
540 404 909
404 84 909
85 404 540
124 547 895
180 895 916
910 541 540
910 540 909
911 542 541
911 541 910
912 543 542
912 542 911
913 544 543
913 543 912
914 545 544
914 544 913
915 546 545
915 545 914
916 547 546
916 546 915
89 2392 410
410 2392 90
310 2399 7
6 2399 310
917 2392 89
90 2392 925
932 2399 6
7 2399 924
925 2391 926
918 2391 917
919 2393 918
926 2393 927
920 2394 919
927 2394 928
921 2395 920
928 2395 929
922 2396 921
929 2396 930
923 2397 922
930 2397 931
924 2398 923
931 2398 932
927 2393 919
928 2394 920
929 2395 921
930 2396 922
931 2397 923
926 2391 918
918 2393 926
919 2394 927
920 2395 928
921 2396 929
922 2397 930
923 2398 931
2398 2399 932
924 2399 2398
2391 2392 917
925 2392 2391
852 411 925
309 859 932
4 859 309
932 6 309
411 90 925
91 411 852
926 853 852
926 852 925
927 854 853
927 853 926
928 855 854
928 854 927
929 856 855
929 855 928
930 857 856
930 856 929
857 931 858
930 931 857
932 859 858
858 931 932
941 823 940
816 427 933
427 106 933
107 427 816
172 823 941
940 184 941
816 934 817
933 934 816
817 935 818
934 935 817
818 936 819
935 936 818
819 937 820
936 937 819
820 938 821
937 938 820
821 939 822
938 939 821
939 823 822
940 823 939
944 2404 186
2400 2403 807
807 2403 947
189 2401 946
188 2405 945
189 2403 2401
2401 2403 2400
2400 2404 2401
806 2407 2400
944 2406 2404
945 2405 2402
943 2407 806
2401 2406 2405
186 2407 943
2404 2407 186
947 2403 189
2402 2406 944
2401 2405 946
2400 2407 2404
2404 2406 2401
945 2402 187
2405 2406 2402
806 170 942
171 807 948
806 942 185
187 2402 944
946 2405 188
948 807 190
185 943 806
947 190 807
806 2400 807
943 2414 186
113 2409 434
185 2414 943
434 2409 114
186 2414 956
964 2414 185
949 2409 113
114 2409 957
963 2413 964
958 2410 959
2410 2415 959
963 2416 2413
961 2411 962
957 2408 958
962 2416 963
959 2415 960
2408 2410 958
2411 2416 962
960 2415 2412
960 2412 961
956 2413 955
2413 2416 955
955 2416 954
951 2410 950
951 2415 2410
950 2408 949
954 2411 953
950 2410 2408
954 2416 2411
952 2415 951
2412 2415 952
953 2412 952
953 2411 961
961 2412 953
956 2414 2413
2408 2409 949
2413 2414 964
957 2409 2408
942 805 964
798 435 957
16 435 798
435 114 957
170 805 942
964 185 942
958 799 798
798 957 958
959 800 799
959 799 958
960 801 800
960 800 959
961 802 801
961 801 960
962 803 802
962 802 961
963 804 803
963 803 962
964 805 804
964 804 963
406 539 326
532 315 333
315 11 333
12 315 532
326 14 406
86 539 406
326 539 327
327 538 328
327 539 538
328 537 329
328 538 537
536 330 329
329 537 536
331 330 535
535 330 536
534 332 331
331 535 534
332 533 333
534 533 332
333 533 532
973 565 972
558 396 965
396 76 965
77 396 558
126 565 973
972 191 973
965 559 558
966 560 559
965 966 559
967 561 560
966 967 560
968 562 561
967 968 561
969 563 562
968 969 562
563 971 564
969 970 563
970 971 563
972 565 564
564 971 972
975 2421 192
2417 2420 567
567 2420 978
195 2418 977
194 2422 976
195 2420 2418
2418 2420 2417
2417 2421 2418
566 2424 2417
975 2423 2421
976 2422 2419
974 2424 566
2418 2423 2422
192 2424 974
2421 2424 192
978 2420 195
2419 2423 975
2418 2422 977
2417 2424 2421
2421 2423 2418
976 2419 193
2422 2423 2419
566 126 973
127 567 979
973 191 566
193 2419 975
977 2422 194
979 567 196
191 974 566
567 978 196
566 2417 567
192 2432 975
74 2433 394
987 2432 192
995 2433 74
394 2433 75
975 2432 193
75 2433 980
193 2432 988
2425 2428 981
982 2428 2426
980 2425 981
981 2428 982
982 2426 983
988 2427 989
991 2431 992
989 2430 990
2429 2431 991
990 2430 2429
2427 2430 989
990 2429 991
2426 2431 983
992 2431 2426
983 2431 984
984 2431 2429
984 2429 985
986 2427 987
986 2430 2427
2429 2430 985
985 2430 986
994 2425 995
992 2426 993
2426 2428 993
994 2428 2425
993 2428 994
2425 2433 995
2427 2432 987
988 2432 2427
980 2433 2425
898 2442 182
80 2441 400
182 2442 1003
996 2441 80
179 2442 898
400 2441 81
81 2441 886
893 2442 179
998 2434 997
2435 2440 891
886 2437 887
888 2438 889
889 2439 890
891 2440 892
2438 2439 889
892 2440 2436
890 2435 891
892 2436 893
890 2439 2435
998 2438 2434
2434 2437 997
887 2437 2434
2434 2438 888
999 2438 998
2435 2439 1000
1002 2440 1001
1001 2435 1000
1003 2436 1002
2436 2440 1002
999 2439 2438
1001 2440 2435
997 2437 996
1000 2439 999
887 2434 888
2437 2441 996
1003 2442 2436
886 2441 2437
2436 2442 893
417 2450 97
1020 2451 198
97 2450 1004
198 2451 1012
197 2451 1020
96 2450 417
1011 2451 197
1019 2450 96
1007 2449 1008
1005 2447 1006
1010 2446 1011
1006 2447 2444
2444 2449 1007
1006 2444 1007
1013 2445 1014
1018 2448 1019
1014 2445 2443
1014 2443 1015
2445 2446 1010
1008 2449 2443
1005 2448 2447
2443 2449 1015
1013 2446 2445
2447 2448 1018
1004 2448 1005
2443 2445 1009
1008 2443 1009
1009 2445 1010
1015 2449 1016
1012 2446 1013
2444 2447 1017
1016 2449 2444
1016 2444 1017
1017 2447 1018
1012 2451 2446
1004 2450 2448
2448 2450 1019
2446 2451 1011
1020 2456 197
2452 2455 843
843 2455 1025
201 2453 1024
200 2457 1023
201 2455 2453
2453 2455 2452
2452 2456 2453
842 2459 2452
1020 2458 2456
1023 2457 2454
1022 2459 842
2453 2458 2457
197 2459 1022
2456 2459 197
1025 2455 201
2454 2458 1020
2453 2457 1024
2452 2459 2456
2456 2458 2453
1023 2454 198
2457 2458 2454
842 174 1021
175 843 1026
198 2454 1020
842 1021 199
1024 2457 200
1026 843 202
199 1022 842
202 843 1025
842 2452 843
834 419 1027
1021 841 1034
419 98 1027
99 419 834
174 841 1021
1034 199 1021
1027 835 834
1028 836 835
1027 1028 835
1029 837 836
1029 836 1028
1030 838 837
1030 837 1029
1031 839 838
1031 838 1030
840 839 1032
1032 839 1031
1033 841 840
1033 840 1032
1034 841 1033
2474 2478 1039
2464 2477 2465
2461 2481 2468
205 2484 2471
2470 2476 1044
209 2464 2460
1043 2470 1044
2483 2484 2466
2477 2479 2465
1049 2461 210
204 2472 1042
211 2462 1050
2467 2479 206
1041 2473 204
2469 2478 2474
1038 2474 1039
2468 2481 1036
2475 2477 2464
2465 2467 2460
1041 2482 2473
2472 2480 1042
1035 2486 1036
204 2473 2472
2469 2474 2461
1049 2469 2461
2464 2465 2460
211 2473 2462
203 2475 1035
1051 2470 212
1044 2476 1045
1045 2476 2471
1039 2478 1040
2475 2486 1035
205 2471 1052
1037 2485 1038
2471 2484 1046
1038 2485 2474
1050 2469 1049
1043 2480 2470
1045 2471 1046
2461 2485 2481
2477 2483 2479
1047 2484 2483
2465 2479 2467
1047 2483 1048
1046 2484 1047
203 2477 2475
1052 2476 1051
2470 2480 212
2478 2482 1040
2462 2478 2469
1040 2482 1041
1042 2480 1043
2462 2469 1050
1048 2477 203
1036 2481 1037
1051 2476 2470
212 2480 2472
2473 2482 2462
2471 2476 1052
2462 2482 2478
2481 2485 1037
2474 2485 2461
206 2479 2466
212 2472 211
2463 2464 209
2472 2473 211
210 2463 209
1048 2483 2477
210 2468 2463
2463 2475 2464
206 2466 205
2479 2483 2466
2466 2484 205
2463 2486 2475
2468 2486 2463
207 2467 206
208 2460 207
2460 2467 207
209 2460 208
2461 2468 210
1036 2486 2468
687 2487 121
693 1043 692
1047 688 689
1043 1044 692
1046 1047 689
692 1044 691
690 1046 689
203 2487 1048
1042 2488 204
691 1044 1045
1045 1046 690
691 1045 690
1048 2489 1047
1047 2489 688
1048 2487 687
694 2488 1042
204 2488 122
121 2487 203
687 2489 1048
122 2488 694
688 2489 687
694 1042 693
1042 1043 693
516 2490 122
521 522 1036
517 518 1040
1037 521 1036
1040 518 1039
523 2493 522
1036 2493 1035
520 521 1037
518 519 1039
204 2490 1041
1035 2491 203
1038 520 1037
1039 519 1038
519 520 1038
1041 2492 1040
1035 2493 523
1040 2492 517
1041 2490 516
523 2491 1035
203 2491 121
122 2490 204
522 2493 1036
516 2492 1041
121 2491 523
517 2492 516
683 2501 680
676 2502 1056
145 683 680
146 676 1056
2496 2501 683
1056 2502 2495
2497 2504 2503
2503 2504 2494
2497 2503 2498
1053 2499 2494
2494 2500 1054
679 2497 678
1053 2494 1054
684 2496 683
1056 2495 1055
2499 2503 2494
2494 2504 2500
2501 2504 2497
213 2499 1053
1054 2500 147
1055 2499 213
147 2500 684
2496 2504 2501
2498 2503 2502
2497 2498 678
678 2498 677
2502 2503 2495
679 2501 2497
2495 2499 1055
684 2500 2496
680 2501 679
677 2502 676
2495 2503 2499
2498 2502 677
2500 2504 2496
1057 2513 214
1065 2509 25
1070 2506 1069
1072 2512 1071
1062 2505 1061
1066 2508 1065
1061 2510 1060
1063 2511 1062
1059 2507 1058
1071 2507 1070
1067 2511 1066
1064 2508 1063
1069 2510 1068
1068 2505 1067
1058 2512 1057
1060 2506 1059
1064 2509 1065
1072 2513 1057
1058 2507 1071
1069 2506 1060
1061 2505 1068
1066 2511 1063
1057 2512 1072
1065 2508 1064
1071 2512 1058
1068 2510 1061
1060 2510 1069
1063 2508 1066
1059 2506 1070
1067 2505 1062
1062 2511 1067
1070 2507 1059
25 2509 345
345 2509 26
26 2509 1064
214 2513 1073
215 2513 1072
1073 2513 215
26 2522 346
1082 2521 214
1064 2522 26
214 2521 1057
216 2521 1082
346 2522 27
1081 2521 216
27 2522 1074
1080 2518 1081
1078 2520 1079
1074 2515 1075
1076 2517 1077
1058 2516 1059
1060 2519 1061
1062 2514 1063
1079 2520 2516
2517 2519 1077
1075 2515 2514
2519 2520 1078
2514 2517 1076
2516 2518 1080
2516 2520 1059
1061 2519 2517
2514 2515 1063
1062 2517 2514
1058 2518 2516
1060 2520 2519
1075 2514 1076
1077 2519 1078
1079 2516 1080
1061 2517 1062
1063 2515 1064
1059 2520 1060
1057 2518 1058
1057 2521 2518
2515 2522 1064
1074 2522 2515
2518 2521 1081
1083 2528 216
27 2524 347
217 2528 1083
347 2524 28
216 2528 1081
1084 2528 217
28 2524 1091
1074 2524 27
1085 2531 2527
2527 2531 1080
1091 2523 1090
1089 2529 1088
1085 2527 1084
1087 2526 1086
1088 2530 1087
1090 2525 1089
1075 2523 1074
1081 2527 1080
1079 2526 1078
1076 2525 1075
1077 2529 1076
1078 2530 1077
1086 2531 1085
1080 2531 1079
2526 2531 1086
1079 2531 2526
1090 2523 1075
1078 2526 1087
1076 2529 1089
1089 2525 1076
1087 2530 1078
1088 2529 1077
1075 2525 1090
1077 2530 1088
2523 2524 1074
1081 2528 2527
2527 2528 1084
1091 2524 2523
342 779 1093
772 1092 1100
22 779 342
1093 23 342
167 1092 772
1100 1092 218
1099 773 772
1099 772 1100
774 773 1098
1098 773 1099
1097 775 774
774 1098 1097
775 1096 776
1097 1096 775
1095 777 776
776 1096 1095
778 777 1094
1094 777 1095
1093 779 778
778 1094 1093
219 2538 1109
343 2540 24
1109 2538 218
23 2540 343
1108 2538 219
218 2538 1100
1093 2540 23
24 2540 1101
1100 2537 1099
1096 2532 1095
1099 2534 1098
1097 2533 1096
1103 2532 1104
1104 2533 1105
1107 2537 1108
1106 2534 1107
1102 2535 1103
1105 2536 1106
1101 2539 1102
1095 2535 1094
1098 2536 1097
1094 2539 1093
1094 2535 1102
1097 2536 1105
1104 2532 1096
1099 2537 1107
1105 2533 1097
1098 2534 1106
1096 2533 1104
1107 2534 1099
1095 2532 1103
1106 2536 1098
1102 2539 1094
1103 2535 1095
2539 2540 1093
1101 2540 2539
2537 2538 1108
1100 2538 2537
1110 2546 220
1118 2544 41
1115 2542 1114
1117 2543 1116
1114 2549 1113
1125 2545 1124
1124 2541 1123
1120 2548 1119
1123 2547 1122
1116 2548 1115
1113 2547 1112
1112 2541 1111
1111 2545 1110
1119 2543 1118
1122 2549 1121
1121 2542 1120
1117 2544 1118
1125 2546 1110
1122 2547 1113
1119 2548 1116
1114 2542 1121
1110 2545 1125
1120 2542 1115
1118 2543 1117
1123 2541 1112
1124 2545 1111
1113 2549 1122
1116 2543 1119
1111 2541 1124
1121 2549 1114
1115 2548 1120
1112 2547 1123
41 2544 361
361 2544 42
42 2544 1117
220 2546 1126
221 2546 1125
1126 2546 221
222 2558 1135
362 2557 43
1134 2558 222
43 2557 1127
1135 2558 220
42 2557 362
1117 2557 42
220 2558 1110
1131 2552 1132
1110 2550 1111
1115 2554 1116
1111 2551 1112
1114 2553 1115
1113 2556 1114
1116 2555 1117
2554 2555 1116
1114 2556 2553
2550 2551 1111
2553 2554 1115
1132 2552 2551
1131 2556 2552
2551 2552 1112
2552 2556 1113
1130 2556 1131
1127 2555 1128
1128 2554 1129
1128 2555 2554
1129 2554 2553
1133 2550 1134
1133 2551 2550
2553 2556 1130
1129 2553 1130
1132 2551 1133
1112 2552 1113
1127 2557 2555
2550 2558 1134
2555 2557 1117
1110 2558 2550
223 2560 1152
1152 2560 224
359 2567 40
39 2567 359
1143 2560 223
224 2560 1144
1151 2567 39
40 2567 1136
1144 2559 1145
2559 2561 1145
1145 2561 1146
1142 2559 1143
1142 2561 2559
1141 2561 1142
1140 2562 1141
1146 2562 1147
1140 2563 2562
2562 2563 1147
1139 2563 1140
1147 2563 1148
1139 2564 2563
2563 2564 1148
1138 2564 1139
1148 2564 1149
1138 2565 2564
2564 2565 1149
1137 2565 1138
1149 2565 1150
1137 2566 2565
2565 2566 1150
1136 2566 1137
1150 2566 1151
2561 2562 1146
1141 2562 2561
2566 2567 1151
1136 2567 2566
2559 2560 1143
1144 2560 2559
1153 2576 225
1161 2573 33
1158 2571 1157
1160 2572 1159
1155 2570 1154
1166 2568 1165
1154 2575 1153
1159 2569 1158
1157 2574 1156
1165 2574 1164
1163 2569 1162
1156 2568 1155
1168 2575 1167
1167 2570 1166
1162 2572 1161
1164 2571 1163
1160 2573 1161
1168 2576 1153
1164 2574 1157
1154 2570 1167
1162 2569 1159
1165 2568 1156
1153 2575 1168
1161 2572 1160
1157 2571 1164
1158 2569 1163
1155 2568 1166
1166 2570 1155
1163 2571 1158
1159 2572 1162
1167 2575 1154
1156 2574 1165
33 2573 353
353 2573 34
34 2573 1160
225 2576 1169
226 2576 1168
1169 2576 226
227 2585 1178
354 2584 35
1177 2585 227
35 2584 1170
1178 2585 225
34 2584 354
1160 2584 34
225 2585 1153
1171 2579 1172
1175 2578 1176
1174 2582 1175
1175 2582 2578
1153 2577 1154
1157 2581 1158
1156 2583 1157
1159 2580 1160
1157 2583 2581
2579 2581 1172
1174 2583 2582
1176 2578 2577
1171 2580 2579
2582 2583 1156
1158 2581 2579
2577 2578 1154
2579 2580 1159
1173 2583 1174
1170 2580 1171
1176 2577 1177
1172 2581 1173
2581 2583 1173
2578 2582 1155
1154 2578 1155
1155 2582 1156
1158 2579 1159
1170 2584 2580
2577 2585 1177
2580 2584 1160
1153 2585 2577
1179 2593 227
35 2591 355
228 2593 1179
355 2591 36
1180 2593 228
227 2593 1177
36 2591 1187
1170 2591 35
1182 2589 2588
1182 2588 1181
1183 2594 2589
1183 2589 1182
2588 2592 1181
1181 2592 1180
1184 2594 1183
2587 2594 1184
1187 2590 1186
1185 2587 1184
1186 2586 1185
2588 2589 1175
1175 2589 1174
1177 2592 1176
1176 2592 2588
2589 2594 1174
1176 2588 1175
1174 2594 1173
1173 2594 2587
1173 2587 1172
1172 2586 1171
1171 2590 1170
1171 2586 1186
1186 2590 1171
1172 2587 1185
1185 2586 1172
1177 2593 2592
2590 2591 1170
1187 2591 2590
2592 2593 1180
1196 2602 229
352 2603 33
229 2602 1195
33 2603 1161
32 2603 352
226 2602 1196
1188 2603 32
1168 2602 226
1189 2595 1188
1163 2597 1164
1164 2600 1165
1166 2601 1167
1167 2601 2599
1162 2596 1163
2597 2600 1164
1165 2598 1166
1167 2599 1168
1165 2600 2598
2598 2601 1166
2596 2597 1163
1189 2596 2595
2595 2596 1162
1191 2597 1190
2598 2600 1192
1194 2601 1193
1191 2600 2597
1190 2596 1189
1193 2598 1192
1195 2599 1194
2599 2601 1194
1193 2601 2598
1190 2597 2596
1192 2600 1191
1161 2595 1162
1161 2603 2595
1195 2602 2599
2599 2602 1168
2595 2603 1188
229 2608 1205
351 2610 32
1205 2608 230
31 2610 351
230 2608 1197
1195 2608 229
1204 2610 31
32 2610 1188
1199 2604 1200
1201 2611 1202
1197 2607 1198
1202 2606 1203
1192 2604 1193
1190 2611 1191
1189 2606 1190
1194 2607 1195
1203 2609 1204
1198 2605 1199
1200 2612 1201
1188 2609 1189
1191 2612 1192
1193 2605 1194
1199 2605 2604
2604 2605 1193
1194 2605 1198
1201 2612 1191
1200 2604 1192
1203 2606 1189
1202 2611 1190
1191 2611 1201
1190 2606 1202
1198 2607 1194
1189 2609 1203
1192 2612 1200
2609 2610 1204
1188 2610 2609
2607 2608 1195
1197 2608 2607
1206 2620 219
24 2621 344
219 2620 1108
1101 2621 24
215 2620 1206
344 2621 25
1072 2620 215
25 2621 1065
2613 2614 1066
1065 2613 1066
1068 2616 1069
2614 2615 1067
1066 2614 1067
2615 2616 1068
1069 2617 1070
1071 2619 1072
2618 2619 1071
1067 2615 1068
2616 2617 1069
1070 2618 1071
2617 2618 1070
1104 2615 1103
1107 2618 1106
1103 2615 2614
1104 2616 2615
1106 2617 1105
1108 2619 1107
1103 2614 1102
1107 2619 2618
1105 2617 2616
1106 2618 2617
1102 2614 2613
1102 2613 1101
1105 2616 1104
2613 2621 1101
1108 2620 2619
1065 2621 2613
2619 2620 1072
1215 2624 231
19 2627 339
339 2627 20
232 2624 1215
231 2624 1214
1216 2624 232
20 2627 1223
1207 2627 19
1219 2629 2625
1220 2629 1219
1219 2625 1218
1221 2630 1220
1222 2622 1221
1223 2626 1222
1217 2623 1216
1212 2625 1211
2625 2629 1211
1211 2629 1210
1210 2630 1209
1214 2623 1213
1209 2622 1208
1208 2626 1207
1213 2628 1212
1218 2628 1217
1217 2628 1213
1210 2629 1220
1218 2625 1212
1208 2622 1222
1222 2626 1208
1220 2630 1210
1209 2630 1221
1213 2623 1217
1221 2622 1209
1212 2628 1218
1214 2624 2623
2626 2627 1207
2623 2624 1216
1223 2627 2626
1232 2639 233
18 2638 338
233 2639 1224
1231 2638 18
231 2639 1232
338 2638 19
19 2638 1207
1214 2639 231
1212 2632 1213
1207 2631 1208
1208 2633 1209
1211 2634 1212
2632 2635 1213
1213 2635 1214
1212 2634 2632
2631 2633 1208
1227 2637 1228
1228 2636 1229
1228 2637 2636
2633 2636 1209
1211 2637 2634
2634 2637 1227
1229 2636 2633
1210 2637 1211
2636 2637 1210
1209 2636 1210
1224 2635 1225
1230 2631 1231
1225 2635 2632
1225 2632 1226
1230 2633 2631
2632 2634 1226
1226 2634 1227
1229 2633 1230
2631 2638 1231
1224 2639 2635
1207 2638 2631
2635 2639 1214
1224 2644 233
1233 2642 17
1227 2646 1226
1240 2643 1239
1229 2640 1228
1231 2641 1230
1226 2647 1225
1235 2645 1234
1230 2645 1229
1228 2648 1227
1239 2647 1238
1237 2648 1236
1234 2641 1233
1236 2640 1235
1225 2643 1224
1238 2646 1237
1231 2642 1233
1240 2644 1224
1236 2648 1228
1238 2647 1226
1234 2645 1230
1226 2646 1238
1228 2640 1236
1233 2641 1231
1224 2643 1240
1230 2641 1234
1239 2643 1225
1235 2640 1229
1237 2646 1227
1229 2645 1235
1225 2647 1239
1227 2648 1237
17 2642 337
337 2642 18
18 2642 1231
233 2644 1241
234 2644 1240
1241 2644 234
336 2656 17
234 2657 1242
1240 2657 234
17 2656 1233
1242 2657 1
0 2656 336
1 2657 297
290 2656 0
296 2655 295
292 2651 291
295 2652 294
297 2653 296
2653 2655 296
2650 2654 293
291 2651 2649
292 2654 2651
294 2652 2650
295 2655 2652
291 2649 290
293 2654 292
294 2650 293
1233 2649 1234
1236 2650 1237
1234 2651 1235
1236 2654 2650
1237 2652 1238
1239 2653 1240
1239 2655 2653
2651 2654 1235
2652 2655 1238
2649 2651 1234
1235 2654 1236
2650 2652 1237
1238 2655 1239
1233 2656 2649
2653 2657 1240
297 2657 2653
2649 2656 290
407 2665 87
9 2666 313
1250 2666 9
87 2665 1243
13 2665 407
313 2666 10
317 2665 13
10 2666 324
2658 2663 318
322 2660 321
324 2662 323
2659 2664 320
319 2658 318
321 2660 2659
319 2664 2658
318 2663 317
320 2664 319
321 2659 320
1248 2661 1249
323 2662 2661
322 2661 2660
2660 2661 1248
2661 2662 1249
323 2661 322
2659 2660 1247
1246 2664 2659
1244 2658 1245
1247 2660 1248
1249 2662 1250
1244 2663 2658
1243 2663 1244
2658 2664 1245
1245 2664 1246
1246 2659 1247
2662 2666 1250
1243 2665 2663
324 2666 2662
2663 2665 317
1243 2672 87
1251 2674 8
1253 2668 1252
1254 2670 1253
1255 2675 1254
1257 2669 1256
1246 2667 1245
1250 2673 1249
1244 2671 1243
1258 2671 1257
1252 2673 1251
1245 2669 1244
1248 2670 1247
1256 2667 1255
1247 2675 1246
1249 2668 1248
1258 2672 1243
1250 2674 1251
1255 2667 1246
1252 2668 1249
1244 2669 1257
1253 2670 1248
1251 2673 1250
1243 2671 1258
1257 2671 1244
1246 2675 1255
1247 2670 1254
1249 2673 1252
1254 2675 1247
1256 2669 1245
1245 2667 1256
1248 2668 1253
8 2674 312
312 2674 9
9 2674 1250
87 2672 408
408 2672 88
88 2672 1258
7 2683 311
88 2684 409
924 2683 7
1258 2684 88
409 2684 89
311 2683 8
89 2684 917
8 2683 1251
917 2676 918
922 2678 923
918 2680 919
921 2682 922
2676 2680 918
922 2682 2678
1251 2677 1252
1254 2679 1255
1255 2681 1256
2679 2681 1255
2679 2682 921
2680 2681 919
923 2678 2677
1254 2682 2679
2677 2678 1252
1256 2681 2680
920 2679 921
920 2681 2679
923 2677 924
919 2681 920
1257 2676 1258
1252 2678 1253
1257 2680 2676
2678 2682 1253
1253 2682 1254
1256 2680 1257
2676 2684 1258
2677 2683 924
1251 2683 2677
917 2684 2676
1259 413 851
844 1026 1266
851 413 92
93 413 1259
175 1026 844
1026 202 1266
1265 845 844
1265 844 1266
846 845 1264
1264 845 1265
1263 847 846
1263 846 1264
1263 848 847
1262 849 848
1262 848 1263
1261 850 849
1261 849 1262
851 850 1259
1259 850 1260
1260 850 1261
1268 2689 235
2685 2688 825
825 2688 877
177 2686 1270
237 2690 1269
177 2688 2686
2686 2688 2685
2685 2689 2686
824 2692 2685
1268 2691 2689
1269 2690 2687
1267 2692 824
2686 2691 2690
235 2692 1267
2689 2692 235
877 2688 177
2687 2691 1268
2686 2690 1270
2685 2692 2689
2689 2691 2686
1269 2687 236
2690 2691 2687
824 172 941
173 825 860
860 825 176
824 941 184
236 2687 1268
1270 2690 237
176 825 877
824 184 1267
824 2685 825
429 815 1271
808 948 1278
108 815 429
1271 109 429
171 948 808
1278 948 190
808 1278 809
809 1277 810
809 1278 1277
810 1276 811
810 1277 1276
1275 812 811
811 1276 1275
1274 813 812
1274 812 1275
1273 814 813
1273 813 1274
1272 815 814
1272 814 1273
1271 815 1272
335 797 299
790 1279 306
335 299 2
306 1279 3
15 797 335
169 1279 790
299 797 300
300 796 301
300 797 796
302 301 795
301 796 795
794 303 302
795 794 302
793 304 303
793 303 794
305 304 792
792 304 793
305 791 306
305 792 791
306 791 790
1241 2695 233
233 2695 1232
1232 2697 231
2693 2696 789
789 2696 307
1 2694 1242
1 2696 2694
1241 2698 2695
2694 2696 2693
2693 2697 2694
788 2699 2693
1232 2701 2697
1215 2699 788
231 2699 1215
2697 2699 231
307 2696 1
2693 2699 2697
1242 2700 2698
2695 2701 1232
234 2698 1241
2694 2700 1242
2697 2701 2694
2698 2700 2695
2700 2701 2695
2694 2701 2700
1279 789 3
788 168 1280
169 789 1279
788 1280 232
1242 2698 234
3 789 307
232 1215 788
788 2693 789
780 340 1223
1280 787 1216
340 20 1223
21 340 780
168 787 1280
1216 232 1280
1223 781 780
781 1222 782
1223 1222 781
1221 783 782
782 1222 1221
784 783 1220
1220 783 1221
1219 785 784
784 1220 1219
785 1218 786
1219 1218 785
1216 787 786
1216 786 1217
786 1218 1217
1073 2704 214
214 2704 1082
1082 2706 216
2702 2705 771
771 2705 1109
219 2703 1206
219 2705 2703
1073 2707 2704
2703 2705 2702
2702 2706 2703
770 2708 2702
1082 2710 2706
1083 2708 770
216 2708 1083
2706 2708 216
1109 2705 219
2702 2708 2706
1206 2709 2707
2704 2710 1082
215 2707 1073
2703 2709 1206
2706 2710 2703
2707 2709 2704
2709 2710 2704
2703 2710 2709
770 166 1281
167 771 1092
1206 2707 215
770 1281 217
1092 771 218
770 217 1083
218 771 1109
770 2702 771
1091 762 348
1281 769 1084
348 28 1091
348 762 29
166 769 1281
1084 217 1281
1091 763 762
764 763 1090
1090 763 1091
1089 765 764
1089 764 1090
765 1088 766
1089 1088 765
766 1087 767
766 1088 1087
1086 768 767
767 1087 1086
1085 769 768
1085 768 1086
1084 769 1085
350 761 1204
754 1282 1197
30 761 350
1204 31 350
165 1282 754
1197 1282 230
1198 755 754
1198 754 1197
1199 756 755
1199 755 1198
757 756 1200
1200 756 1199
758 757 1201
1201 757 1200
1202 759 758
1202 758 1201
1203 760 759
1203 759 1202
761 760 1204
1204 760 1203
1285 2713 238
239 2713 1285
164 2712 752
752 2712 138
238 2713 1283
1286 2713 239
1284 2712 164
138 2712 1287
1287 2711 1286
1283 2711 1284
2711 2713 1286
1283 2713 2711
1287 2712 2711
2711 2712 1284
2714 2719 1288
746 2716 747
153 2719 726
1289 2719 153
2715 2716 746
1288 2719 1289
2720 2722 2716
2717 2719 2714
1290 2722 2720
2715 2717 2716
1291 2714 240
2716 2722 747
745 2715 746
1290 2720 1291
726 2719 2718
726 2718 727
2715 2718 2717
727 2721 155
2717 2720 2716
2714 2720 2717
155 2721 745
240 2714 1288
162 2722 1290
747 2722 162
1291 2720 2714
745 2721 2715
2718 2719 2717
2715 2721 2718
2718 2721 727
242 2725 1294
1294 2725 241
731 2724 157
123 2724 731
1295 2725 242
241 2725 1292
157 2724 1296
1293 2724 123
1296 2723 1295
1292 2723 1293
2723 2725 1295
1292 2725 2723
1296 2724 2723
2723 2724 1293
2726 2731 1297
733 2728 734
242 2731 1295
1298 2731 242
2727 2728 733
1297 2731 1298
2732 2734 2728
2729 2731 2726
1299 2734 2732
2727 2729 2728
1300 2726 243
2728 2734 734
732 2727 733
1299 2732 1300
1295 2731 2730
1295 2730 1296
2727 2730 2729
1296 2733 157
2729 2732 2728
2726 2732 2729
157 2733 732
243 2726 1297
158 2734 1299
734 2734 158
1300 2732 2726
732 2733 2727
2730 2731 2729
2727 2733 2730
2730 2733 1296
244 2736 1301
1301 2736 243
243 2736 1300
1302 2736 244
1299 2738 158
159 2737 1303
2737 2738 2735
2735 2738 1299
1303 2737 2735
1303 2735 1302
1300 2735 1299
2735 2736 1302
1300 2736 2735
735 2737 159
158 2738 735
735 2738 2737
739 2741 161
161 2741 1305
1306 2740 245
1304 2740 246
160 2741 739
246 2740 1307
1308 2741 160
1307 2739 1308
1305 2739 1306
1305 2741 2739
2739 2740 1306
1307 2740 2739
2739 2741 1308
245 2740 1304
1305 2749 2745
1306 2749 1305
744 2745 743
2745 2748 743
2744 2747 2742
247 2744 2742
742 2748 2743
742 2743 741
729 2750 154
154 2750 1310
245 2752 1306
730 2746 729
2745 2756 1305
743 2748 742
2743 2748 2747
2742 2752 1309
744 2756 2745
247 2742 1309
1310 2744 247
740 2755 156
2749 2752 2742
156 2755 730
2743 2753 2751
2746 2750 729
2747 2754 2742
2750 2753 2744
741 2751 740
2743 2751 741
2751 2753 2746
2746 2753 2750
2742 2754 2749
1310 2750 2744
2747 2753 2743
2748 2754 2747
161 2756 744
1305 2756 161
1309 2752 245
2744 2753 2747
2745 2754 2748
730 2755 2746
2749 2754 2745
2751 2755 740
1306 2752 2749
2746 2755 2751
248 2837 1311
252 2814 1321
253 2848 1324
2809 2884 2820
2796 2827 2817
1288 2788 240
2810 2857 2799
2820 2822 2809
1318 2815 1317
2857 2876 2811
1289 2804 1288
1321 2810 2799
1318 2872 2815
2817 2827 2777
1285 2810 239
2816 2854 2792
2806 2839 2808
1289 2861 2804
2820 2884 2782
2796 2829 2827
1313 2846 2840
2788 2805 240
2805 2858 2773
2840 2846 2800
2780 2857 2810
2792 2854 2852
2799 2813 2812
2839 2869 2808
1323 2876 238
2830 2831 1327
1321 2814 2810
1327 2831 1326
2811 2873 2857
1327 2861 2830
2770 2851 2826
2780 2876 2857
2796 2863 2829
2822 2826 2809
239 2814 1322
2773 2855 2805
1328 2861 1327
1326 2874 247
1322 2814 252
721 2833 2777
2827 2829 2824
2777 2833 2817
2851 2858 2826
2798 2819 2818
2775 2811 1323
2818 2820 2782
2810 2814 239
2777 2825 720
2812 2868 2799
2821 2822 2820
2777 2827 2825
2819 2820 2818
250 2781 1318
2819 2821 2820
2821 2823 2822
2798 2818 1333
2850 2859 2762
1321 2799 1320
2867 2874 2831
2803 2840 2800
250 2812 2781
2805 2855 240
2815 2883 1317
1324 2775 1323
1332 2782 1331
1332 2818 2782
719 2825 2772
2792 2872 2816
2812 2813 2781
2786 2828 2791
1311 2802 1312
2803 2879 2840
2847 2860 2823
721 2777 720
2813 2816 2781
719 2772 718
153 2830 1289
723 2769 722
2782 2884 2869
2807 2858 2805
1311 2837 2836
1324 2849 2775
2794 2863 2796
720 2825 719
2782 2869 1331
2862 2877 2843
722 2833 721
2836 2859 2843
1334 2798 1333
1333 2818 1332
1314 2797 1315
2811 2876 1323
2824 2829 2823
2809 2826 2807
2769 2833 722
2768 2771 2766
2772 2834 718
2774 2778 2771
723 2835 2769
2835 2856 2769
1313 2840 1314
2778 2784 2771
2821 2824 2823
2823 2865 2847
2765 2766 2763
724 2835 723
2778 2786 2784
718 2834 717
2775 2854 2811
2787 2828 2786
2776 2794 2783
2771 2841 2766
2832 2833 2769
2819 2838 2821
153 2831 2830
2786 2791 2789
1312 2846 1313
1311 2836 2802
2830 2861 1289
1316 2837 248
2799 2868 1320
2836 2843 2802
2878 2882 2839
2794 2796 2795
2823 2860 2822
2859 2864 2762
2799 2857 2813
2831 2874 1326
1319 2812 250
2778 2787 2786
2798 2881 2819
1310 2867 154
154 2867 725
2785 2793 2779
149 2870 1334
2828 2859 2850
1314 2840 2797
2794 2795 2783
2826 2860 2770
2776 2845 2794
2843 2877 2802
717 2870 149
2786 2789 2784
2822 2860 2826
2863 2865 2829
1330 2869 2839
2817 2832 2795
2781 2872 1318
2802 2846 1312
1330 2839 1329
2765 2768 2766
2785 2803 2800
2852 2854 2775
2821 2838 2824
1320 2868 251
238 2780 1285
2796 2817 2795
2808 2809 2807
2841 2853 2766
1317 2883 2762
2776 2783 2779
2785 2800 2793
2817 2833 2832
725 2831 153
151 2871 724
1315 2871 151
2784 2841 2771
2840 2879 2797
2783 2785 2779
2825 2875 2772
2800 2877 2793
2793 2844 2779
2768 2774 2771
2806 2807 2805
2774 2844 2778
2791 2850 2815
2795 2842 2783
2791 2792 2789
2761 2770 2764
2835 2879 2856
2828 2850 2791
2789 2801 2784
2832 2842 2795
2766 2853 2763
2785 2842 2803
2763 2853 2760
2776 2779 2774
2815 2872 2792
2764 2767 2765
2806 2878 2839
2824 2875 2827
2764 2765 2763
2761 2764 2763
2783 2842 2785
2787 2843 2828
2757 2759 2758
2759 2761 2760
2834 2881 2798
2768 2776 2774
2778 2844 2787
2849 2880 2775
2761 2763 2760
2757 2773 2759
2759 2760 2758
2775 2880 2852
2801 2841 2784
2829 2865 2823
2806 2808 2807
2780 2810 1285
2791 2815 2792
2826 2858 2807
2804 2882 2878
251 2868 1319
2837 2864 2836
2846 2877 2800
2788 2806 2805
2765 2845 2768
2767 2845 2765
2757 2758 253
1325 2757 253
2850 2883 2815
2827 2875 2825
2832 2856 2842
2779 2844 2774
2842 2856 2803
2768 2845 2776
2769 2856 2832
2760 2853 2790
2764 2847 2767
2772 2875 2838
2813 2873 2816
1288 2804 2788
2761 2851 2770
2770 2847 2764
2760 2790 2758
2839 2882 1329
2789 2852 2801
724 2871 2835
2792 2852 2789
1331 2869 1330
2759 2851 2761
1334 2870 2798
2816 2872 2781
2845 2863 2794
2797 2871 1315
2857 2873 2813
2834 2870 717
2757 2855 2773
2772 2881 2834
2801 2880 2866
2841 2866 2853
2816 2873 2854
2758 2848 253
2773 2851 2759
1325 2855 2757
2801 2866 2841
1329 2882 1328
2797 2879 2835
2843 2859 2828
2835 2871 2797
2770 2860 2847
1319 2868 2812
2854 2873 2811
2836 2864 2859
2773 2858 2851
2793 2862 2844
2798 2870 2834
2848 2849 1324
2853 2866 2790
2866 2880 2849
2838 2875 2824
2838 2881 2772
247 2874 1310
725 2867 2831
2844 2862 2787
2767 2863 2845
2790 2849 2848
2869 2884 2808
2767 2865 2863
240 2855 1325
2787 2862 2843
238 2876 2780
2804 2878 2788
2790 2866 2849
2802 2877 2846
2847 2865 2767
2819 2881 2838
249 2864 2837
2790 2848 2758
2852 2880 2801
2808 2884 2809
2788 2878 2806
2762 2883 2850
2856 2879 2803
1328 2882 2861
2793 2877 2862
2861 2882 2804
1310 2874 2867
249 2837 1316
1317 2762 249
2762 2864 249
672 2887 673
1338 2890 2885
685 2890 148
148 2890 1337
673 2887 2886
1337 2890 1338
2885 2890 2888
2887 2893 2891
2891 2893 1336
2887 2888 2886
254 2885 1335
672 2893 2887
673 2886 674
1335 2891 1336
2889 2890 685
686 2889 685
2888 2889 2886
144 2892 686
2887 2891 2888
2888 2891 2885
1336 2893 143
674 2892 144
1338 2885 254
143 2893 672
2885 2891 1335
2886 2892 674
2889 2892 2886
2888 2890 2889
686 2892 2889
1335 2896 2894
249 2896 1341
254 2894 1339
1340 2898 142
143 2897 1336
2897 2898 2895
2895 2898 1340
1336 2897 2895
1336 2895 1335
1341 2895 1340
671 2897 143
142 2898 671
1339 2894 248
2895 2896 1335
1341 2896 2895
671 2898 2897
248 2894 1316
1316 2896 249
1335 2894 254
2894 2896 1316
2899 2904 1317
669 2901 670
250 2904 1342
1318 2904 250
2900 2901 669
1317 2904 1318
2905 2907 2901
2902 2904 2899
1340 2907 2905
2900 2902 2901
1341 2899 249
2901 2907 670
668 2900 669
1340 2905 1341
1342 2904 2903
1342 2903 1343
2900 2903 2902
1343 2906 141
2902 2905 2901
2899 2905 2902
141 2906 668
249 2899 1317
142 2907 1340
670 2907 142
1341 2905 2899
668 2906 2900
2903 2904 2902
2900 2906 2903
2903 2906 1343
140 2910 667
1345 2910 140
250 2909 1319
667 2910 141
1342 2909 250
141 2910 1343
1343 2908 1342
1344 2908 1345
251 2911 1344
2908 2910 1345
1344 2909 2908
1344 2911 2909
2908 2909 1342
1343 2910 2908
1319 2911 251
2909 2911 1319
662 2919 1345
1346 2920 666
140 662 1345
1346 666 139
1345 2919 2914
2913 2920 1346
2921 2922 2915
2912 2922 2921
2916 2921 2915
2912 2917 1321
1320 2918 2912
664 2915 663
1320 2912 1321
1345 2914 1344
1347 2913 1346
2912 2921 2917
2918 2922 2912
2915 2922 2919
1321 2917 252
251 2918 1320
252 2917 1347
1344 2918 251
2919 2922 2914
2920 2921 2916
664 2916 2915
665 2916 664
2913 2921 2920
2915 2919 663
1347 2917 2913
2914 2918 1344
663 2919 662
666 2920 665
2917 2921 2913
665 2920 2916
2914 2922 2918
1286 1322 1347
1287 1346 661
661 138 1287
1346 139 661
1286 239 1322
1322 252 1347
1286 1346 1287
1347 1346 1286
2925 2929 753
1178 2923 227
137 656 1179
1178 2932 2926
2923 2930 227
753 2929 2924
2926 2931 2923
753 2924 1205
229 2928 1196
2928 2929 2923
1178 2926 2923
2924 2929 2928
227 2930 1179
2923 2931 2928
1205 2924 229
1179 2930 2925
1179 2925 137
1196 2931 2927
2924 2928 229
226 2927 1169
2925 2930 2929
2929 2930 2923
2927 2931 2926
1169 2932 225
2927 2932 1169
2926 2932 2927
2928 2931 1196
656 136 1348
137 2925 753
225 2932 1178
1196 2927 226
1179 656 228
228 656 1348
1282 753 230
165 753 1282
230 753 1205
648 356 1187
1348 655 1180
356 36 1187
37 356 648
136 655 1348
1180 228 1348
1186 649 648
1186 648 1187
649 1185 650
1186 1185 649
1184 651 650
650 1185 1184
1183 652 651
1183 651 1184
1182 653 652
1182 652 1183
1181 654 653
1181 653 1182
1180 655 654
1180 654 1181
1352 2935 257
257 2935 1351
1351 2937 256
2933 2936 585
585 2936 1354
259 2934 1353
259 2936 2934
1352 2938 2935
2934 2936 2933
2933 2937 2934
584 2939 2933
1351 2941 2937
1350 2939 584
256 2939 1350
2937 2939 256
1354 2936 259
2933 2939 2937
1353 2940 2938
2935 2941 1351
258 2938 1352
2934 2940 1353
2937 2941 2934
2938 2940 2935
2940 2941 2935
2934 2941 2940
584 128 1349
129 585 1355
584 1349 255
1353 2938 258
1355 585 260
584 255 1350
260 585 1354
584 2933 585
586 1355 1356
1363 382 593
593 382 62
1363 63 382
586 129 1355
1355 260 1356
1356 587 586
1357 588 587
1357 587 1356
1358 589 588
1358 588 1357
1359 590 589
1359 589 1358
1360 591 590
1360 590 1359
1361 592 591
1361 591 1360
592 1362 593
1361 1362 592
593 1362 1363
1349 583 1371
388 1364 576
388 68 1364
69 388 576
128 583 1349
1371 255 1349
576 1365 577
1364 1365 576
1366 578 577
577 1365 1366
1367 579 578
1367 578 1366
1368 580 579
1368 579 1367
1369 581 580
1369 580 1368
1370 582 581
1370 581 1369
583 582 1371
1371 582 1370
1055 1372 1292
1056 1293 681
123 681 1293
1056 681 146
1055 213 1372
241 1292 1372
1055 1292 1056
1292 1293 1056
1311 3023 248
1297 3034 243
3011 3021 3004
3004 3012 3011
2988 3033 2960
2960 3039 2988
244 2971 1374
1053 3066 213
3038 3061 2999
1374 2989 1373
2996 3062 3040
2998 2999 2985
2958 3041 2990
2989 3047 1373
3003 3035 2955
3024 3031 1313
3001 3061 3038
2984 3031 3024
3006 3053 3018
244 2990 2971
3006 3018 2983
1327 3016 3014
1326 3016 1327
242 3062 1298
3003 3041 3035
2967 3055 2994
2994 3067 2967
2994 3055 2993
2990 3042 2958
2966 3038 2999
3040 3061 2996
241 2995 1294
3006 3021 3011
2999 3040 2985
3014 3047 1327
247 3059 1326
3040 3062 2965
2952 3030 3020
1327 3047 1328
2996 3001 2960
3007 3009 2962
3001 3038 2977
2962 3017 698
3020 3030 2979
2967 3021 3005
3058 3066 2985
3002 3017 2962
2993 3063 2991
1298 2996 2960
699 3007 2962
2967 3005 1332
241 2997 2995
148 2998 682
1337 2966 148
2967 3067 3021
3008 3010 3009
2991 3063 3028
3016 3059 3051
2984 3024 2987
244 3042 2990
1054 2985 1053
2957 3008 3007
3005 3006 2983
2966 2998 148
1298 2960 1297
1331 2967 1332
3011 3012 3010
2957 3007 700
3008 3009 3007
3024 3065 2987
1312 2986 1311
2990 3041 2992
2947 3045 3036
2975 3034 3033
699 2962 698
3000 3071 3069
1333 3005 2983
3069 3071 1338
701 2957 700
3008 3011 3010
697 2954 696
1373 3014 246
2947 3052 3045
1331 3063 3055
2992 3003 2994
3022 3023 1311
1332 3005 1333
3043 3046 3012
700 3007 699
2976 3013 2972
698 3017 697
2985 3048 2998
3032 3057 3010
3012 3032 3010
1333 2983 1334
697 3017 2954
2986 3049 3027
1315 2982 1314
3001 3039 2960
3012 3046 3032
2966 2999 2998
1298 3062 2996
2951 2956 2953
701 3018 2957
3020 3057 3032
2954 3019 696
2954 3044 3019
2956 2963 2959
2985 3066 1053
2972 3013 2973
3003 3004 2994
3005 3021 3006
1314 3024 1313
696 3019 695
702 3018 701
2956 2969 2963
2954 3017 3015
2948 2951 2950
2969 2972 2963
2968 2979 2961
2951 3025 2956
1373 3047 3014
3014 3016 246
2974 2976 2972
2986 3022 1311
1313 3031 1312
1330 3063 1331
3011 3053 3006
248 3023 1339
2980 2981 2979
3018 3053 2957
2960 3033 1297
2988 3050 3033
147 3048 1054
2955 3043 3003
1326 3059 3016
3027 3045 3022
245 3051 1309
1304 3051 245
2977 3039 3001
2972 2973 2963
1334 3054 149
2964 2978 2970
2982 3024 1314
2979 3030 2961
2968 2980 2979
2986 3027 3022
2986 3064 3049
149 3054 702
2981 3020 2979
2969 2974 2972
1338 3071 1337
1054 3048 2985
2980 3015 3002
1312 3031 2986
2984 2987 2970
3020 3032 2952
2951 2953 2950
3028 3068 3060
2980 3002 2981
2992 2994 2993
1294 2965 242
2964 2968 2961
682 3048 147
3036 3045 3013
3015 3017 3002
2978 2984 2970
1329 3028 1330
2982 3065 3024
2951 3037 3025
246 3016 1304
3004 3043 3012
3009 3070 2962
695 3056 151
151 3056 1315
3008 3053 3011
2956 3025 2969
2964 2970 2968
3013 3027 2973
2956 2959 2953
2990 2992 2991
2963 3029 2959
3044 3065 3019
2964 3029 2978
2968 3026 2980
2974 2977 2976
2969 2988 2974
2987 3026 2970
2949 2955 2946
2999 3061 3040
2992 3041 3003
2980 3026 3015
2959 2964 2961
2948 3037 2951
2962 3070 3002
2950 2952 2949
2945 3037 2948
2948 2950 2949
2998 3048 682
2970 3026 2968
2978 3064 2984
2948 2949 2946
3033 3034 1297
2943 2944 2942
2945 2946 2944
2959 2961 2953
3000 3036 2976
3010 3057 3009
3003 3043 3004
2945 2948 2946
2973 3029 2963
2944 2958 2942
2943 2945 2944
2969 3025 2988
1294 2995 2965
2992 2993 2991
2977 3000 2976
3033 3050 2975
2996 3061 3001
2990 2991 2971
2976 3036 3013
2953 3030 2950
3022 3052 3023
1331 3055 2967
243 2943 2942
243 2942 1301
2950 3030 2952
3028 3060 2991
2984 3064 3031
2961 3030 2953
3021 3067 3004
2959 3029 2964
3026 3044 3015
2987 3044 3026
3015 3044 2954
2975 3037 2945
2988 3039 2974
2971 2989 1374
2955 3035 2946
3025 3050 2988
2974 3039 2977
2943 2975 2945
2977 3038 3000
2957 3053 3008
2952 3046 2949
3045 3052 3022
1329 3068 3028
3037 3050 3025
3019 3056 695
2946 3035 2944
2983 3054 1334
213 2997 1372
2955 3046 3043
3060 3068 2989
3004 3067 2994
1315 3056 2982
702 3054 3018
2958 3042 2942
3032 3046 2952
3035 3041 2958
2947 3069 1338
2944 3035 2958
3057 3070 3009
2942 3042 1301
1328 3068 1329
3019 3065 2982
2982 3056 3019
3013 3045 3027
2949 3046 2955
3029 3049 2978
2995 3058 2965
2981 3070 3057
3018 3054 2983
2973 3049 3029
243 3034 2943
1337 3071 2966
3027 3049 2973
3016 3051 1304
1309 3059 247
3000 3069 3036
1301 3042 244
2981 3057 3020
3031 3064 2986
2965 3058 3040
2971 3060 2989
2975 3050 3037
2965 3062 242
3002 3070 2981
3040 3058 2985
2943 3034 2975
3028 3063 1330
2991 3060 2971
2995 3066 3058
2966 3071 3038
3036 3069 2947
2997 3066 2995
2987 3065 3044
3038 3071 3000
3047 3068 1328
3051 3059 1309
2989 3068 3047
3055 3063 2993
3049 3064 2978
3023 3052 254
1339 3023 254
1372 2997 241
213 3066 2997
254 2947 1338
254 3052 2947
594 380 1382
1383 601 1375
380 60 1382
61 380 594
130 601 1383
261 1383 1375
594 1382 595
1381 596 595
595 1382 1381
1380 597 596
1381 1380 596
598 597 1379
1379 597 1380
1378 599 598
598 1379 1378
1377 600 599
1377 599 1378
1376 601 600
1376 600 1377
1375 601 1376
1392 619 1384
612 372 1391
372 52 1391
53 372 612
132 619 1392
1384 262 1392
1391 613 612
1390 614 613
1390 613 1391
1389 615 614
1389 614 1390
1388 616 615
1388 615 1389
616 1387 617
1388 1387 616
617 1386 618
1387 1386 617
1385 619 618
618 1386 1385
1384 619 1385
264 3072 206
207 3072 263
206 3072 207
263 3072 264
207 265 208
207 263 265
205 3073 206
264 3073 266
266 3073 205
206 3073 264
209 3074 210
267 3074 268
268 3074 209
210 3074 267
209 3075 268
265 3075 208
208 3075 209
268 3075 265
1393 3076 263
273 265 272
269 270 274
1396 265 273
272 265 263
274 1394 269
263 264 266
1393 263 266
263 3076 272
267 268 265
267 265 1396
270 1395 274
272 3076 271
1394 274 271
1394 271 1393
271 3076 1393
1395 1396 273
1397 1395 273
274 1395 1397
275 3077 271
272 3077 276
271 3077 272
276 3077 275
277 3078 276
272 3078 273
273 3078 277
276 3078 272
1397 3080 1398
1398 3079 1397
274 3079 278
277 3080 273
273 3080 1397
1397 3079 274
1398 3080 277
278 3079 1398
271 274 278
271 278 275
275 1398 276
275 278 1398
1398 277 276
736 3083 737
1374 3086 3081
1307 3086 246
246 3086 1373
737 3083 3082
1373 3086 1374
3081 3086 3084
3083 3089 3087
3087 3089 1303
3083 3084 3082
244 3081 1302
736 3089 3083
737 3082 738
1302 3087 1303
3085 3086 1307
1308 3085 1307
3084 3085 3082
160 3088 1308
3083 3087 3084
3084 3087 3081
1303 3089 159
738 3088 160
1374 3081 244
159 3089 736
3081 3087 1302
3082 3088 738
3085 3088 3082
3084 3086 3085
1308 3088 3085
210 267 1396
210 1396 1049
1395 270 211
211 1050 1395
1396 1050 1049
1395 1050 1396
212 3090 269
270 3090 211
211 3090 212
269 3090 270
1393 266 205
1052 1393 205
212 269 1051
1051 269 1394
1051 1394 1052
1394 1393 1052
568 979 1399
1406 390 575
575 390 70
1406 71 390
127 979 568
1399 979 196
569 568 1399
1400 570 569
1400 569 1399
1401 571 570
1401 570 1400
1402 572 571
1402 571 1401
1403 573 572
1403 572 1402
574 573 1404
1404 573 1403
574 1405 575
1404 1405 574
575 1405 1406
195 3092 978
978 3092 196
391 3099 72
71 3099 391
1414 3092 195
196 3092 1399
1406 3099 71
72 3099 1407
3093 3094 1401
3095 3096 1403
1412 3094 3093
1410 3096 3095
1399 3091 1400
1401 3094 1402
1403 3096 1404
1413 3091 1414
1411 3094 1412
1409 3096 1410
1412 3093 1413
1400 3093 1401
1410 3095 1411
1402 3095 1403
1408 3097 1409
1404 3097 1405
1408 3098 3097
3097 3098 1405
1407 3098 1408
1405 3098 1406
3091 3093 1400
3094 3095 1402
3096 3097 1404
1413 3093 3091
1411 3095 3094
1409 3097 3096
3098 3099 1406
1407 3099 3098
3091 3092 1414
1399 3092 3091
392 3108 73
194 3107 977
73 3108 1415
1422 3107 194
72 3108 392
977 3107 195
195 3107 1414
1407 3108 72
1408 3105 1407
1410 3101 1409
1413 3102 1412
3104 3106 1411
1409 3100 1408
1413 3103 3102
1410 3106 3101
1412 3104 1411
1414 3103 1413
1409 3101 3100
3102 3104 1412
3100 3105 1408
1411 3106 1410
1415 3105 1416
3100 3101 1417
1419 3104 1420
1421 3103 1422
1416 3100 1417
3101 3106 1418
3102 3103 1421
1419 3106 3104
1420 3104 3102
1416 3105 3100
1417 3101 1418
1418 3106 1419
1420 3102 1421
3103 3107 1422
1415 3108 3105
1414 3107 3103
3105 3108 1407
1415 3111 73
988 3113 193
990 3109 989
1420 3114 1419
1419 3115 1418
995 3110 994
993 3117 992
1417 3116 1416
1422 3112 1421
994 3116 993
1418 3117 1417
989 3112 988
1416 3110 1415
992 3115 991
991 3114 990
1421 3109 1420
995 3111 1415
1422 3113 988
988 3112 1422
1417 3117 993
993 3116 1417
1419 3114 991
989 3109 1421
1415 3110 995
991 3115 1419
1418 3115 992
1420 3109 990
990 3114 1420
994 3110 1416
1416 3116 994
992 3117 1418
1421 3112 989
73 3111 393
393 3111 74
74 3111 995
193 3113 976
976 3113 194
194 3113 1422
974 3126 192
75 3119 395
191 3126 974
395 3119 76
192 3126 987
972 3126 191
76 3119 965
980 3119 75
3122 3123 970
969 3122 970
967 3121 968
970 3123 971
968 3121 3120
3120 3122 969
965 3118 966
968 3120 969
983 3121 982
986 3123 985
985 3122 984
985 3123 3122
3120 3121 983
984 3122 3120
981 3118 980
984 3120 983
982 3124 981
987 3125 986
971 3125 972
966 3124 967
967 3124 982
971 3123 986
982 3121 967
966 3118 981
981 3124 966
986 3125 971
3125 3126 972
987 3126 3125
3118 3119 980
965 3119 3118
182 3128 899
899 3128 183
399 3135 80
79 3135 399
1003 3128 182
183 3128 1423
1430 3135 79
80 3135 996
1423 3127 1424
3127 3129 1424
1424 3129 1425
3129 3130 1425
1425 3130 1426
3130 3131 1426
1426 3131 1427
3131 3132 1427
1427 3132 1428
3132 3133 1428
1428 3133 1429
3133 3134 1429
1429 3134 1430
1002 3127 1003
1002 3129 3127
1001 3129 1002
1001 3130 3129
1000 3130 1001
1000 3131 3130
999 3131 1000
999 3132 3131
998 3132 999
998 3133 3132
997 3133 998
997 3134 3133
996 3134 997
3127 3128 1003
996 3135 3134
1423 3128 3127
3134 3135 1430
82 3144 402
897 3143 178
885 3144 82
178 3143 878
181 3143 897
402 3144 83
908 3143 181
83 3144 901
3138 3141 902
3136 3137 906
901 3138 902
3137 3140 907
902 3141 903
907 3140 908
905 3136 906
903 3141 3139
906 3137 907
903 3139 904
881 3142 882
3139 3142 904
905 3142 3136
882 3142 3139
3136 3142 881
904 3142 905
880 3137 3136
882 3139 883
884 3138 885
884 3141 3138
879 3137 880
879 3140 3137
880 3136 881
878 3140 879
883 3141 884
3139 3141 883
3138 3144 885
878 3143 3140
901 3144 3138
3140 3143 908
1024 3152 201
415 3153 95
201 3152 1446
95 3153 1431
94 3153 415
200 3152 1024
1439 3153 94
1438 3152 200
1444 3149 1443
1441 3146 1440
1443 3149 3148
1440 3146 3145
1440 3145 1439
1443 3148 1442
1436 3150 1437
1437 3151 1438
3150 3151 1437
1433 3147 1434
1441 3147 3146
1442 3148 3147
1444 3150 3149
3146 3147 1433
3147 3148 1434
3149 3150 1436
1442 3147 1441
1445 3150 1444
1446 3151 1445
1445 3151 3150
3145 3146 1432
1434 3148 1435
1432 3146 1433
1435 3149 1436
3148 3149 1435
1431 3145 1432
1431 3153 3145
1446 3152 3151
3151 3152 1438
3145 3153 1439
1431 3161 95
1012 3159 198
1433 3157 1432
1438 3158 1437
1437 3154 1436
1432 3160 1431
1017 3155 1016
1015 3156 1014
1435 3162 1434
1016 3162 1015
1436 3156 1435
1434 3155 1433
1019 3160 1018
1014 3154 1013
1013 3158 1012
1018 3157 1017
1019 3161 1431
1438 3159 1012
1015 3162 1435
1432 3157 1018
1016 3155 1434
1012 3158 1438
1436 3154 1014
1431 3160 1019
1014 3156 1436
1437 3158 1013
1435 3156 1015
1013 3154 1437
1018 3160 1432
1433 3155 1017
1017 3157 1433
1434 3162 1016
95 3161 416
416 3161 96
96 3161 1019
198 3159 1023
1023 3159 200
200 3159 1438
1022 3169 197
97 3164 418
199 3169 1022
418 3164 98
197 3169 1011
1034 3169 199
98 3164 1027
1004 3164 97
3165 3170 1029
1006 3170 3165
1033 3171 3168
1033 3168 1034
1028 3165 1029
1031 3167 1032
1027 3163 1028
1032 3171 1033
1030 3166 1031
3163 3165 1028
3166 3167 1031
3167 3171 1032
1010 3171 1009
1011 3168 1010
3168 3171 1010
1006 3165 1005
1009 3167 1008
1005 3165 3163
1008 3167 3166
1005 3163 1004
1008 3166 1007
1009 3171 3167
1007 3170 1006
1029 3170 1030
1030 3170 3166
3166 3170 1007
1011 3169 3168
3163 3164 1004
3168 3169 1034
1027 3164 3163
425 3179 105
1268 3180 236
105 3179 1447
236 3180 1455
235 3180 1268
104 3179 425
1454 3180 235
1462 3179 104
1451 3174 1452
1450 3176 1451
1453 3173 1454
1448 3175 1449
1451 3176 3174
1456 3172 1457
1461 3177 1462
1459 3178 1460
1452 3174 3172
1450 3178 3176
1448 3177 3175
3172 3173 1453
3175 3178 1449
3172 3174 1457
3176 3178 1459
3175 3177 1461
1456 3173 3172
1460 3178 3175
1447 3177 1448
1449 3178 1450
1452 3172 1453
1458 3176 1459
1460 3175 1461
3174 3176 1458
1455 3173 1456
1457 3174 1458
1455 3180 3173
1447 3179 3177
3177 3179 1462
3173 3180 1454
1267 3189 235
105 3182 426
184 3189 1267
426 3182 106
235 3189 1454
940 3189 184
1447 3182 105
106 3182 933
934 3183 935
3183 3185 935
939 3188 940
935 3185 936
3187 3188 939
936 3185 3184
3181 3183 934
933 3181 934
936 3184 937
938 3187 939
1450 3185 1449
1449 3183 1448
1449 3185 3183
1454 3188 1453
1453 3188 3187
3184 3185 1450
1448 3183 3181
1453 3187 1452
1448 3181 1447
1451 3184 1450
1452 3186 1451
937 3186 938
938 3186 1452
937 3184 1451
1452 3187 938
1451 3186 937
1454 3189 3188
3181 3182 1447
933 3182 3181
3188 3189 940
189 3195 947
430 3191 110
109 3191 430
947 3195 190
1470 3195 189
190 3195 1278
110 3191 1463
1271 3191 109
1273 3192 1272
1278 3194 1277
1276 3193 1275
1272 3192 3190
1274 3196 1273
1275 3198 1274
1277 3197 1276
1272 3190 1271
1464 3192 1465
1469 3194 1470
1467 3193 1468
3190 3192 1464
1466 3198 1467
1463 3190 1464
1468 3197 1469
1465 3196 1466
1468 3193 1276
1277 3194 1469
1275 3193 1467
1465 3192 1273
1273 3196 1465
1274 3198 1466
1469 3197 1277
1276 3197 1468
1466 3196 1274
1467 3198 1275
3194 3195 1470
1463 3191 3190
3190 3191 1271
1278 3195 3194
1479 3206 111
1471 3202 187
1477 3204 1476
1474 3203 1473
1472 3201 1471
1476 3200 1475
1485 3199 1484
1480 3205 1479
1483 3207 1482
1475 3207 1474
1478 3205 1477
1473 3199 1472
1482 3200 1481
1486 3201 1485
1484 3203 1483
1481 3204 1480
1478 3206 1479
1486 3202 1471
1474 3207 1483
1473 3203 1484
1472 3199 1485
1475 3200 1482
1480 3204 1477
1484 3199 1473
1481 3200 1476
1479 3205 1478
1471 3201 1486
1476 3204 1481
1477 3205 1480
1485 3201 1472
1483 3203 1474
1482 3207 1475
111 3206 432
432 3206 112
112 3206 1478
187 3202 945
945 3202 188
188 3202 1486
944 3215 187
112 3216 433
1478 3216 112
187 3215 1471
186 3215 944
433 3216 113
956 3215 186
113 3216 949
1476 3211 1477
1476 3214 3211
1475 3214 1476
1473 3209 1474
949 3208 950
952 3213 953
955 3210 956
955 3212 3210
954 3212 955
3209 3213 1474
1477 3211 3208
1473 3212 3209
3213 3214 1475
953 3213 3209
3208 3211 950
3209 3212 954
952 3214 3213
1474 3213 1475
1471 3210 1472
1472 3212 1473
3210 3212 1472
1477 3208 1478
950 3211 951
3211 3214 951
953 3209 954
951 3214 952
3208 3216 1478
1471 3215 3210
949 3216 3208
3210 3215 956
188 3225 946
431 3224 111
1486 3225 188
111 3224 1479
946 3225 189
110 3224 431
1463 3224 110
189 3225 1470
1481 3221 1482
1484 3219 1485
1467 3218 1466
1465 3220 1464
1468 3222 1467
1470 3223 1469
1467 3222 3218
1464 3220 3217
1464 3217 1463
3220 3221 1481
3219 3223 1485
1482 3221 3218
1484 3222 3219
3218 3221 1466
1465 3221 3220
1469 3223 3219
3219 3222 1468
1482 3218 1483
3218 3222 1483
1480 3220 1481
1483 3222 1484
1485 3223 1486
3217 3220 1480
1479 3217 1480
1469 3219 1468
1466 3221 1465
1479 3224 3217
3223 3225 1486
3217 3224 1463
1470 3225 3223
1487 3228 103
1455 3231 236
1488 3227 1487
1494 3230 1493
1493 3226 1492
1460 3229 1459
1489 3233 1488
1492 3232 1491
1459 3234 1458
1458 3232 1457
1461 3233 1460
1491 3234 1490
1490 3229 1489
1457 3226 1456
1456 3230 1455
1462 3227 1461
1462 3228 1487
1494 3231 1455
1491 3232 1458
1490 3234 1459
1488 3233 1461
1455 3230 1494
1487 3227 1462
1493 3230 1456
1456 3226 1493
1459 3229 1490
1461 3227 1488
1489 3229 1460
1492 3226 1457
1460 3233 1489
1458 3234 1491
1457 3232 1492
103 3228 424
424 3228 104
104 3228 1462
236 3231 1269
1269 3231 237
237 3231 1494
102 3242 423
237 3243 1270
869 3242 102
1494 3243 237
1270 3243 177
423 3242 103
177 3243 876
103 3242 1487
3237 3240 873
872 3240 3236
874 3237 873
876 3238 875
3238 3241 875
871 3239 870
3236 3239 871
874 3241 3237
873 3240 872
872 3236 871
875 3241 874
1487 3235 1488
870 3239 3235
3235 3239 1488
870 3235 869
1490 3240 1491
1493 3241 3238
1488 3239 1489
3236 3240 1490
1489 3239 3236
1491 3237 1492
1493 3238 1494
1491 3240 3237
1489 3236 1490
1492 3241 1493
3237 3241 1492
3238 3243 1494
3235 3242 869
1487 3242 3235
876 3243 3238
201 3247 1025
414 3249 94
93 3249 414
1025 3247 202
1446 3247 201
202 3247 1266
94 3249 1439
1259 3249 93
1261 3244 1260
1264 3245 1263
1266 3246 1265
1262 3250 1261
1265 3252 1264
1260 3248 1259
1263 3251 1262
1439 3248 1440
1440 3244 1441
1442 3251 1443
1443 3245 1444
1445 3246 1446
1441 3250 1442
1444 3252 1445
1445 3252 1265
1260 3244 1440
1262 3251 1442
1265 3246 1445
1444 3245 1264
1261 3250 1441
1263 3245 1443
1441 3244 1261
1442 3250 1262
1443 3251 1263
1264 3252 1444
1440 3248 1260
3246 3247 1446
1439 3249 3248
1266 3247 3246
3248 3249 1259
253 3254 1325
1325 3254 240
240 3254 1291
1495 3254 253
163 3255 1496
1290 3256 162
3255 3256 3253
1496 3255 3253
3253 3256 1290
1496 3253 1495
1291 3253 1290
3253 3254 1495
1291 3254 3253
748 3255 163
162 3256 748
748 3256 3255
749 3259 750
1324 3262 3257
1283 3262 238
238 3262 1323
750 3259 3258
1323 3262 1324
3257 3262 3260
3259 3265 3263
3263 3265 1496
3259 3260 3258
253 3257 1495
749 3265 3259
750 3258 751
1495 3263 1496
3261 3262 1283
1284 3261 1283
3260 3261 3258
164 3264 1284
3259 3263 3260
3260 3263 3257
1496 3265 163
751 3264 164
1324 3257 253
163 3265 749
3257 3263 1495
3258 3264 751
3261 3264 3258
3260 3262 3261
1284 3264 3261
1135 3270 222
3266 3269 639
639 3269 1152
223 3267 1499
221 3271 1126
223 3269 3267
3267 3269 3266
3266 3270 3267
638 3273 3266
1135 3272 3270
1126 3271 3268
1498 3273 638
3267 3272 3271
222 3273 1498
3270 3273 222
1152 3269 223
3268 3272 1135
3267 3271 1499
3266 3273 3270
3270 3272 3267
1126 3268 220
3271 3272 3268
638 134 1497
135 639 1500
220 3268 1135
1499 3271 221
1500 639 224
1497 279 638
224 639 1152
638 279 1498
638 3266 639
640 1500 1144
1151 358 647
647 358 38
1151 39 358
135 1500 640
1500 224 1144
1144 641 640
642 641 1145
1145 641 1144
1146 643 642
1146 642 1145
1147 644 643
1147 643 1146
1148 645 644
1148 644 1147
1149 646 645
1149 645 1148
1150 647 646
1150 646 1149
1151 647 1150
630 364 1508
1497 637 1501
364 44 1508
45 364 630
134 637 1497
1497 1501 279
630 1507 631
1508 1507 630
631 1506 632
631 1507 1506
632 1506 633
633 1505 634
633 1506 1505
1504 635 634
634 1505 1504
1503 636 635
1503 635 1504
1502 637 636
1502 636 1503
1501 637 1502
622 1509 1510
1517 366 629
629 366 46
1517 47 366
622 133 1509
1509 280 1510
1510 623 622
1511 624 623
1511 623 1510
1512 625 624
1512 624 1511
1513 626 625
1513 625 1512
1514 627 626
1514 626 1513
628 627 1515
1515 627 1514
1516 629 628
1516 628 1515
1517 629 1516
1519 3278 281
3274 3277 621
621 3277 1522
284 3275 1521
283 3279 1520
284 3277 3275
3275 3277 3274
3274 3278 3275
620 3281 3274
1519 3280 3278
1520 3279 3276
1518 3281 620
3275 3280 3279
281 3281 1518
3278 3281 281
1522 3277 284
3276 3280 1519
3275 3279 1521
3274 3281 3278
3278 3280 3275
1520 3276 282
3279 3280 3276
620 132 1392
133 621 1509
620 1392 262
1509 621 280
282 3276 1519
1521 3279 283
1518 620 262
280 621 1522
620 3274 621
550 900 1423
1430 398 557
557 398 78
1430 79 398
125 900 550
1423 900 183
550 1423 551
1424 552 551
551 1423 1424
553 552 1426
1425 552 1424
1426 552 1425
553 1427 554
1426 1427 553
1428 555 554
554 1427 1428
1429 556 555
1429 555 1428
556 1430 557
1429 1430 556
1524 3286 285
3282 3285 603
603 3285 1527
288 3283 1526
287 3287 1525
288 3285 3283
3283 3285 3282
3282 3286 3283
602 3289 3282
1524 3288 3286
1525 3287 3284
1523 3289 602
3283 3288 3287
285 3289 1523
3286 3289 285
1527 3285 288
3284 3288 1524
3283 3287 1526
3282 3289 3286
3286 3288 3283
1525 3284 286
3287 3288 3284
602 130 1383
131 603 1528
602 1383 261
286 3284 1524
1526 3287 287
289 1528 603
261 1523 602
289 603 1527
602 3282 603
1526 3298 288
56 3297 376
288 3298 1544
1537 3297 56
287 3298 1526
376 3297 57
57 3297 1529
1536 3298 287
1541 3294 1540
3291 3292 1531
3293 3295 1534
1535 3296 1536
3295 3296 1535
1530 3291 1531
1533 3293 1534
3290 3291 1530
1529 3290 1530
1531 3292 1532
1534 3295 1535
1540 3294 3292
3293 3294 1541
3292 3294 1532
1533 3294 3293
1543 3295 1542
1540 3292 1539
1539 3291 1538
1542 3293 1541
1544 3296 1543
1543 3296 3295
1538 3291 3290
1542 3295 3293
1539 3292 3291
1538 3290 1537
1532 3294 1533
3290 3297 1537
1544 3298 3296
1529 3297 3290
3296 3298 1536
285 3307 1524
378 3306 59
1552 3307 285
59 3306 1545
1524 3307 286
58 3306 378
1560 3306 58
286 3307 1553
1547 3302 1548
3302 3305 1548
1550 3299 1551
1548 3305 1549
1558 3300 1559
3300 3304 1559
1555 3303 1556
1559 3304 1560
1553 3301 1554
1549 3305 3303
3299 3301 1551
1550 3303 3299
3300 3302 1547
3299 3303 1555
1554 3301 3299
3303 3305 1556
1558 3302 3300
1545 3304 1546
1549 3303 1550
1551 3301 1552
1546 3300 1547
1546 3304 3300
1557 3305 3302
1556 3305 1557
1557 3302 1558
1554 3299 1555
1545 3306 3304
3301 3307 1552
3304 3306 1560
1553 3307 3301
1553 3312 286
1529 3315 57
1531 3308 1530
1533 3309 1532
1536 3311 1535
1555 3313 1554
1530 3314 1529
1558 3316 1557
1534 3310 1533
1556 3310 1555
1532 3316 1531
1560 3314 1559
1535 3313 1534
1554 3311 1553
1557 3309 1556
1559 3308 1558
1560 3315 1529
1536 3312 1553
1555 3310 1534
1531 3316 1558
1530 3308 1559
1554 3313 1535
1532 3309 1557
1535 3311 1554
1559 3314 1530
1556 3309 1533
1553 3311 1536
1534 3313 1555
1529 3314 1560
1558 3308 1531
1557 3316 1532
1533 3310 1556
57 3315 377
377 3315 58
58 3315 1560
286 3312 1525
1525 3312 287
287 3312 1536
1561 3318 257
1569 3324 65
1571 3319 1570
1572 3321 1571
1562 3317 1561
1565 3325 1564
1570 3323 1569
1563 3320 1562
1574 3322 1573
1564 3322 1563
1575 3320 1574
1568 3323 1567
1573 3325 1572
1566 3321 1565
1576 3317 1575
1567 3319 1566
1568 3324 1569
1576 3318 1561
1573 3322 1564
1574 3320 1563
1572 3325 1565
1570 3319 1567
1564 3325 1573
1565 3321 1572
1567 3323 1570
1575 3317 1562
1569 3323 1568
1561 3317 1576
1566 3319 1571
1571 3321 1566
1562 3320 1575
1563 3322 1574
65 3324 385
385 3324 66
66 3324 1568
257 3318 1352
1352 3318 258
258 3318 1576
386 3333 67
1351 3334 257
67 3333 1577
257 3334 1561
256 3334 1351
66 3333 386
1584 3334 256
1568 3333 66
1583 3331 1584
3327 3331 1583
1579 3328 1580
1582 3327 1583
3326 3332 1564
1566 3329 1567
3329 3330 1567
1564 3332 1565
1567 3330 1568
1563 3326 1564
3328 3332 1580
3326 3327 1582
1579 3329 3328
1565 3332 3328
1563 3327 3326
3328 3329 1566
1580 3332 1581
1578 3330 3329
1581 3332 3326
1578 3329 1579
1581 3326 1582
1577 3330 1578
1561 3331 1562
1562 3331 3327
1562 3327 1563
1565 3328 1566
1561 3334 3331
1577 3333 3330
3330 3333 1568
3331 3334 1584
1350 3338 256
67 3340 387
255 3338 1350
387 3340 68
256 3338 1584
1371 3338 255
68 3340 1364
1577 3340 67
1368 3336 1369
1370 3337 1371
1365 3335 1366
1364 3339 1365
1582 3336 1581
1584 3337 1583
1579 3335 1578
1578 3339 1577
1583 3343 1582
1580 3341 1579
1367 3342 1368
1369 3343 1370
1581 3342 1580
1366 3341 1367
1368 3342 1581
1367 3341 1580
1370 3343 1583
1369 3336 1582
1578 3335 1365
1583 3337 1370
1366 3335 1579
1581 3336 1368
1365 3339 1578
1582 3343 1369
1579 3341 1366
1580 3342 1367
1584 3338 3337
3339 3340 1577
1364 3340 3339
3337 3338 1371
1353 3352 259
64 3351 384
259 3352 1592
1585 3351 64
258 3352 1353
384 3351 65
65 3351 1569
1576 3352 258
1569 3348 1570
1572 3350 1573
1575 3346 1576
1573 3347 1574
1570 3344 1571
3349 3350 1572
3344 3349 1571
3345 3346 1575
1573 3350 3347
1574 3347 3345
1570 3348 3344
1571 3349 1572
1574 3345 1575
1591 3345 1590
1589 3350 1588
1588 3349 1587
3347 3350 1589
1587 3349 3344
1588 3350 3349
1587 3344 1586
1590 3347 1589
1592 3346 1591
1591 3346 3345
3344 3348 1586
3345 3347 1590
1586 3348 1585
3348 3351 1585
1592 3352 3346
1569 3351 3348
3346 3352 1576
259 3354 1354
1354 3354 260
383 3361 64
63 3361 383
1592 3354 259
260 3354 1356
1363 3361 63
64 3361 1585
3357 3358 1360
3359 3360 1362
1588 3358 3357
1586 3360 3359
1356 3353 1357
1360 3358 1361
1362 3360 1363
1591 3353 1592
1587 3358 1588
1585 3360 1586
1590 3355 1591
1357 3355 1358
1590 3356 3355
3355 3356 1358
1589 3356 1590
1358 3356 1359
1589 3357 3356
3356 3357 1359
1588 3357 1589
1359 3357 1360
1586 3359 1587
1361 3359 1362
3353 3355 1357
3358 3359 1361
1591 3355 3353
1587 3359 3358
3353 3354 1592
1585 3361 3360
1356 3354 3353
3360 3361 1363
1523 3370 285
59 3368 379
379 3368 60
261 3370 1523
1375 3370 261
285 3370 1552
60 3368 1382
1545 3368 59
1381 3362 1380
1378 3365 1377
1376 3369 1375
1377 3365 3364
3363 3365 1378
3364 3369 1376
1380 3366 1379
1379 3363 1378
1377 3364 1376
1382 3367 1381
1547 3362 1546
1552 3369 1551
1550 3365 1549
3364 3365 1550
1549 3365 3363
1551 3369 3364
1548 3366 1547
1551 3364 1550
1549 3363 1548
1546 3367 1545
1380 3362 1547
1546 3362 1381
1379 3366 1548
1381 3367 1546
1548 3363 1379
1547 3366 1380
1552 3370 3369
3367 3368 1545
1382 3368 3367
3369 3370 1375
288 3372 1527
1527 3372 289
375 3379 56
55 3379 375
1544 3372 288
289 3372 1593
1600 3379 55
56 3379 1537
1593 3371 1594
3371 3373 1594
1594 3373 1595
3373 3374 1595
1595 3374 1596
3374 3375 1596
1596 3375 1597
3375 3376 1597
1597 3376 1598
3376 3377 1598
1598 3377 1599
3377 3378 1599
1599 3378 1600
1543 3371 1544
1543 3373 3371
1542 3373 1543
1542 3374 3373
1541 3374 1542
1541 3375 3374
1540 3375 1541
1540 3376 3375
1539 3376 1540
1539 3377 3376
1538 3377 1539
1538 3378 3377
1537 3378 1538
3371 3372 1544
1537 3379 3378
1593 3372 3371
3378 3379 1600
1518 3383 281
51 3386 371
371 3386 52
262 3383 1518
1384 3383 262
281 3383 1608
52 3386 1391
1601 3386 51
1386 3388 3380
3380 3388 1606
1391 3385 1390
1390 3385 3381
1389 3384 1388
3384 3387 1388
1390 3381 1389
3381 3384 1389
1388 3387 1387
1385 3382 1384
1386 3380 1385
3381 3385 1602
1603 3381 1602
1604 3387 3384
1603 3384 3381
1602 3385 1601
1604 3384 1603
1605 3387 1604
1608 3382 1607
1607 3380 1606
1606 3388 1605
1387 3388 1386
3387 3388 1387
1605 3388 3387
1607 3382 1385
1385 3380 1607
3385 3386 1601
1608 3383 3382
3382 3383 1384
1391 3386 3385
1521 3396 284
368 3397 49
284 3396 1624
49 3397 1609
48 3397 368
283 3396 1521
1617 3397 48
1616 3396 283
1619 3389 1618
3389 3393 1618
1618 3393 1617
1612 3395 1613
3390 3391 1614
1615 3392 1616
3391 3392 1615
1613 3390 1614
3394 3395 1612
1613 3395 3390
1614 3391 1615
1611 3394 1612
1619 3394 3389
3389 3394 1611
1620 3394 1619
1623 3391 1622
1621 3395 1620
1623 3392 3391
1622 3390 1621
1624 3392 1623
1620 3395 3394
1622 3391 3390
3390 3395 1621
1609 3393 1610
1610 3389 1611
1610 3393 3389
1609 3397 3393
1624 3396 3392
3392 3396 1616
3393 3397 1617
284 3399 1522
1522 3399 280
367 3406 48
47 3406 367
1624 3399 284
280 3399 1510
1517 3406 47
48 3406 1617
3401 3402 1513
1621 3402 3401
1510 3398 1511
3398 3400 1511
1511 3400 1512
1513 3402 1514
1623 3398 1624
1623 3400 3398
1622 3400 1623
1620 3402 1621
1621 3401 1622
1512 3401 1513
1619 3403 1620
1514 3403 1515
1619 3404 3403
3403 3404 1515
1618 3404 1619
1515 3404 1516
1618 3405 3404
3404 3405 1516
1617 3405 1618
1516 3405 1517
3400 3401 1512
3402 3403 1514
1622 3401 3400
1620 3403 3402
3405 3406 1517
1617 3406 3405
3398 3399 1624
1510 3399 3398
1498 3411 222
43 3409 363
363 3409 44
279 3411 1498
1501 3411 279
222 3411 1134
44 3409 1508
1127 3409 43
1507 3412 1506
1504 3415 3407
1504 3407 1503
1502 3410 1501
1505 3415 1504
3408 3412 1507
3413 3415 1505
1503 3414 1502
1506 3413 1505
1508 3408 1507
1129 3412 1128
3407 3415 1131
1132 3407 1131
1134 3410 1133
1131 3415 1130
1128 3412 3408
1130 3415 3413
1133 3414 1132
1130 3413 1129
1128 3408 1127
1506 3412 1129
1503 3407 1132
1133 3410 1502
1129 3413 1506
1502 3414 1133
1132 3414 1503
1134 3411 3410
3408 3409 1127
1508 3409 3408
3410 3411 1501
1609 3423 49
1625 3421 282
1632 3422 1631
1627 3417 1626
1630 3416 1629
1631 3424 1630
1614 3419 1613
1616 3420 1615
1613 3418 1612
1628 3419 1627
1626 3420 1625
1629 3418 1628
1611 3424 1610
1612 3416 1611
1615 3417 1614
1610 3422 1609
1632 3423 1609
1616 3421 1625
1625 3420 1616
1628 3418 1613
1627 3419 1614
1610 3424 1631
1626 3417 1615
1629 3416 1612
1609 3422 1632
1630 3424 1611
1631 3422 1610
1611 3416 1630
1614 3417 1627
1613 3419 1628
1612 3418 1629
1615 3420 1626
49 3423 369
369 3423 50
50 3423 1632
282 3421 1520
1520 3421 283
283 3421 1616
370 3432 51
1519 3433 282
51 3432 1601
282 3433 1625
281 3433 1519
50 3432 370
1608 3433 281
1632 3432 50
1603 3429 1604
1604 3431 1605
1607 3430 1608
3429 3431 1604
1630 3425 1631
3425 3427 1631
1626 3428 1627
1631 3427 1632
1627 3428 3426
1627 3426 1628
1605 3431 3426
3428 3430 1607
3425 3429 1603
1626 3430 3428
3426 3431 1628
1630 3429 3425
1602 3427 3425
1602 3425 1603
1605 3426 1606
3426 3428 1606
1601 3427 1602
1606 3428 1607
1625 3430 1626
1629 3431 3429
1629 3429 1630
1628 3431 1629
1625 3433 3430
1601 3432 3427
3427 3432 1632
3430 3433 1608
1528 1593 604
1600 374 611
611 374 54
1600 55 374
131 1528 604
1528 289 1593
604 1594 605
1593 1594 604
1595 606 605
605 1594 1595
607 606 1596
1596 606 1595
1597 608 607
1596 1597 607
609 608 1598
1598 608 1597
1599 610 609
1599 609 1598
1600 611 610
1600 610 1599
1499 3441 223
360 3442 41
223 3441 1143
41 3442 1118
40 3442 360
221 3441 1499
1136 3442 40
1125 3441 221
1137 3435 1136
3434 3439 1120
3436 3437 1123
1121 3440 1122
3439 3440 1121
3437 3438 1124
1119 3434 1120
1122 3436 1123
1124 3438 1125
1122 3440 3436
1120 3439 1121
1123 3437 1124
3434 3435 1137
1119 3435 3434
1142 3437 1141
1139 3440 3439
1142 3438 3437
1143 3438 1142
1138 3434 1137
1141 3436 1140
1138 3439 3434
1141 3437 3436
1140 3440 1139
3436 3440 1140
1139 3439 1138
1118 3435 1119
1118 3442 3435
1143 3441 3438
3438 3441 1125
3435 3442 1136
