19.309999 0.044000 -11.621000
19.209999 0.044000 -11.721000
19.309999 0.044000 -12.621000
19.209999 0.044000 -12.521000
19.910000 0.044000 -11.621000
19.910000 0.044000 -12.621000
19.910000 -0.456000 -12.121000
23.010000 0.544000 -12.121000
23.010000 0.544000 -12.621000
23.010000 0.044000 -12.621000
19.010000 0.573681 -4.283160
19.010000 1.470086 -4.654173
19.010000 1.264801 -5.010305
19.010000 0.494475 -4.420653
19.010000 -0.474044 -4.421216
19.010000 -1.243589 -5.011345
19.010000 -1.449166 -4.655388
19.010000 -0.553436 -4.283752
20.410000 -0.078855 -2.477185
20.410000 0.506045 -2.554729
23.010000 0.506045 -2.554729
23.010000 0.630182 -2.601867
20.410000 0.630251 -2.601904
20.410000 1.144156 -2.956491
23.010000 1.144156 -2.956491
23.010000 1.232141 -3.055899
20.410000 1.232188 -3.055995
20.410000 1.522457 -3.608908
23.010000 1.522434 -3.608855
23.010000 0.457855 -5.560256
19.910000 0.458510 -5.562472
19.910000 1.590208 -4.049891
19.910000 -0.078855 -2.477176
19.910000 0.402181 -5.580498
19.910000 0.100000 -6.039701
23.010000 0.100000 -6.039701
23.010000 -0.899924 -5.335679
23.010000 -0.263512 -5.601161
23.010000 -0.900000 -7.676237
23.010000 -0.456000 -8.205375
23.010000 -0.456000 -12.121000
23.010000 0.044000 -11.621000
23.010000 0.544000 -7.849806
23.010000 0.100000 -7.320668
23.010000 1.203179 -3.577049
23.010000 0.998035 -3.560824
23.010000 0.973853 -3.514748
23.010000 1.077034 -3.336700
23.010000 0.846716 -3.076725
23.010000 0.657530 -3.157694
23.010000 0.614704 -3.128133
23.010000 0.623324 -2.922529
23.010000 0.298572 -2.799366
23.010000 0.168684 -2.958980
23.010000 0.117026 -2.952707
23.010000 0.029110 -2.766648
23.010000 -0.113770 -2.479611
23.010000 -0.245669 -2.495577
23.010000 -0.315681 -2.808513
23.010000 -0.356515 -3.010205
23.010000 -0.405170 -3.028658
23.010000 -0.569483 -2.904767
23.010000 -0.829291 -2.717053
23.010000 -0.938723 -2.792555
23.010000 -0.855324 -3.102069
23.010000 -0.797750 -3.299636
23.010000 -0.832257 -3.338586
23.010000 -1.035323 -3.305246
23.010000 -1.352501 -3.259767
23.010000 -1.414342 -3.377566
23.010000 -1.196731 -3.612785
23.010000 -1.053938 -3.760965
23.010000 -1.066392 -3.811489
23.010000 -1.261692 -3.876339
23.010000 -1.563577 -3.983411
23.010000 -1.563616 -4.116550
23.010000 -1.261692 -4.223661
23.010000 -1.066392 -4.288509
23.010000 -1.053939 -4.339034
23.010000 -1.196731 -4.487215
23.010000 -1.414286 -4.722335
23.010000 -1.280170 -4.953378
23.010000 -0.809152 -4.623577
23.010000 0.547303 -3.206603
23.010000 -0.163648 -5.034808
20.410000 -1.196731 -4.487215
20.410000 -1.414286 -4.722335
19.910000 -0.899972 -5.335635
19.910000 -0.900000 -7.676237
19.910000 -1.567409 -4.049891
19.747040 -1.569792 -4.049891
19.510000 -1.567517 -4.134647
19.510000 -0.851688 -5.374102
19.809999 -0.759825 -5.429546
19.809999 0.781389 -5.428905
19.510000 0.873206 -5.373384
19.510000 1.588003 -4.133334
19.743364 1.590208 -4.049891
20.410000 1.203179 -3.577049
20.410000 1.077034 -3.336700
20.410000 0.973855 -3.514752
20.410000 0.998033 -3.560820
20.410000 0.846716 -3.076725
20.410000 0.657526 -3.157691
20.410000 0.623324 -2.922529
23.010000 -0.456000 -12.621000
23.610001 -0.263512 -5.601162
23.610001 -1.280166 -4.953384
20.410000 -1.563616 -4.116550
20.410000 -1.563603 -3.983415
20.410000 -1.414342 -3.377566
20.410000 -1.352489 -3.259744
20.410000 -0.938723 -2.792555
20.410000 -0.829252 -2.717030
20.410000 -0.245669 -2.495577
20.410000 -0.113777 -2.479579
19.809999 1.590028 -4.026054
19.809999 0.819255 -2.692746
19.510000 0.725279 -2.640965
19.010000 0.215084 -2.483230
19.010000 -0.195972 -2.483401
19.510000 -0.706035 -2.641560
19.809999 -0.799969 -2.693420
19.809999 -1.569632 -4.027369
19.509996 -0.599127 -4.082625
19.747034 -0.600000 -4.049892
19.509995 -0.322662 -4.561308
19.809999 -0.599936 -4.041198
19.510010 -0.266316 -3.506172
19.010000 -0.069423 -3.445193
19.509993 0.286192 -3.506109
19.809999 0.322459 -3.526102
23.040001 0.010000 -3.440000
23.040001 0.010000 -4.660000
19.809999 0.010000 -4.660000
19.810003 0.307938 -4.582290
19.510010 0.343377 -4.560842
19.509995 0.619155 -4.082096
19.743357 0.620000 -4.049892
19.809999 0.619929 -4.040700
19.010000 0.089225 -3.445167
19.010000 0.010000 -3.440000
23.610001 0.044000 -11.621000
23.610001 0.044000 -12.621000
20.410000 0.168679 -2.958979
20.410000 0.298572 -2.799366
20.410000 0.029110 -2.766648
20.410000 0.117032 -2.952708
23.709999 0.044000 -12.521000
23.709999 0.044000 -11.721000
19.810003 -0.302606 -3.526190
23.610001 -0.120236 -4.788606
23.610001 -0.604364 -4.480182
20.410000 -1.053940 -4.339029
20.410000 -1.066391 -4.288513
20.410000 -1.261692 -4.223661
23.040001 -0.163648 -5.034808
23.040001 -0.120236 -4.788606
23.040001 -0.604364 -4.480182
23.040001 -0.809152 -4.623577
23.040001 0.547300 -3.206609
20.410000 -1.261692 -3.876339
20.410000 -1.066391 -3.811485
20.410000 -1.053940 -3.760970
20.410000 -1.196731 -3.612785
20.410000 -0.832253 -3.338582
20.410000 -1.035323 -3.305246
20.410000 -0.797754 -3.299640
20.410000 -0.855324 -3.102069
20.410000 -0.569483 -2.904767
20.410000 -0.356520 -3.010207
20.410000 -0.315681 -2.808513
20.410000 -0.405165 -3.028656
19.910000 0.544000 -7.849806
19.910000 0.100000 -7.320668
19.910000 0.544000 -12.621000
19.910000 0.544000 -12.121000
19.910000 -0.456000 -8.205375
19.910000 -0.456000 -12.621000
20.410000 0.614709 -3.128136
19.809999 -0.287179 -4.582714
19.309999 0.397950 -11.766789
19.309999 0.543317 -12.121000
19.309999 0.397950 -12.475210
19.209999 0.390486 -12.321297
19.209999 0.390486 -11.920703
19.209999 -0.302486 -11.920703
19.209999 -0.302486 -12.321297
19.610001 0.044000 -11.621000
19.309999 -0.309950 -12.475210
19.309999 -0.455317 -12.121000
19.309999 -0.309950 -11.766789
19.610001 0.044000 -12.621000
19.910000 -0.309559 -12.474559
19.910000 -0.309557 -11.767443
23.010000 0.397555 -12.474555
19.010000 0.840534 -4.393608
19.010000 1.154348 -4.523493
19.010000 0.993336 -4.802510
19.010000 0.723604 -4.596042
19.010000 -0.703187 -4.596935
19.010000 -0.972571 -4.803514
19.010000 -1.133675 -4.524491
19.010000 -0.820103 -4.394392
20.410000 0.217258 -2.488328
20.843334 0.506045 -2.554729
21.276667 0.506045 -2.554729
21.709999 0.506045 -2.554729
22.143333 0.506045 -2.554729
22.576666 0.506045 -2.554729
23.010000 0.568624 -2.576957
22.576666 0.630222 -2.601807
22.143333 0.630234 -2.601813
21.709999 0.630246 -2.601818
21.276667 0.630258 -2.601823
20.843334 0.630270 -2.601828
20.410000 0.905135 -2.753210
20.843334 1.144156 -2.956491
21.276667 1.144156 -2.956491
21.709999 1.144156 -2.956491
22.143333 1.144156 -2.956491
22.576666 1.144156 -2.956491
23.010000 1.189223 -3.005244
22.576666 1.232207 -3.055867
22.143333 1.232218 -3.055881
21.709999 1.232229 -3.055895
21.276667 1.232240 -3.055908
20.843334 1.232251 -3.055922
20.410000 1.404945 -3.317945
20.843334 1.522455 -3.608899
21.276667 1.522452 -3.608890
21.709999 1.522449 -3.608881
22.143333 1.522446 -3.608871
22.576666 1.522444 -3.608862
23.010000 1.584717 -4.096374
23.010000 1.493707 -4.579338
23.010000 1.258332 -5.010760
23.010000 0.901481 -5.348687
22.567142 0.457834 -5.560187
22.124287 0.457834 -5.560187
21.681429 0.457834 -5.560187
21.238571 0.457834 -5.560187
20.795713 0.457833 -5.560187
20.352858 0.457833 -5.560187
19.910000 1.537893 -4.450601
19.910000 1.386514 -4.825325
19.910000 1.144772 -5.149109
19.910000 0.828512 -5.400731
19.910000 0.346753 -2.506240
19.910000 0.748011 -2.652834
19.910000 1.095393 -2.901513
19.910000 1.363315 -3.234279
19.910000 1.532361 -3.626607
19.910000 0.430758 -5.572894
19.910000 0.182316 -5.764842
20.352858 0.100000 -6.039701
20.795713 0.100000 -6.039701
21.238571 0.100000 -6.039701
21.681429 0.100000 -6.039701
22.124287 0.100000 -6.039701
22.567142 0.100000 -6.039701
23.010000 0.199337 -5.740587
23.010000 -0.596346 -5.503496
23.010000 -0.900000 -7.208125
23.010000 -0.900000 -6.740014
23.010000 -0.900000 -6.271902
23.010000 -0.900000 -5.803790
23.010000 -0.678000 -7.940806
23.010000 -0.456000 -11.631547
23.010000 -0.456000 -11.142094
23.010000 -0.456000 -10.652640
23.010000 -0.456000 -10.163188
23.010000 -0.456000 -9.673735
23.010000 -0.456000 -9.184281
23.010000 -0.456000 -8.694828
23.010000 -0.309553 -11.767447
23.010000 0.397556 -11.767444
23.010000 0.544000 -8.324384
23.010000 0.544000 -8.798961
23.010000 0.544000 -9.273538
23.010000 0.544000 -9.748115
23.010000 0.544000 -10.222692
23.010000 0.544000 -10.697268
23.010000 0.544000 -11.171845
23.010000 0.544000 -11.646423
23.010000 0.322000 -7.585237
23.010000 0.100000 -6.466690
23.010000 0.100000 -6.893679
23.010000 1.364598 -3.570734
23.010000 1.094444 -3.610249
23.010000 0.986216 -3.537643
23.010000 0.987942 -3.407328
23.010000 1.173921 -3.207455
23.010000 0.986700 -2.996122
23.010000 0.765865 -3.156654
23.010000 0.636292 -3.142660
23.010000 0.577260 -3.026469
23.010000 0.649050 -2.763092
23.010000 0.385048 -2.662960
23.010000 0.264126 -2.907713
23.010000 0.142892 -2.955539
23.010000 0.036625 -2.880090
23.010000 -0.022180 -2.613564
23.010000 -0.179892 -2.486169
23.010000 -0.302513 -2.647588
23.010000 -0.295829 -2.920457
23.010000 -0.380950 -3.019144
23.010000 -0.510109 -3.001723
23.010000 -0.685995 -2.793085
23.010000 -0.884817 -2.753630
23.010000 -0.918436 -2.953513
23.010000 -0.785723 -3.191965
23.010000 -0.815234 -3.318908
23.010000 -0.937692 -3.363503
23.010000 -1.190338 -3.260508
23.010000 -1.384678 -3.318006
23.010000 -1.321616 -3.510616
23.010000 -1.093327 -3.660039
23.010000 -1.060463 -3.786154
23.010000 -1.148170 -3.882552
23.010000 -1.419689 -3.908744
23.010000 -1.565026 -4.049980
23.010000 -1.419714 -4.191247
23.010000 -1.148171 -4.217448
23.010000 -1.060464 -4.313844
23.010000 -1.093327 -4.439961
23.010000 -1.321578 -4.589341
23.010000 -1.044661 -4.788477
23.010000 0.118791 -3.056391
23.010000 -0.331840 -3.110724
23.010000 -0.712364 -3.358487
23.010000 -0.943292 -3.749456
23.010000 -0.977917 -4.202028
23.010000 0.289727 -5.009607
23.010000 0.685265 -4.786961
23.010000 0.942008 -4.412438
23.010000 1.005741 -3.962857
23.010000 0.864538 -3.531484
23.010000 -0.213580 -5.317985
20.843334 -1.196731 -4.487215
21.276667 -1.196731 -4.487215
21.709999 -1.196731 -4.487215
22.143333 -1.196731 -4.487215
22.576666 -1.196731 -4.487215
20.410000 -1.321744 -4.589752
22.576666 -1.414286 -4.722335
22.143333 -1.414286 -4.722335
21.709999 -1.414286 -4.722335
21.276667 -1.414286 -4.722335
20.843334 -1.414286 -4.722335
22.567142 -0.900000 -5.335672
22.124287 -0.900000 -5.335666
21.681429 -0.900000 -5.335660
21.238571 -0.900000 -5.335654
20.795713 -0.900000 -5.335648
20.352858 -0.900000 -5.335641
19.910000 -0.900000 -5.803755
19.910000 -0.900000 -6.271875
19.910000 -0.900000 -6.739996
19.910000 -0.900000 -7.208116
22.567142 -0.900000 -7.676237
22.124287 -0.900000 -7.676237
21.681429 -0.900000 -7.676237
21.238571 -0.900000 -7.676237
20.795713 -0.900000 -7.676237
20.352858 -0.900000 -7.676237
19.828520 -1.569792 -4.049891
19.628521 -1.569223 -4.092284
19.174322 -1.545177 -4.327748
19.175043 -1.008207 -5.257876
19.660000 -0.806227 -5.402604
19.809999 -0.387308 -5.579068
19.809999 0.010865 -5.629892
19.809999 0.408996 -5.578737
19.660000 0.827769 -5.401924
19.174324 1.029200 -5.257401
19.175043 1.565715 -4.327009
19.626682 1.589656 -4.091627
19.910000 -0.050136 -5.628624
19.910000 -0.497411 -5.546007
19.910000 -1.181549 -5.086927
19.910000 -1.393141 -4.775847
19.910000 -1.524787 -4.423410
20.410000 1.365066 -3.570446
20.843334 1.203179 -3.577049
21.276667 1.203179 -3.577049
21.709999 1.203179 -3.577049
22.143333 1.203179 -3.577049
22.576666 1.203179 -3.577049
20.410000 1.173976 -3.207051
20.410000 0.988667 -3.409225
20.410000 0.986216 -3.537643
20.410000 1.093839 -3.611139
20.843330 0.973855 -3.514752
21.276663 0.973855 -3.514751
21.709995 0.973855 -3.514750
22.143330 0.973855 -3.514750
22.576664 0.973855 -3.514749
20.843334 1.077034 -3.336700
21.276667 1.077034 -3.336700
21.709999 1.077034 -3.336700
22.143333 1.077034 -3.336700
22.576666 1.077034 -3.336700
20.843334 0.846716 -3.076725
21.276667 0.846716 -3.076725
21.709999 0.846716 -3.076725
22.143333 0.846716 -3.076725
22.576666 0.846716 -3.076725
20.410000 0.765743 -3.157723
22.576664 0.657530 -3.157693
22.143328 0.657529 -3.157693
21.709993 0.657528 -3.157692
21.276661 0.657528 -3.157691
20.843330 0.657527 -3.157691
20.843334 0.623324 -2.922529
21.276667 0.623324 -2.922529
21.709999 0.623324 -2.922529
22.143333 0.623324 -2.922529
22.576666 0.623324 -2.922529
20.410000 0.648908 -2.762694
23.010000 -0.309551 -12.474551
19.910000 -1.497856 -3.578684
19.910000 -1.288660 -3.150393
19.910000 -0.961289 -2.803958
19.910000 -0.545511 -2.570882
23.309999 -0.263512 -5.601162
23.610001 -1.002396 -5.256538
23.610001 -0.655636 -5.477482
23.309999 -1.280168 -4.953381
20.410000 -1.519243 -4.426910
20.843334 -1.563616 -4.116550
21.276667 -1.563616 -4.116550
21.709999 -1.563616 -4.116550
22.143333 -1.563616 -4.116550
22.576666 -1.563616 -4.116550
22.576666 -1.563623 -3.983410
22.143333 -1.563623 -3.983411
21.709999 -1.563623 -3.983412
21.276667 -1.563623 -3.983413
20.843334 -1.563623 -3.983413
20.410000 -1.519180 -3.673049
20.843334 -1.414342 -3.377566
21.276667 -1.414342 -3.377566
21.709999 -1.414342 -3.377566
22.143333 -1.414342 -3.377566
22.576666 -1.414342 -3.377566
22.576666 -1.352524 -3.259748
22.143333 -1.352522 -3.259745
21.709999 -1.352520 -3.259741
21.276667 -1.352518 -3.259737
20.843334 -1.352516 -3.259734
20.410000 -1.168908 -3.005514
20.843334 -0.938723 -2.792555
21.276667 -0.938723 -2.792555
21.709999 -0.938723 -2.792555
22.143333 -0.938723 -2.792555
22.576666 -0.938723 -2.792555
22.576666 -0.829310 -2.717009
22.143333 -0.829303 -2.717005
21.709999 -0.829297 -2.717001
21.276667 -0.829291 -2.716997
20.843334 -0.829284 -2.716993
20.410000 -0.548514 -2.577183
20.843334 -0.245669 -2.495577
21.276667 -0.245669 -2.495577
21.709999 -0.245669 -2.495577
22.143333 -0.245669 -2.495577
22.576666 -0.245669 -2.495577
22.576666 -0.113776 -2.479543
22.143333 -0.113777 -2.479543
21.709999 -0.113778 -2.479543
21.276667 -0.113779 -2.479543
20.843334 -0.113779 -2.479543
20.410000 -0.096324 -2.478263
19.776682 1.590163 -4.037972
19.809999 1.533126 -3.629033
19.809999 1.378090 -3.259131
19.809999 1.134910 -2.940185
19.660000 0.772707 -2.666057
19.174322 0.546857 -2.563811
19.175043 -0.527143 -2.564074
19.660000 -0.753443 -2.666692
19.809999 -1.115417 -2.941122
19.809999 -1.358332 -3.260270
19.809999 -1.513060 -3.630301
19.778521 -1.569752 -4.038630
19.628515 -0.599783 -4.066265
19.509998 -1.083322 -4.108636
19.747038 -1.084896 -4.049891
19.208586 -0.372711 -4.525006
19.509998 -0.587175 -4.967705
19.778517 -0.599984 -4.045545
19.809999 -1.084784 -4.034284
19.208630 -0.209874 -3.481006
19.510006 -0.486176 -3.073866
19.010000 -0.107066 -3.159105
19.010000 -0.151377 -2.822333
19.659996 0.304495 -3.515797
19.509996 0.505735 -3.073536
19.809999 0.570857 -3.109424
23.040001 0.441564 -3.618547
23.040001 0.620347 -4.050007
23.040001 0.441554 -4.481463
22.578571 0.010000 -4.660000
22.117144 0.010000 -4.660000
21.655714 0.010000 -4.660000
21.194286 0.010000 -4.660000
20.732857 0.010000 -4.660000
20.271429 0.010000 -4.660000
19.660007 0.325840 -4.571867
19.206251 0.393006 -4.524770
19.208591 0.612782 -4.143557
19.626677 0.619790 -4.066000
19.776678 0.619982 -4.045296
19.809999 0.538112 -3.744718
19.206093 0.230134 -3.481105
19.010000 0.050304 -3.442628
19.457777 0.010000 -3.440000
19.905556 0.010000 -3.440000
20.353333 0.010000 -3.440000
20.801111 0.010000 -3.440000
21.248888 0.010000 -3.440000
21.696667 0.010000 -3.440000
22.144444 0.010000 -3.440000
22.592222 0.010000 -3.440000
19.510006 0.608292 -4.967113
19.810001 0.544663 -5.005598
19.509996 1.103579 -4.107715
23.309999 0.044000 -11.621000
23.610001 0.397950 -12.475210
23.610001 0.543317 -12.121000
23.610001 0.397950 -11.766789
23.309999 0.044000 -12.621000
20.410000 0.263532 -2.907848
20.410000 0.385056 -2.662417
20.410000 -0.022509 -2.613246
20.410000 0.038599 -2.880571
20.410000 0.142892 -2.955539
20.843334 0.029110 -2.766648
21.276667 0.029110 -2.766648
21.709999 0.029110 -2.766648
22.143333 0.029110 -2.766648
22.576666 0.029110 -2.766648
23.709999 0.391324 -12.321428
23.709999 0.391232 -11.920569
23.709999 -0.303324 -11.920572
23.709999 -0.303233 -12.321431
19.010000 0.170735 -2.822189
19.010000 0.126666 -3.159002
19.010000 -0.030407 -3.442642
19.809999 -0.551288 -3.109805
19.810001 -0.518274 -3.745011
23.610001 -0.191874 -5.194884
23.610001 -0.392975 -4.682544
23.610001 -0.942265 -4.716784
20.410000 -1.093576 -4.437945
20.410000 -1.060464 -4.313844
20.410000 -1.147371 -4.216729
20.410000 -1.420212 -4.191410
23.325001 -0.120236 -4.788606
23.325001 -0.604364 -4.480182
23.040001 0.118835 -3.055675
23.040001 -0.332183 -3.109996
23.040001 -0.712596 -3.358272
23.040001 -0.944065 -3.749144
23.040001 -0.978602 -4.202106
23.040001 0.289895 -5.010190
23.040001 0.685711 -4.787385
23.040001 0.942105 -4.412470
23.040001 1.006385 -3.962836
23.040001 0.865027 -3.531176
20.843330 -1.053940 -4.339029
21.276663 -1.053940 -4.339030
21.709995 -1.053940 -4.339031
22.143330 -1.053940 -4.339032
22.576664 -1.053940 -4.339033
22.576664 -1.066392 -4.288510
22.143330 -1.066392 -4.288511
21.709995 -1.066392 -4.288511
21.276663 -1.066392 -4.288512
20.843330 -1.066392 -4.288513
20.843334 -1.261692 -4.223661
21.276667 -1.261692 -4.223661
21.709999 -1.261692 -4.223661
22.143333 -1.261692 -4.223661
22.576666 -1.261692 -4.223661
20.843334 -1.261692 -3.876339
21.276667 -1.261692 -3.876339
21.709999 -1.261692 -3.876339
22.143333 -1.261692 -3.876339
22.576666 -1.261692 -3.876339
20.410000 -1.420040 -3.909034
20.843330 -1.066391 -3.811485
21.276663 -1.066391 -3.811486
21.709995 -1.066391 -3.811487
22.143330 -1.066391 -3.811488
22.576664 -1.066391 -3.811489
20.410000 -1.147455 -3.880651
22.576664 -1.053938 -3.760966
22.143328 -1.053938 -3.760967
21.709995 -1.053938 -3.760967
21.276661 -1.053938 -3.760968
20.843330 -1.053938 -3.760969
20.410000 -1.060463 -3.786154
20.843334 -1.196731 -3.612785
21.276667 -1.196731 -3.612785
21.709999 -1.196731 -3.612785
22.143333 -1.196731 -3.612785
22.576666 -1.196731 -3.612785
20.410000 -1.092284 -3.659774
20.410000 -1.322134 -3.510530
20.843328 -0.832254 -3.338582
21.276661 -0.832254 -3.338583
21.709993 -0.832255 -3.338584
22.143328 -0.832256 -3.338585
22.576662 -0.832256 -3.338585
20.410000 -0.936175 -3.362152
20.843334 -1.035323 -3.305246
21.276667 -1.035323 -3.305246
21.709999 -1.035323 -3.305246
22.143333 -1.035323 -3.305246
22.576666 -1.035323 -3.305246
22.576664 -0.797751 -3.299637
22.143328 -0.797751 -3.299638
21.709993 -0.797752 -3.299638
21.276661 -0.797753 -3.299639
20.843330 -0.797753 -3.299639
20.410000 -0.815234 -3.318908
20.843334 -0.855324 -3.102069
21.276667 -0.855324 -3.102069
21.709999 -0.855324 -3.102069
22.143333 -0.855324 -3.102069
22.576666 -0.855324 -3.102069
20.410000 -0.784677 -3.192215
20.843334 -0.569483 -2.904767
21.276667 -0.569483 -2.904767
21.709999 -0.569483 -2.904767
22.143333 -0.569483 -2.904767
22.576666 -0.569483 -2.904767
20.410000 -0.686412 -2.792972
20.410000 -0.295019 -2.921165
20.410000 -0.302749 -2.647107
20.410000 -0.508138 -3.001232
20.410000 -0.380950 -3.019144
20.410000 -1.190765 -3.260603
20.410000 -0.918861 -2.953196
20.352858 0.544000 -7.849806
20.795713 0.544000 -7.849806
21.238571 0.544000 -7.849806
21.681429 0.544000 -7.849806
22.124287 0.544000 -7.849806
22.567142 0.544000 -7.849806
19.910000 0.322000 -7.585237
20.352858 0.100000 -7.320668
20.795713 0.100000 -7.320668
21.238571 0.100000 -7.320668
21.681429 0.100000 -7.320668
22.124287 0.100000 -7.320668
22.567142 0.100000 -7.320668
20.352858 0.544000 -12.621000
20.795713 0.544000 -12.621000
21.238571 0.544000 -12.621000
21.681429 0.544000 -12.621000
22.124287 0.544000 -12.621000
22.567142 0.544000 -12.621000
19.910000 0.544000 -11.646423
19.910000 0.544000 -11.171845
19.910000 0.544000 -10.697268
19.910000 0.544000 -10.222692
19.910000 0.544000 -9.748115
19.910000 0.544000 -9.273538
19.910000 0.544000 -8.798961
19.910000 0.544000 -8.324384
19.910000 -0.678000 -7.940806
20.352858 -0.456000 -8.205375
20.795713 -0.456000 -8.205375
21.238571 -0.456000 -8.205375
21.681429 -0.456000 -8.205375
22.124287 -0.456000 -8.205375
22.567142 -0.456000 -8.205375
19.910000 -0.456000 -8.694828
19.910000 -0.456000 -9.184281
19.910000 -0.456000 -9.673735
19.910000 -0.456000 -10.163188
19.910000 -0.456000 -10.652640
19.910000 -0.456000 -11.142094
19.910000 -0.456000 -11.631547
20.352858 -0.456000 -12.621000
20.795713 -0.456000 -12.621000
21.238571 -0.456000 -12.621000
21.681429 -0.456000 -12.621000
22.124287 -0.456000 -12.621000
22.567142 -0.456000 -12.621000
22.576664 0.168683 -2.958980
22.143328 0.168683 -2.958980
21.709993 0.168682 -2.958980
21.276661 0.168681 -2.958980
20.843330 0.168680 -2.958980
20.843328 0.117031 -2.952708
21.276661 0.117030 -2.952708
21.709993 0.117029 -2.952708
22.143328 0.117028 -2.952708
22.576662 0.117027 -2.952708
20.843334 0.298572 -2.799366
21.276667 0.298572 -2.799366
21.709999 0.298572 -2.799366
22.143333 0.298572 -2.799366
22.576666 0.298572 -2.799366
20.843334 -0.315681 -2.808513
21.276667 -0.315681 -2.808513
21.709999 -0.315681 -2.808513
22.143333 -0.315681 -2.808513
22.576666 -0.315681 -2.808513
22.576664 -0.356515 -3.010205
22.143328 -0.356516 -3.010205
21.709995 -0.356517 -3.010205
21.276663 -0.356518 -3.010205
20.843330 -0.356519 -3.010205
20.843330 -0.405166 -3.028656
21.276663 -0.405167 -3.028656
21.709995 -0.405167 -3.028656
22.143330 -0.405168 -3.028656
22.576664 -0.405169 -3.028656
19.910000 0.100000 -6.893679
19.910000 0.100000 -6.466690
19.910000 0.397553 -11.767447
19.910000 0.397555 -12.474555
22.576664 0.998035 -3.560824
22.143330 0.998035 -3.560823
21.709995 0.998035 -3.560822
21.276663 0.998035 -3.560821
20.843330 0.998035 -3.560820
23.610001 -0.309950 -11.766789
23.610001 -0.455317 -12.121000
23.610001 -0.309950 -12.475210
20.410000 0.986960 -2.995640
20.410000 0.636292 -3.142661
20.843328 0.614708 -3.128135
21.276661 0.614707 -3.128135
21.709993 0.614707 -3.128134
22.143328 0.614706 -3.128134
22.576662 0.614705 -3.128133
20.410000 0.578784 -3.027812
23.040001 -0.392975 -4.682544
23.040001 -0.421564 -4.481453
23.040001 -0.600347 -4.049993
23.040001 -0.421555 -3.618537
19.206240 -0.592764 -4.143676
19.659996 -0.305102 -4.572313
19.809999 -0.523502 -5.006130
19.660007 -0.284631 -3.515872
19.809999 1.104979 -4.033377
19.743361 1.105104 -4.049891
19.209999 0.044000 -12.121000
19.607332 -0.422835 -11.941934
19.607521 -0.422795 -12.300173
19.586985 -0.230556 -11.703125
19.586985 -0.230556 -12.538875
19.010000 0.658073 -4.423366
19.010000 0.943564 -4.588108
19.010000 1.220643 -4.747621
19.010000 -0.637693 -4.424073
19.010000 -0.923175 -4.588905
19.010000 -1.199750 -4.748685
21.052305 1.584036 -3.983345
22.615654 1.382569 -4.823188
21.450104 0.785205 -5.421293
20.249830 1.291109 -4.966763
21.920357 1.583731 -3.976489
20.225769 1.575461 -4.226943
22.281319 0.833552 -5.392823
20.596968 0.802248 -5.411521
20.583817 1.584785 -4.004370
20.845293 1.555030 -4.357928
21.268385 1.556331 -4.351333
21.043512 1.446582 -4.696568
21.475306 1.444303 -4.701607
21.245045 1.266644 -5.000013
21.685131 1.263561 -5.004076
21.905355 1.441952 -4.706757
20.899368 1.281390 -4.980191
22.176201 1.238416 -5.036232
21.022429 1.009212 -5.267821
21.837473 0.998858 -5.276241
22.587708 1.557263 -4.346511
21.489323 1.583822 -3.978463
20.615093 1.434939 -4.721831
22.341825 1.583288 -3.967536
21.696341 1.556787 -4.348984
22.633673 1.088742 -5.197989
22.117758 1.557604 -4.344729
20.240486 1.009003 -5.267992
20.237051 1.484322 -4.605185
20.211412 1.571684 -3.842153
20.170332 0.988719 -2.815436
20.166433 1.202924 -3.020915
20.219933 0.346253 -2.510918
20.217991 0.775280 -2.672927
20.181646 1.475179 -3.470907
20.166727 0.140296 -2.480037
20.205053 0.568803 -2.577025
20.575075 1.152989 -5.134057
21.017143 0.701830 -5.465173
22.695536 0.762544 -5.433854
20.204939 0.725779 -5.453216
22.700146 1.580617 -3.926693
22.264805 1.456491 -4.674093
21.458267 1.074588 -5.211122
20.509855 1.549072 -4.386431
20.222689 1.346171 -3.215285
21.888355 0.704535 -5.463848
20.106049 0.314465 -5.629250
22.345715 0.195943 -5.745187
21.904993 0.198512 -5.741696
21.457672 0.199093 -5.740914
21.003849 0.199236 -5.740722
20.512873 0.199199 -5.740772
22.695551 0.200539 -5.738984
20.164997 0.142175 -5.838712
23.010000 0.760824 -3.275085
23.010000 -0.877395 -3.408925
23.010000 0.492150 -2.924052
23.010000 -1.057695 -3.418298
23.010000 -0.079770 -2.816359
23.010000 -0.072881 -2.902184
23.010000 0.983586 -3.284788
23.010000 -1.209611 -3.970996
23.010000 -0.638701 -3.021396
23.010000 -1.068882 -3.883415
23.010000 -1.127956 -3.959941
23.010000 0.248192 -7.995899
23.010000 -0.588730 -7.545371
23.010000 0.839198 -3.240550
23.010000 -0.483476 -3.071811
23.010000 1.279771 -3.691635
23.010000 -0.459336 -7.186687
23.010000 0.197042 -8.412832
23.010000 -0.605358 -3.147841
23.010000 0.493120 -3.009321
23.010000 0.231840 -2.983186
23.010000 0.380495 -3.010548
23.010000 -0.215333 -6.321866
23.010000 -0.997395 -4.434821
23.010000 -0.931298 -3.531392
23.010000 0.247107 -5.392950
23.010000 1.018660 -3.693355
23.010000 -1.309488 -4.115918
23.010000 -1.175559 -3.478422
23.010000 -0.778581 -3.000999
23.010000 -0.200424 -2.765111
23.010000 0.447998 -2.784969
23.010000 0.976735 -3.146246
23.010000 -1.154516 -4.049107
23.010000 0.242753 -10.886484
23.010000 0.195613 -10.050463
23.010000 -0.440975 -6.756059
23.010000 1.150223 -3.083939
23.010000 0.570670 -2.664756
23.010000 -0.133989 -2.582450
23.010000 0.182625 -9.128894
23.010000 -0.799420 -2.817536
23.010000 -1.463931 -4.015985
23.010000 -1.279364 -3.334890
23.010000 -1.052639 -4.569507
23.010000 0.890510 -3.357520
23.010000 -0.486268 -5.774848
23.010000 -0.172242 -2.884032
23.010000 0.300739 -11.501174
23.010000 -1.063772 -3.541859
23.010000 -0.176063 -5.874901
23.010000 -0.011747 -7.707729
23.010000 -0.088264 -8.108809
23.010000 -0.227685 -11.480831
23.010000 0.217145 -10.499701
23.010000 0.181783 -9.587100
23.010000 0.376668 -2.885330
23.010000 -0.727686 -3.117252
23.010000 -1.174195 -4.641730
23.010000 0.929211 -3.452770
23.010000 0.868025 -3.172083
23.010000 0.039130 -11.242067
23.010000 0.008424 -2.953635
23.010000 1.057685 -3.220695
23.010000 0.551002 -2.828247
23.010000 -0.098805 -2.700088
23.010000 -0.714788 -2.907079
23.010000 -1.160253 -3.367959
23.010000 -1.330749 -4.006018
23.010000 0.026580 -5.258987
23.010000 -1.482721 -4.091582
23.010000 -1.330682 -3.391586
23.010000 -0.871520 -2.844311
23.010000 -0.210082 -2.573153
23.010000 -0.248504 -7.437148
23.010000 -0.973571 -3.452795
23.010000 -1.200342 -4.136598
23.010000 0.522576 -3.076216
23.010000 0.491022 -2.655583
23.010000 1.081290 -3.035192
23.010000 0.529460 -5.222408
23.010000 -0.346538 -7.823222
23.010000 -0.600535 -6.434012
23.010000 -0.020295 -5.565923
23.010000 1.261131 -4.198849
23.010000 -1.250225 -4.755788
23.010000 1.087971 -3.138705
23.010000 0.541910 -2.739322
23.010000 -0.176360 -7.044451
23.010000 -0.139529 -8.522719
23.010000 -0.725776 -3.223036
23.010000 0.121843 -8.763577
23.010000 0.911611 -3.240237
23.010000 1.279481 -3.943236
23.010000 1.130544 -3.801358
23.010000 -0.245617 -2.845197
23.010000 -0.157442 -2.976804
23.010000 -1.093843 -4.150728
23.010000 -1.058600 -4.013635
23.010000 1.037221 -4.769028
23.010000 -0.546366 -6.080220
23.010000 -0.155799 -8.950894
23.010000 -1.401321 -4.084150
23.010000 -1.253409 -3.416850
23.010000 -0.674033 -6.970946
23.010000 -0.816549 -2.904688
23.010000 -0.188347 -2.653982
23.010000 -0.139888 -9.399205
23.010000 -0.132596 -9.868730
23.010000 -0.120932 -10.338585
23.010000 -1.240646 -4.056016
23.010000 -0.093755 -10.796788
23.010000 -1.018222 -3.639284
23.010000 -0.564901 -3.070110
23.010000 -0.113048 -6.680184
22.360001 -1.321854 -4.589656
22.803047 -1.321800 -4.589594
21.059999 -1.321578 -4.589340
20.616951 -1.321839 -4.589639
21.926666 -1.321854 -4.589656
21.493298 -1.321755 -4.589542
21.468109 -0.900000 -5.746393
21.915571 -0.900000 -7.299909
20.984850 -0.900000 -7.317435
20.330671 -0.900000 -6.506372
22.626892 -0.900000 -6.475882
22.304703 -0.900000 -5.738647
20.577959 -0.900000 -5.662291
20.347647 -0.900000 -6.989243
20.723614 -0.900000 -6.715005
20.724722 -0.900000 -6.304380
21.100483 -0.900000 -6.508459
21.101379 -0.900000 -6.079728
21.491968 -0.900000 -6.289817
21.468182 -0.900000 -6.738331
21.891327 -0.900000 -6.536754
21.880577 -0.900000 -6.028111
22.578541 -0.900000 -6.940728
22.238422 -0.900000 -6.236704
21.460180 -0.900000 -7.225292
20.346893 -0.900000 -6.021027
22.646746 -0.900000 -6.031580
22.331909 -0.900000 -7.300681
22.125149 -0.900000 -6.931089
20.576481 -0.900000 -7.345267
20.997387 -0.900000 -5.682916
21.093029 -0.900000 -6.923492
21.891821 -0.900000 -5.636895
21.772104 -0.900000 -6.946175
20.232691 -0.900000 -7.354364
22.682945 -0.900000 -7.342254
22.262892 -0.900000 -6.587052
22.690454 -0.900000 -5.662554
20.225233 -0.900000 -5.648446
20.749668 -0.900000 -5.950068
20.745125 -0.900000 -7.058088
19.650665 -0.940208 -5.312075
19.464912 -1.519596 -4.444988
19.633684 -1.315027 -4.910213
19.460653 1.540473 -4.443193
19.385014 1.277913 -4.992930
19.783100 -1.565484 -4.166495
19.667536 1.026621 -5.259562
19.733961 1.584993 -4.178158
19.640131 -1.548078 -4.310938
19.456717 -1.034793 -5.234954
19.327665 -1.417128 -4.727470
19.320900 1.437749 -4.727037
19.481926 1.102170 -5.191827
19.372759 -1.208942 -5.054915
19.668447 1.251762 -5.027103
19.636707 -1.130515 -5.143121
19.640873 -1.464853 -4.616103
19.644163 1.458143 -4.682254
19.781725 0.914803 -5.345309
19.623104 1.566256 -4.323960
19.759010 -0.844630 -5.378670
22.360001 1.365019 -3.570788
22.802971 1.364941 -3.570778
21.926666 1.365022 -3.570789
21.493334 1.365025 -3.570789
21.060001 1.365028 -3.570789
20.617031 1.365010 -3.570787
20.410000 1.078619 -3.523751
20.410000 1.172684 -3.469680
20.410000 1.198107 -3.371860
20.410000 1.089516 -3.432507
20.410000 1.270486 -3.467278
20.410000 1.022449 -3.483167
21.059999 0.989708 -3.404966
20.616606 0.989286 -3.405521
22.359999 0.987906 -3.407377
22.803473 0.989370 -3.405410
21.493332 0.989707 -3.404966
21.926664 0.987906 -3.407377
21.059999 0.768422 -3.155186
20.616560 0.767887 -3.155498
22.359999 0.765812 -3.156683
22.803473 0.767941 -3.155467
21.493332 0.768422 -3.155186
21.926664 0.765813 -3.156683
21.059999 0.649047 -2.762662
20.617012 0.649048 -2.762684
21.493296 0.649049 -2.762806
21.926630 0.649048 -2.762803
22.359999 0.649047 -2.762650
22.802980 0.649048 -2.762730
20.616032 -1.199933 -5.058317
21.040752 -1.197513 -5.061213
20.168310 -1.545596 -3.803234
21.474821 -1.197436 -5.061306
22.360001 -1.214802 -5.040202
21.909771 -1.199318 -5.059054
20.267948 -1.243266 -5.003919
23.144896 -1.126308 -5.140622
22.868120 -1.117306 -5.149926
20.166731 -1.548202 -4.279503
20.206930 -1.565020 -4.045460
23.294575 -0.752788 -5.428006
20.153721 -1.472507 -4.581792
20.168268 -0.700353 -2.644022
20.200958 -0.386591 -2.525452
20.219049 -0.906201 -2.768658
22.734821 -1.270976 -4.966369
20.218304 -1.482691 -3.547280
20.196096 -1.384593 -3.317842
20.191856 -1.096734 -2.929157
20.235025 -1.264820 -3.124867
23.259102 -0.513873 -5.535388
23.395191 -1.146089 -5.119630
20.115982 -1.069938 -5.196472
20.136024 -1.353199 -4.838868
23.290464 -0.987801 -5.268637
22.620438 -1.122517 -5.144559
19.599463 -0.293964 -2.499446
19.424723 0.377869 -2.513263
19.345865 0.000411 -2.469921
19.760134 0.552390 -2.565829
19.653046 -0.605107 -2.594629
19.454708 -0.481878 -2.548475
19.312510 -0.288001 -2.498288
19.776535 0.693239 -2.625156
19.646151 0.190057 -2.480160
19.160681 -0.714776 -4.894046
19.324711 -0.491413 -4.736390
19.143745 -0.554992 -4.693422
19.327925 -0.780270 -5.134395
19.160904 -0.358576 -3.000750
19.323368 -0.333231 -3.272391
19.143679 -0.264549 -3.239138
19.334417 -0.535815 -2.827129
19.781168 0.618258 -4.096068
20.008486 0.597951 -3.887477
20.964714 0.351822 -4.555230
19.620604 0.433501 -4.489029
19.587496 0.603130 -4.192466
20.596769 0.349478 -3.543192
21.498110 0.374768 -3.561079
22.366032 0.395804 -4.522499
22.374950 0.372504 -3.559398
20.022831 0.456331 -3.634202
20.191605 0.547740 -3.762014
20.240068 0.612025 -3.951682
19.855667 0.615809 -4.121382
19.775011 0.605446 -4.182455
19.863592 0.593864 -4.226645
19.758810 0.574650 -4.280803
19.862450 0.549723 -4.334251
19.979713 0.579771 -4.267857
19.991051 0.507561 -4.402892
20.151917 0.563217 -4.307004
19.381186 0.501156 -4.411754
19.147320 0.538568 -4.354493
19.724136 0.513819 -4.393899
20.552753 0.351284 -4.555594
20.742907 0.567128 -4.298411
21.153440 0.580353 -4.266327
20.183836 0.403738 -4.515908
19.419167 0.600437 -4.203245
20.902494 0.610507 -3.942803
19.706230 0.613190 -4.140893
20.277328 0.388122 -3.571331
20.017225 0.237838 -3.484147
19.634359 0.563272 -4.306886
21.405813 0.364486 -4.546427
21.595123 0.592350 -4.231574
21.867676 0.380089 -4.534906
22.057838 0.603073 -4.192703
22.505569 0.615192 -4.126435
20.410397 0.545008 -3.756970
19.769026 0.417084 -4.504294
21.959509 0.366916 -3.555317
19.612341 0.160544 -3.458869
21.006063 0.401706 -3.582382
20.076328 0.616686 -4.113503
19.319691 0.561888 -4.309845
19.995909 0.233762 -4.617477
19.937315 0.400510 -4.518617
21.301487 0.591199 -3.864777
20.400759 0.552088 -4.329714
21.780018 0.586415 -3.850386
19.804081 0.207118 -3.472727
19.937004 0.619817 -4.064919
19.948086 0.610402 -4.157786
20.497829 0.619983 -4.045432
20.262077 0.610299 -4.158356
22.712658 0.568376 -3.804406
19.483768 0.563579 -4.306224
19.548632 0.507993 -4.402282
19.856962 0.484761 -4.433017
22.263557 0.581616 -3.837032
19.247828 0.122107 -3.450390
22.706005 0.499062 -4.414580
22.715933 0.328009 -3.529452
19.682953 0.593528 -4.227750
19.260500 0.500974 -4.412001
20.686907 0.539237 -3.746672
19.451199 0.439106 -4.483553
22.750740 0.277752 -4.598096
19.169039 1.114052 -4.251054
19.329229 0.857811 -4.139406
19.147924 0.851450 -4.214924
19.334419 1.342170 -4.188028
23.312668 0.510835 -12.300066
23.312479 0.510795 -11.941828
23.333015 0.318556 -12.538875
23.333015 0.318556 -11.703125
20.410000 0.124669 -2.865695
20.410000 0.141355 -2.758988
20.410000 0.230763 -2.693717
20.410000 0.119103 -2.663926
20.410000 0.206798 -2.821315
20.410000 0.181314 -2.901875
22.360001 -0.022391 -2.613170
22.802996 -0.022351 -2.613244
21.926666 -0.022391 -2.613170
21.493334 -0.022391 -2.613170
21.059999 -0.022391 -2.613169
20.617002 -0.022381 -2.613188
23.709999 0.044000 -12.121000
19.010000 0.009718 -2.972438
19.010000 0.009900 -3.361962
19.010000 0.009617 -2.652788
19.809999 -1.084546 -3.583386
19.809999 -0.806030 -3.779358
19.809999 -0.704252 -3.503908
19.809999 -0.962767 -3.279698
23.610001 -0.681993 -5.133367
23.610001 -0.414853 -4.967601
23.610001 -0.653971 -4.824323
23.610001 -0.907330 -4.993902
23.610001 -0.457775 -5.280354
20.410000 -1.153507 -4.305219
20.410000 -1.257743 -4.335202
20.410000 -1.305743 -4.424334
20.410000 -1.185898 -4.391198
20.410000 -1.353102 -4.315727
20.410000 -1.108679 -4.358067
23.193377 -0.146680 -4.938576
23.171482 -0.179560 -5.125050
23.360556 -0.161783 -5.024229
23.459999 -0.227693 -5.398023
23.253475 -0.212111 -5.309653
23.194754 -0.731444 -4.569165
23.202118 -0.903081 -4.689346
23.380663 -0.783284 -4.605464
23.423458 -1.110509 -4.834589
23.220411 -1.095504 -4.824082
23.366884 -0.954442 -4.725310
21.059999 -1.095603 -4.441829
20.616606 -1.095064 -4.441393
22.359999 -1.093276 -4.439919
22.803473 -1.095172 -4.441481
21.492954 -1.095034 -4.441369
21.927040 -1.095039 -4.441373
21.059999 -1.151060 -4.216851
20.616560 -1.150451 -4.216972
22.359999 -1.148112 -4.217461
22.803473 -1.150512 -4.216960
21.493332 -1.151059 -4.216851
21.926664 -1.148112 -4.217461
21.059999 -1.419713 -4.191247
20.616955 -1.420082 -4.191104
21.493298 -1.419963 -4.191150
21.926666 -1.419713 -4.191247
22.360001 -1.419713 -4.191247
22.803043 -1.420028 -4.191125
22.360001 -1.420098 -3.908902
22.803047 -1.420019 -3.908871
21.926666 -1.420098 -3.908902
21.493370 -1.419958 -3.908848
21.059999 -1.420098 -3.908902
20.616953 -1.420078 -3.908894
21.059999 -1.151058 -3.883149
20.616606 -1.150375 -3.883013
22.359999 -1.148111 -3.882539
22.803473 -1.150511 -3.883040
21.493332 -1.151057 -3.883149
21.926664 -1.148112 -3.882539
21.059999 -1.095606 -3.658168
20.616560 -1.095124 -3.658558
22.359999 -1.093280 -3.660078
22.803473 -1.095172 -3.658519
21.493332 -1.095605 -3.658169
21.926664 -1.093281 -3.660077
21.059999 -1.321892 -3.510300
20.616962 -1.321876 -3.510318
21.493334 -1.321626 -3.510605
22.360001 -1.321892 -3.510300
22.803038 -1.321838 -3.510362
21.926666 -1.321626 -3.510605
21.059999 -0.940526 -3.362690
20.616606 -0.939860 -3.362886
22.359999 -0.937634 -3.363519
22.803473 -0.939991 -3.362848
21.492954 -0.939821 -3.362898
21.926664 -0.937634 -3.363519
21.059999 -0.786871 -3.189253
20.616560 -0.786627 -3.189819
22.359999 -0.785698 -3.192026
22.803473 -0.786651 -3.189762
21.493332 -0.786870 -3.189254
21.926664 -0.785698 -3.192026
21.059999 -0.686348 -2.792844
20.616982 -0.686330 -2.792857
21.493334 -0.686350 -2.792843
21.926630 -0.686228 -2.792926
22.359999 -0.686354 -2.792840
22.803015 -0.686287 -2.792886
20.410000 -0.438839 -2.948061
20.410000 -0.474616 -2.847179
20.410000 -0.429272 -2.755147
20.410000 -0.387335 -2.872567
20.410000 -0.546735 -2.778334
20.410000 -0.370624 -2.954575
21.059999 -1.190760 -3.260459
20.616964 -1.190738 -3.260462
21.493334 -1.190761 -3.260459
21.926630 -1.190613 -3.260476
22.359964 -1.190614 -3.260476
22.803032 -1.190683 -3.260468
20.410000 -0.899524 -3.282867
20.410000 -0.978078 -3.210174
20.410000 -0.980679 -3.107632
20.410000 -0.888998 -3.192091
20.410000 -1.073906 -3.182745
20.410000 -0.836095 -3.256935
21.017143 0.322000 -7.585237
21.902857 0.322000 -7.585237
21.459999 0.322000 -7.585237
20.592737 0.325291 -7.589159
22.327261 0.325291 -7.589159
22.677856 0.341747 -7.608770
20.242144 0.341747 -7.608770
21.490002 0.544000 -8.282145
21.431385 0.544000 -12.256428
22.645367 0.544000 -9.981790
20.321056 0.544000 -10.455374
22.646885 0.544000 -10.929308
20.312397 0.544000 -9.509814
20.327337 0.544000 -11.399270
22.651237 0.544000 -9.032822
22.654871 0.544000 -11.887028
20.290886 0.544000 -8.576890
20.584232 0.544000 -12.277774
22.323418 0.544000 -8.261253
20.305311 0.544000 -9.038376
20.711397 0.544000 -9.272235
20.719721 0.544000 -9.743962
21.121460 0.544000 -9.506360
21.129461 0.544000 -9.977359
21.534060 0.544000 -9.740185
21.538822 0.544000 -10.210701
21.521852 0.544000 -9.268343
21.136734 0.544000 -10.447573
21.541252 0.544000 -10.680520
21.141802 0.544000 -10.915086
21.546774 0.544000 -11.145504
21.153690 0.544000 -11.377835
21.913553 0.544000 -9.503747
21.913984 0.544000 -10.447280
21.909636 0.544000 -9.029949
21.557905 0.544000 -11.588620
21.920258 0.544000 -11.378688
21.924133 0.544000 -11.825334
21.511318 0.544000 -8.792664
21.917578 0.544000 -8.560750
21.109695 0.544000 -8.577996
21.186214 0.544000 -11.858151
20.737926 0.544000 -11.151532
22.649858 0.544000 -11.405208
21.916660 0.544000 -10.916205
20.317204 0.544000 -9.982604
20.750235 0.544000 -11.604766
21.112118 0.544000 -9.036067
22.645655 0.544000 -9.507664
22.645636 0.544000 -10.455500
20.323334 0.544000 -10.926924
21.914606 0.544000 -9.976021
20.731138 0.544000 -10.685309
20.725885 0.544000 -10.215364
20.696922 0.544000 -8.798799
20.354586 0.544000 -11.905422
22.307739 0.544000 -12.162462
20.652109 0.544000 -8.291227
22.663267 0.544000 -8.563498
21.017143 0.544000 -12.254564
21.849733 0.544000 -12.238388
21.907343 0.544000 -8.160752
22.293188 0.544000 -8.786136
22.284874 0.544000 -9.267085
22.284626 0.544000 -11.159013
22.292801 0.544000 -11.637636
21.064072 0.544000 -8.183236
22.280703 0.544000 -9.741865
22.281342 0.544000 -10.687036
22.280273 0.544000 -10.214915
20.254623 0.544000 -8.202056
20.778482 0.544000 -11.980136
20.222191 0.544000 -12.308988
22.700909 0.544000 -12.288444
22.691759 0.544000 -8.177437
21.616362 0.544000 -11.946210
21.459999 -0.678000 -7.940806
21.902857 -0.678000 -7.940806
21.017143 -0.678000 -7.940806
22.327261 -0.674709 -7.944728
20.592737 -0.674709 -7.944728
22.677856 -0.658253 -7.964339
20.242144 -0.658253 -7.964339
21.457405 -0.456000 -8.543987
21.458963 -0.456000 -12.266223
22.658995 -0.456000 -10.400637
20.335897 -0.456000 -10.892003
20.332033 -0.456000 -9.915721
22.665340 -0.456000 -11.381138
22.661297 -0.456000 -9.421739
20.340723 -0.456000 -11.936724
20.343178 -0.456000 -8.968619
22.316914 -0.456000 -12.152494
22.318594 -0.456000 -8.634337
20.332497 -0.456000 -9.432895
20.754042 -0.456000 -9.669946
20.752125 -0.456000 -10.152803
21.169168 -0.456000 -9.902096
21.166595 -0.456000 -10.389331
21.570107 -0.456000 -10.142020
21.572113 -0.456000 -10.625605
21.579844 -0.456000 -9.662238
21.166794 -0.456000 -10.879115
21.565435 -0.456000 -11.115003
21.176758 -0.456000 -11.373390
21.959406 -0.456000 -9.897179
21.941797 -0.456000 -10.875236
21.579826 -0.456000 -11.584075
21.968586 -0.456000 -9.416502
21.588490 -0.456000 -9.205935
21.979967 -0.456000 -8.940085
21.214378 -0.456000 -11.890615
20.770750 -0.456000 -11.639425
20.787022 -0.456000 -12.116808
20.341249 -0.456000 -11.387856
21.178699 -0.456000 -9.426031
20.332905 -0.456000 -10.402295
20.764328 -0.456000 -9.192972
20.769007 -0.456000 -8.731182
21.213041 -0.456000 -8.924112
21.945419 -0.456000 -11.358053
21.944370 -0.456000 -11.817986
20.758121 -0.456000 -11.135079
22.660332 -0.456000 -9.910938
22.660883 -0.456000 -10.890327
21.946650 -0.456000 -10.386091
20.752073 -0.456000 -10.641771
21.871140 -0.456000 -12.233733
22.671436 -0.456000 -11.866615
22.668863 -0.456000 -8.939771
21.878780 -0.456000 -8.559324
20.490648 -0.456000 -12.322427
21.094748 -0.456000 -8.522006
21.100132 -0.456000 -12.302051
20.403032 -0.456000 -8.574007
22.318357 -0.456000 -9.168603
21.627193 -0.456000 -11.952331
22.312840 -0.456000 -9.659182
22.700634 -0.456000 -12.286278
22.307251 -0.456000 -10.148706
22.694925 -0.456000 -8.534834
22.313786 -0.456000 -11.129560
22.325731 -0.456000 -11.627234
22.304893 -0.456000 -10.638426
20.175385 -0.456000 -12.338006
21.638613 -0.456000 -8.846669
21.059999 0.035685 -2.877296
20.616606 0.035902 -2.877956
22.359999 0.036645 -2.880147
22.803473 0.035859 -2.877826
21.493332 0.035685 -2.877297
21.927040 0.035911 -2.877985
21.059999 0.265709 -2.905225
20.616547 0.265394 -2.905728
22.359999 0.264094 -2.907764
22.803473 0.265413 -2.905698
21.493332 0.265708 -2.905226
21.926664 0.264094 -2.907764
21.059999 0.385327 -2.662649
20.617014 0.385315 -2.662663
21.493334 0.385327 -2.662649
21.926630 0.385228 -2.662759
22.359964 0.385228 -2.662759
22.802984 0.385276 -2.662706
21.059999 -0.302410 -2.647182
20.617001 -0.302415 -2.647202
21.493334 -0.302410 -2.647182
21.926630 -0.302446 -2.647327
22.359964 -0.302446 -2.647327
22.802998 -0.302429 -2.647259
21.059999 -0.295585 -2.917517
20.616560 -0.295632 -2.918136
22.359999 -0.295835 -2.920517
22.803473 -0.295627 -2.918074
21.493332 -0.295585 -2.917518
21.926664 -0.295835 -2.920516
21.059999 -0.512238 -2.999688
20.616606 -0.511740 -3.000170
22.359999 -0.510061 -3.001768
22.803473 -0.511840 -3.000074
21.493332 -0.512238 -2.999688
21.926664 -0.510061 -3.001768
21.059999 -0.918534 -2.953106
20.616985 -0.918528 -2.953128
21.493334 -0.918534 -2.953106
21.926630 -0.918499 -2.953252
22.359964 -0.918499 -2.953252
22.803015 -0.918515 -2.953184
20.319281 0.100000 -6.680185
22.600779 0.100000 -6.680184
21.459999 0.100000 -6.423226
21.017776 0.100000 -6.950247
21.902857 0.100000 -6.937142
21.460062 0.100000 -6.937178
21.017775 0.100000 -6.410128
21.902857 0.100000 -6.423226
22.334249 0.100000 -6.988336
20.584547 0.100000 -6.993815
22.334249 0.100000 -6.372033
20.584547 0.100000 -6.366556
22.695780 0.100000 -7.010934
20.224220 0.100000 -7.010934
22.695780 0.100000 -6.349435
20.224220 0.100000 -6.349435
21.681433 0.100000 -6.680194
21.238623 0.100000 -6.680229
22.125393 0.100000 -6.680185
20.797436 0.100000 -6.680187
19.607332 0.510835 -11.941934
19.607521 0.510795 -12.300173
19.586985 0.318556 -11.703126
19.586985 0.318556 -12.538875
19.910000 0.248962 -7.997209
19.910000 -0.597249 -7.556242
19.910000 -0.492542 -7.228122
19.910000 0.197994 -8.414080
19.910000 -0.299703 -5.881496
19.910000 -0.216431 -6.667075
19.910000 0.242753 -10.886484
19.910000 0.195615 -10.050467
19.910000 0.182827 -9.129007
19.910000 0.300739 -11.501178
19.910000 -0.215040 -6.202759
19.910000 -0.012653 -7.709969
19.910000 -0.088286 -8.110717
19.910000 -0.227686 -11.480830
19.910000 0.217146 -10.499702
19.910000 0.181830 -9.587107
19.910000 0.039130 -11.242067
19.910000 -0.565894 -6.474540
19.910000 -0.262818 -7.455227
19.910000 -0.350131 -7.828948
19.910000 -0.057434 -5.904033
19.910000 -0.185561 -7.088732
19.910000 -0.139176 -8.523336
19.910000 0.122202 -8.764049
19.910000 -0.613070 -6.087101
19.910000 -0.554756 -6.878932
19.910000 -0.154968 -8.950970
19.910000 -0.140104 -9.399421
19.910000 -0.132624 -9.868768
19.910000 -0.120936 -10.338593
19.910000 -0.093754 -10.796788
21.459999 0.180377 -12.621000
20.606987 0.178461 -12.621000
22.313013 0.178461 -12.621000
21.026566 -0.093657 -12.621000
21.893435 -0.093657 -12.621000
21.459999 -0.187530 -12.621000
21.020885 0.274743 -12.621000
21.899115 0.274743 -12.621000
20.607635 -0.184769 -12.621000
22.312363 -0.184769 -12.621000
20.263720 -0.103458 -12.621000
22.656281 -0.103458 -12.621000
20.208714 0.241401 -12.621000
22.711287 0.241401 -12.621000
20.410000 -1.151848 -3.793415
20.410000 -1.255178 -3.765556
20.410000 -1.305114 -3.675979
20.410000 -1.184707 -3.708147
20.410000 -1.352754 -3.785805
20.410000 -1.107735 -3.740975
23.312668 -0.422835 -12.300066
23.312477 -0.422795 -11.941828
23.333015 -0.230556 -12.538875
23.333015 -0.230556 -11.703126
21.059999 1.097392 -3.610138
20.616560 1.096772 -3.610166
22.359999 1.094384 -3.610251
22.803473 1.096834 -3.610163
21.493332 1.097391 -3.610138
21.926664 1.094384 -3.610251
21.059999 1.174115 -3.207078
20.617020 1.174104 -3.207099
21.493332 1.174117 -3.207073
21.926630 1.174052 -3.207201
22.359962 1.174054 -3.207197
22.802973 1.174086 -3.207134
21.059999 0.987093 -2.995976
20.617020 0.987076 -2.995982
21.493334 0.987093 -2.995976
21.926630 0.986955 -2.996028
22.359964 0.986955 -2.996028
22.802979 0.987021 -2.996003
21.059999 0.577725 -3.023558
20.616606 0.577611 -3.024244
22.359999 0.577251 -3.026529
22.803473 0.577633 -3.024108
21.493332 0.577725 -3.023559
21.927040 0.577606 -3.024274
20.410000 0.661908 -3.054640
20.410000 0.724620 -2.967869
20.410000 0.826185 -2.952810
20.410000 0.753311 -3.054120
20.410000 0.740367 -2.869299
20.410000 0.695299 -3.114479
23.458309 -0.504262 -4.595925
23.389090 -0.330539 -4.718231
23.242771 -0.466652 -4.629053
23.194054 -0.272203 -4.744883
23.040001 0.293187 -4.734142
23.040001 0.061840 -4.845549
23.040001 0.271319 -3.306429
19.160395 -1.083421 -4.256201
19.323509 -0.835635 -4.141730
19.143059 -0.829222 -4.218157
19.327854 -1.324224 -4.192620
19.809999 -0.118921 -5.224546
19.809999 0.156673 -4.926637
19.809999 -0.152586 -4.880005
19.809999 0.220299 -5.266794
19.168751 0.737774 -4.904244
19.326668 0.513644 -4.738712
19.147032 0.574825 -4.694557
19.334286 0.797402 -5.133245
19.690685 -0.592875 -4.142960
20.008585 -0.578062 -3.887879
20.970842 -0.365937 -4.530386
19.593500 -0.411442 -4.491006
20.626692 -0.332648 -3.545330
21.473421 -0.341827 -3.551685
22.309334 -0.377230 -4.521331
19.392580 -0.546366 -4.300113
22.348753 -0.339780 -3.550246
20.026400 -0.439620 -3.637760
20.215010 -0.524071 -3.755265
20.270128 -0.592974 -3.957686
19.147377 -0.518231 -4.355077
19.427923 -0.434651 -4.467595
20.073011 -0.595610 -4.123047
20.336891 -0.579141 -4.208153
20.125582 -0.524140 -4.344608
20.537352 -0.599436 -4.023778
19.927631 -0.554761 -4.280532
19.933432 -0.461800 -4.436658
20.367025 -0.459273 -4.439722
19.783661 -0.507896 -4.372310
20.285183 -0.363969 -3.568080
20.016996 -0.218230 -3.484305
21.034300 -0.339381 -3.549967
21.244606 -0.564776 -3.845713
21.697895 -0.566642 -3.851042
21.454437 -0.567773 -4.245647
21.953482 -0.574631 -4.224088
20.808456 -0.561120 -3.835706
19.532614 -0.498017 -4.387666
19.768446 -0.572125 -4.232292
19.752867 -0.401098 -4.500665
20.127699 -0.383248 -4.516322
19.579935 -0.588832 -4.166192
21.917170 -0.340960 -3.551074
19.612940 -0.140636 -3.458892
22.144493 -0.561812 -3.837560
22.608500 -0.561183 -3.835874
20.998392 -0.583949 -4.189013
19.312111 -0.492953 -4.395164
20.040766 -0.183696 -4.628431
20.619192 -0.345493 -4.545706
20.649542 -0.542805 -4.307890
21.382607 -0.326178 -4.559003
19.804167 -0.187285 -3.472784
19.885187 -0.593913 -4.135960
22.673790 -0.546642 -4.299499
21.812099 -0.346747 -4.544805
20.458637 -0.530093 -3.766453
19.659538 -0.533071 -4.327803
19.956217 -0.343680 -4.547002
19.247902 -0.102041 -3.450378
19.650043 -0.573011 -4.229440
22.703016 -0.315402 -4.565959
22.331978 -0.588598 -4.167391
22.715931 -0.308007 -3.529451
20.355101 -0.239339 -4.606714
19.952951 -0.599175 -4.018292
19.263832 -0.545506 -4.302017
19.446501 -0.583085 -4.192652
19.664766 -0.474079 -4.421171
20.745462 -0.598570 -4.091749
19.541759 -0.559178 -4.269401
19.781799 -0.596836 -4.112053
19.421730 -0.493619 -4.394192
21.202038 -0.490638 -4.398513
19.168720 0.386580 -2.992749
19.326603 0.355189 -3.269660
19.146957 0.286350 -3.238738
19.334286 0.555147 -2.826665
19.809999 1.093650 -3.575917
19.809999 0.691218 -3.489933
19.809999 0.813053 -3.777189
19.809999 0.941357 -3.259373
