1 0 181
185 1 181
3 183 2
184 183 3
181 182 185
184 182 183
185 182 184
184 753 185
186 753 187
3 753 184
185 753 1
187 753 3
1 753 186
188 756 4
5 757 192
4 756 194
193 757 5
0 756 188
192 757 2
191 756 0
2 757 189
190 754 191
189 755 190
190 755 754
6 755 193
194 754 6
754 755 6
194 756 754
755 757 193
754 756 191
189 757 755
8 7 195
9 8 195
12 760 11
199 759 198
197 759 196
199 758 196
10 758 13
198 759 197
196 759 199
198 760 12
11 760 197
197 760 198
196 758 10
13 758 199
16 763 15
203 762 202
201 762 200
203 761 200
14 761 17
202 762 201
200 762 203
202 763 16
15 763 201
201 763 202
200 761 14
17 761 203
221 222 223
209 210 211
18 799 32
786 801 767
780 801 786
770 783 781
781 789 770
793 798 27
229 772 27
771 801 782
772 793 27
765 789 781
782 801 780
767 792 786
26 795 23
769 793 772
252 798 793
764 772 229
782 802 771
249 797 794
766 802 782
764 773 772
765 784 235
252 793 31
780 786 775
775 786 773
772 808 769
236 765 235
243 771 242
777 780 775
782 807 766
235 784 234
781 806 765
230 764 229
241 766 240
777 782 780
781 783 778
230 785 764
216 797 22
237 789 236
231 785 230
776 777 775
774 775 773
31 769 244
245 767 246
23 794 216
764 785 774
239 770 238
248 800 249
776 778 777
232 768 231
19 796 204
768 785 231
774 776 775
785 788 774
233 787 232
249 794 250
779 781 778
236 789 765
768 788 785
776 779 778
764 774 773
768 790 788
774 788 776
23 795 794
232 787 768
770 810 783
767 791 246
766 807 783
246 791 247
776 788 779
769 792 244
245 792 767
787 790 768
788 790 779
783 810 766
771 802 242
244 792 245
241 802 766
773 808 772
783 807 778
784 790 787
228 809 26
766 810 240
29 803 237
777 807 782
234 805 28
239 810 770
30 804 243
31 793 769
765 806 784
238 803 29
247 804 30
28 805 233
32 799 248
250 795 251
237 803 789
779 806 781
784 806 790
251 809 798
789 803 770
204 799 18
784 805 234
27 798 228
791 801 771
251 798 252
796 800 248
769 808 792
243 804 771
786 808 773
787 805 784
792 808 786
248 799 796
242 802 241
767 801 791
798 809 228
796 799 204
778 807 777
771 804 791
794 797 216
240 810 239
770 803 238
26 809 795
233 805 787
795 809 251
791 804 247
790 806 779
249 800 797
797 800 22
19 800 796
22 800 19
794 795 250
19 215 22
205 215 19
209 20 210
210 21 211
23 227 26
23 217 227
24 222 221
222 25 223
205 206 214
205 214 215
207 213 206
206 213 214
207 208 212
207 212 213
209 211 208
208 211 212
218 226 217
217 226 227
218 219 225
218 225 226
219 220 224
219 224 225
220 221 223
220 223 224
261 35 817
29 261 817
30 243 811
35 260 817
238 29 817
811 816 818
255 34 818
811 243 816
254 33 811
242 815 816
815 256 816
239 238 812
243 242 816
34 254 818
259 258 813
813 258 814
258 257 814
240 239 813
814 257 815
240 813 814
257 256 815
241 240 814
241 814 815
242 241 815
260 259 812
256 255 816
816 255 818
239 812 813
812 259 813
812 238 817
260 812 817
254 811 818
253 30 811
33 253 811
317 868 70
70 868 847
849 866 823
42 830 277
38 831 263
836 910 278
28 912 234
66 820 330
265 919 266
303 858 56
309 860 62
321 861 74
315 862 68
847 868 822
277 836 278
261 902 869
77 916 323
83 819 49
56 858 302
62 860 308
68 862 314
74 861 320
261 869 35
237 918 334
268 872 269
821 875 840
831 835 263
59 915 305
830 836 277
338 902 888
283 867 284
851 911 825
850 875 821
827 876 837
84 888 333
848 876 827
311 909 876
49 819 294
313 820 66
266 262 36
39 908 871
893 900 870
79 877 863
334 899 237
319 828 72
839 840 299
336 913 845
868 894 822
318 331 71
830 871 836
849 914 866
863 877 327
888 902 844
870 900 871
236 918 237
48 851 293
52 850 298
58 849 304
64 848 310
70 847 316
76 846 322
81 904 80
46 337 290
82 863 327
66 330 312
843 894 868
29 899 844
83 49 295
840 875 299
20 897 210
24 898 222
53 839 299
303 892 858
309 891 860
315 890 862
321 889 861
288 834 28
871 908 836
835 907 855
872 880 269
235 903 335
335 918 235
822 886 847
827 885 848
823 884 849
821 883 850
825 882 851
325 842 78
331 931 71
283 880 867
869 902 37
35 841 286
276 867 41
901 919 265
845 913 289
37 902 338
333 888 844
876 909 837
41 872 275
837 932 827
858 925 884
860 924 885
855 901 264
862 922 886
861 921 887
76 895 846
819 832 294
58 914 849
855 933 841
48 879 851
866 914 305
871 900 39
844 899 333
831 900 893
266 865 262
851 905 898
850 906 897
43 893 870
907 933 855
45 845 289
222 898 856
210 897 857
237 899 29
866 915 824
292 882 47
297 883 51
302 884 55
308 885 61
314 886 67
320 887 73
47 825 291
73 826 319
55 823 301
67 822 313
51 821 296
61 827 307
841 901 855
291 878 46
821 840 838
80 904 326
853 880 283
928 930 873
873 930 853
52 875 850
29 844 261
829 917 828
35 869 841
332 917 916
870 871 830
285 870 830
267 831 38
43 870 285
285 830 42
274 908 39
64 876 848
831 893 835
262 865 37
289 913 834
279 874 280
278 859 279
280 854 281
282 853 283
281 873 282
855 923 835
927 928 854
280 874 854
859 874 279
282 873 853
854 873 281
264 901 265
854 928 873
879 911 851
880 930 269
278 910 859
43 907 893
865 869 37
926 927 874
301 881 54
884 925 849
832 879 294
885 924 848
886 922 847
887 921 846
874 927 854
284 867 276
327 904 81
823 866 824
920 926 859
326 877 79
864 911 832
264 923 855
328 839 53
299 875 52
851 898 293
850 897 298
39 900 267
859 926 874
296 896 50
311 876 64
329 915 59
825 864 291
317 931 868
856 905 292
857 906 297
287 907 43
275 872 268
326 904 877
333 899 334
235 918 236
312 330 65
323 916 895
335 903 336
65 909 311
294 879 48
60 329 306
47 882 825
51 883 821
55 884 823
61 885 827
67 886 822
73 887 826
908 920 910
295 50 83
895 916 852
841 933 286
305 915 866
300 328 53
823 824 301
323 895 76
274 920 908
338 888 84
234 903 235
843 931 331
844 902 261
267 900 831
833 932 837
822 894 313
858 884 302
860 885 308
862 886 314
861 887 320
44 834 288
307 833 60
825 911 864
263 923 264
826 852 829
332 916 77
306 329 59
54 328 300
821 838 296
305 914 58
304 925 892
287 933 907
310 924 891
316 922 890
322 921 889
887 929 826
835 923 263
846 921 322
847 922 316
848 924 310
849 925 304
273 920 274
853 930 880
868 931 843
826 829 319
272 927 926
271 928 927
270 930 928
273 926 920
272 926 273
271 927 272
270 928 271
269 930 270
286 933 287
334 918 335
313 894 820
210 857 21
222 856 25
60 833 329
877 904 327
852 917 829
827 932 307
893 907 835
895 929 846
75 889 321
69 890 315
63 891 309
57 892 303
846 929 887
898 905 856
897 906 857
867 880 41
832 911 879
41 880 872
319 829 828
834 913 912
826 929 852
864 878 291
883 906 850
297 906 883
292 905 882
882 905 851
865 919 869
903 912 336
841 919 901
325 863 842
852 929 895
869 919 841
54 881 328
908 910 836
824 881 301
916 917 852
234 912 903
910 920 859
889 921 861
890 922 862
891 924 860
892 925 858
46 878 337
838 896 296
912 913 336
50 896 83
330 909 65
307 932 833
284 276 7
298 897 20
21 857 297
293 898 24
25 856 292
304 892 57
310 891 63
316 890 69
322 889 75
83 896 840
328 840 839
881 915 328
833 837 329
820 843 330
837 909 330
828 917 331
337 864 819
824 915 881
834 912 28
268 40 275
289 834 44
290 337 45
337 845 45
71 931 317
72 331 318
72 828 331
332 77 324
324 78 332
78 842 332
79 863 325
332 842 82
842 863 82
83 840 328
337 819 83
266 919 865
328 915 329
329 837 330
330 843 331
331 917 332
336 845 337
337 878 864
819 864 832
820 894 843
840 896 838
345 934 346
346 938 347
339 936 340
347 939 348
340 939 341
326 935 80
79 935 326
348 936 349
342 934 343
341 938 342
344 937 85
86 937 344
345 935 343
339 937 349
341 939 347
349 936 339
340 936 348
346 934 342
342 938 346
343 934 345
347 938 341
348 939 340
343 935 79
80 935 345
85 937 339
349 937 86
952 955 940
951 952 940
955 957 945
953 965 958
954 955 952
958 967 953
954 957 955
945 966 955
957 960 945
958 965 942
956 970 962
940 964 951
947 948 943
358 947 943
948 949 943
948 950 949
944 956 264
359 947 358
358 943 357
265 944 264
950 951 949
264 956 263
956 962 961
950 952 951
949 959 943
944 970 956
950 953 952
353 940 352
361 941 362
363 942 364
362 958 363
363 958 942
941 958 362
953 954 952
351 945 350
355 946 354
949 973 959
357 959 356
955 966 940
265 960 944
944 960 957
360 961 361
364 963 365
959 973 946
961 962 941
943 959 357
361 961 941
948 965 950
353 964 940
266 960 265
942 963 364
947 974 948
946 964 354
954 967 962
88 968 359
263 969 38
365 968 88
38 969 360
940 966 352
941 967 958
953 967 954
351 966 945
963 974 947
36 971 266
356 972 87
350 971 36
87 972 355
354 964 353
950 965 953
962 970 954
959 972 356
954 970 957
956 969 263
352 966 351
359 968 947
946 972 959
962 967 941
948 974 965
946 973 964
960 971 945
266 971 960
957 970 944
963 968 365
360 969 961
945 971 350
355 972 946
951 973 949
961 969 956
947 968 963
942 974 963
964 973 951
965 974 942
379 87 93
378 379 371
371 379 93
89 980 382
247 993 246
380 990 87
92 984 369
367 983 980
979 992 989
989 992 245
375 987 95
31 982 97
980 983 382
368 976 91
15 985 16
376 986 11
11 986 12
96 978 376
15 988 985
986 992 979
16 985 368
244 994 982
978 986 376
368 985 976
983 991 382
12 986 979
366 980 89
96 994 978
992 994 244
246 993 981
246 989 245
978 994 992
381 977 380
91 983 367
12 979 375
976 991 983
976 983 91
382 991 381
985 988 977
984 990 988
982 994 377
377 994 96
977 990 380
245 992 244
981 989 246
369 988 15
979 987 375
381 991 977
988 990 977
95 987 981
370 975 92
97 982 377
984 988 369
975 990 984
977 991 985
985 991 976
978 992 986
95 981 374
987 989 981
90 980 366
87 995 93
374 993 94
975 984 92
370 995 975
93 995 370
979 989 987
981 993 374
94 993 247
30 253 373
253 33 373
247 30 94
94 30 373
244 982 31
373 33 372
33 378 372
87 990 975
975 995 87
367 980 90
372 378 371
288 997 44
28 997 288
232 996 233
231 998 232
230 999 231
229 1000 230
383 1001 27
98 1001 383
388 996 387
387 998 386
386 999 385
385 1000 384
388 997 233
229 1001 384
387 996 232
233 996 388
386 998 231
232 998 387
385 999 230
231 999 386
384 1000 229
230 1000 385
27 1001 229
233 997 28
44 997 388
384 1001 98
389 1004 228
228 1006 383
100 1007 390
1002 1007 391
99 1005 1004
1003 1006 1004
392 1002 101
98 1002 392
1004 1006 228
98 1003 1002
1004 1005 1003
99 1004 389
383 1006 98
390 1005 99
1003 1005 1002
98 1006 1003
1005 1007 1002
390 1007 1005
389 228 26
383 27 228
391 1007 100
101 1002 391
400 1013 395
401 1010 396
396 1013 401
397 1010 402
394 1008 399
395 1012 400
398 1008 393
399 1012 394
393 1009 398
402 1011 397
397 1011 46
398 1009 99
393 1008 394
394 1012 395
395 1013 396
396 1010 397
399 1008 398
400 1012 399
401 1013 400
402 1010 401
46 1011 291
291 1011 47
47 1011 402
99 1009 390
390 1009 100
100 1009 393
411 1019 405
410 1016 406
407 1016 409
406 1019 410
405 1018 411
404 1014 412
413 1014 403
412 1018 404
403 1015 413
409 1017 407
407 1017 48
413 1015 103
403 1014 404
404 1018 405
405 1019 406
406 1016 407
409 1016 410
410 1019 411
411 1018 412
412 1014 413
48 1017 294
294 1017 49
49 1017 409
102 1015 403
408 1015 102
103 1015 408
214 1020 215
51 1025 297
211 1024 212
297 1025 21
419 1021 104
22 1021 419
415 1022 416
213 1022 214
416 1023 417
212 1023 213
414 1020 415
417 1024 418
211 1025 418
414 1021 215
416 1022 213
417 1023 212
415 1020 214
215 1020 414
418 1024 211
212 1024 417
214 1022 415
213 1023 416
21 1025 211
215 1021 22
418 1025 51
104 1021 414
105 9 420
40 105 420
467 303 468
456 309 457
445 315 446
434 321 435
1026 1032 355
354 1026 355
427 1047 106
354 1027 1026
80 1042 81
1032 1049 355
353 1027 354
353 1029 1027
1030 1031 351
86 1026 349
345 1042 80
350 1052 1030
350 1030 351
36 1034 350
108 1035 429
422 1046 1045
352 1029 353
352 1031 1029
346 1031 1030
89 1028 421
86 1032 1026
351 1031 352
347 1031 346
1029 1031 347
422 1045 423
348 1029 347
380 1050 381
1032 1050 380
425 1047 37
426 1051 1037
462 1039 113
37 1047 262
114 1040 462
107 1048 426
1027 1029 348
426 1037 427
382 1035 89
440 1028 109
346 1030 345
349 1027 348
110 1043 440
81 1033 428
421 1044 422
424 1040 32
423 1039 424
423 1041 1039
1026 1027 349
262 1037 36
81 1034 1033
1033 1034 36
355 1049 87
1043 1044 421
1035 1038 429
429 1038 86
1035 1036 89
381 1038 382
451 1046 111
112 1045 451
1034 1052 350
428 1048 107
1030 1042 345
382 1038 1035
108 1036 1035
1037 1047 427
81 1042 1034
86 1050 1032
36 1051 1033
89 1036 1028
462 1040 1039
87 1049 380
440 1043 1028
380 1049 1032
1028 1036 109
1028 1043 421
1039 1041 113
1037 1051 36
262 1047 1037
1033 1048 428
110 1044 1043
109 1036 108
1039 1040 424
423 1045 1041
1044 1046 422
381 1050 1038
113 1041 112
1045 1046 451
1038 1050 86
111 1044 110
1030 1052 1042
1041 1045 112
1042 1052 1034
111 1046 1044
1048 1051 426
1033 1051 1048
473 18 32
115 473 32
32 1040 115
303 56 468
467 57 303
309 62 457
456 63 309
315 68 446
69 315 445
321 74 435
75 321 434
106 1047 425
108 430 109
430 439 109
110 450 111
110 441 450
112 461 113
452 461 112
463 115 114
115 1040 114
463 472 115
431 439 430
431 432 438
431 438 439
432 433 437
432 437 438
433 434 436
433 436 437
434 435 436
442 449 441
441 449 450
443 448 442
442 448 449
443 444 447
443 447 448
445 446 444
444 446 447
452 453 460
452 460 461
454 459 453
453 459 460
454 455 458
454 458 459
456 457 455
455 457 458
463 464 472
464 465 471
464 471 472
466 470 465
465 470 471
467 469 466
466 469 470
467 468 469
366 485 90
474 31 97
422 423 482
423 424 122
421 422 483
482 423 122
483 422 482
251 252 476
477 251 476
116 31 474
249 1056 248
121 1058 480
119 1055 1054
424 1057 122
1056 1060 478
32 1053 424
119 1054 479
1053 1061 1055
1053 1057 424
120 1055 119
32 1061 1053
479 1054 118
249 1060 1056
1054 1056 118
120 1059 1055
1054 1061 1056
1055 1059 1053
1055 1061 1054
248 1061 32
1056 1061 248
480 1059 120
481 1057 121
1053 1058 1057
1058 1059 480
1057 1058 121
1053 1059 1058
478 1060 117
366 89 123
117 1060 249
366 123 485
252 31 116
89 484 123
89 421 484
252 116 475
249 250 117
117 250 477
118 1056 478
122 1057 481
250 251 477
476 252 475
484 421 483
486 487 488
488 487 367
90 488 367
487 91 367
486 124 487
486 488 125
369 15 201
201 1062 369
490 1063 126
1062 1065 369
489 1064 14
14 1064 200
92 1065 490
126 1063 489
200 1062 201
369 1065 92
1062 1063 490
1063 1064 489
1062 1064 1063
490 1065 1062
200 1064 1062
492 491 488
492 488 485
488 90 485
485 123 492
491 125 488
492 127 491
496 1066 480
496 480 120
494 1067 128
1066 1069 480
493 1068 129
129 1068 495
121 1069 494
128 1067 493
495 1066 496
480 1069 121
1066 1067 494
1067 1068 493
1066 1068 1067
494 1069 1066
495 1068 1066
499 497 498
499 498 478
478 117 499
498 118 478
497 130 498
499 131 497
517 141 1130
137 511 1097
518 1111 1120
1092 1073 1109
1073 1092 1127
135 1115 1116
508 1093 1096
1079 1071 1080
508 1096 1115
135 134 1115
131 1101 1120
1087 1113 1122
1089 1096 1118
1070 138 1099
131 1079 1101
1110 1119 1129
1114 1090 1126
511 10 1091
13 510 1091
1106 1077 1107
1092 1102 1127
134 508 1115
1105 1077 1106
1119 1106 1129
514 1071 1079
138 512 1099
1094 1098 1123
1100 1080 1108
1096 1093 1118
1075 519 1100
1126 1090 1127
1123 1098 1135
507 1072 1093
1093 1072 1094
1097 1114 1126
519 518 1101
504 1077 1105
1075 1100 1108
1087 1089 1113
505 504 1105
508 507 1093
1115 1096 1116
520 1075 1112
1100 519 1101
501 1107 1131
1097 511 1114
520 519 1075
1112 1098 1117
511 1091 1114
1108 1123 1135
1103 505 1105
507 506 1072
1095 1103 1104
1073 509 1109
1072 506 1103
1076 1112 1117
1095 1072 1103
512 1074 1099
1076 521 1112
1091 510 1134
502 501 1131
136 509 1073
1107 501 1125
522 1076 1110
1112 1075 1135
522 521 1076
521 520 1112
1093 1094 1118
509 135 1109
506 505 1103
523 522 1110
504 503 1077
1078 523 1110
524 523 1078
1094 1095 1098
1082 1070 1083
1078 1110 1129
1104 1105 1106
1104 1103 1105
1096 1088 1116
1094 1072 1095
10 13 1091
1095 1104 1117
1092 1109 1128
1101 518 1120
130 1111 1130
1092 1085 1102
1125 1078 1129
1080 1071 1081
1104 1106 1119
1098 1095 1117
1081 1071 1113
1113 1089 1124
1077 503 1137
1098 1112 1135
500 132 1132
132 524 1132
1074 1102 1133
1089 1118 1124
1086 1085 1092
1106 1107 1129
512 137 1074
1079 1080 1100
1109 135 1116
510 1090 1134
1078 1125 1132
1079 1100 1101
1085 1083 1133
1110 1076 1119
1084 1085 1086
1107 1077 1131
1131 1077 1137
1083 1099 1133
1099 1074 1133
1117 1104 1119
1127 1090 1136
1084 1083 1085
1102 1074 1126
1113 1071 1121
501 500 1125
1080 1081 1108
1076 1117 1119
1074 137 1097
1082 1084 1122
1107 1125 1129
1118 1094 1123
524 1078 1132
133 502 1137
1083 1070 1099
130 497 1111
1086 1092 1128
1102 1085 1133
503 133 1137
1082 1083 1084
497 131 1120
139 1070 1082
136 1073 1136
1109 1116 1128
1075 1108 1135
1111 517 1130
1108 1081 1123
513 138 1070
1084 1086 1087
1089 1088 1096
1073 1127 1136
1114 1091 1134
1123 1081 1124
1121 1082 1122
1087 1088 1089
1081 1113 1124
1118 1123 1124
1074 1097 1126
1102 1126 1127
1087 1086 1088
1088 1086 1128
1125 500 1132
1090 1114 1134
1116 1088 1128
1084 1087 1122
139 1082 1121
1111 497 1120
139 513 1070
502 1131 1137
1113 1121 1122
515 130 1130
131 514 1079
510 136 1136
514 139 1071
1071 139 1121
140 515 1130
516 140 1130
141 516 1130
1090 510 1136
518 517 1111
526 509 525
526 525 374
94 526 374
374 525 95
526 135 509
136 525 509
376 11 197
197 1138 376
527 1139 137
1138 1141 376
511 1140 10
10 1140 196
96 1141 527
137 1139 511
196 1138 197
376 1141 96
1138 1139 527
1139 1140 511
1138 1140 1139
527 1141 1138
196 1140 1138
9 1144 532
528 1145 41
195 1144 9
41 1145 276
532 1144 143
142 1145 528
143 1144 529
531 1145 142
529 1142 530
530 1143 531
1142 1143 530
276 1143 7
7 1142 195
7 1143 1142
1142 1144 195
276 1145 1143
529 1144 1142
1143 1145 531
533 1151 144
537 1151 1146
204 1148 534
204 1149 1148
1148 1149 1147
1148 1150 145
536 1146 146
1146 1147 146
147 1146 536
1147 1150 1148
146 1149 535
534 1148 145
1146 1150 1147
145 1150 533
1147 1149 146
1146 1151 1150
1150 1151 533
18 473 535
473 115 535
535 204 18
19 204 534
144 1151 537
537 1146 147
535 1149 204
468 1152 469
469 1154 470
470 1155 471
471 1156 472
55 1153 302
302 1153 56
535 1157 146
115 1157 535
541 1152 542
540 1154 541
539 1155 540
538 1156 539
468 1153 542
538 1157 472
469 1152 541
542 1152 468
470 1154 540
541 1154 469
471 1155 539
540 1155 470
472 1156 538
539 1156 471
542 1153 55
56 1153 468
472 1157 115
146 1157 538
544 1158 543
543 1158 148
149 1158 544
546 1158 545
545 1158 149
148 1158 546
119 1161 120
496 1159 495
548 1159 547
548 1160 495
547 1159 496
495 1159 548
547 1161 119
120 1161 496
496 1161 547
495 1160 129
129 1160 549
516 1160 140
140 1160 548
141 1160 516
549 1160 141
482 122 550
492 123 484
550 1165 482
484 1162 492
150 1164 550
551 1164 150
492 1163 127
483 1162 484
1164 1165 550
1162 1163 492
1162 1164 1163
482 1165 483
483 1165 1162
127 1163 551
1163 1164 551
1162 1165 1164
427 1166 426
151 1167 552
554 1168 152
553 1168 1167
1167 1168 1166
1166 1169 426
427 1170 1166
553 1167 151
152 1168 553
552 1170 106
107 1169 554
426 1169 107
106 1170 427
1168 1169 1166
1166 1170 1167
554 1169 1168
1167 1170 552
344 1173 429
429 1175 558
153 1176 555
1171 1176 556
85 1174 1173
1172 1175 1173
557 1171 154
155 1171 557
1173 1175 429
155 1172 1171
1173 1174 1172
85 1173 344
558 1175 155
555 1174 85
1172 1174 1171
155 1175 1172
1174 1176 1171
555 1176 1174
558 108 429
429 86 344
556 1176 153
154 1171 556
37 1181 425
157 1177 156
338 1181 37
552 1179 151
552 1181 1179
106 1180 552
1178 1181 338
559 1177 157
1177 1178 156
1180 1181 552
151 1179 559
425 1180 106
425 1181 1180
1177 1179 1178
559 1179 1177
338 84 156
156 1178 338
1179 1181 1178
428 1186 81
159 1182 158
81 1186 327
152 1184 554
554 1185 107
327 1186 1183
158 1182 560
159 1183 1182
560 1184 152
1184 1187 554
107 1185 428
1185 1186 428
1183 1184 1182
1186 1187 1183
1182 1184 560
1183 1187 1184
1185 1187 1186
554 1187 1185
82 327 159
327 1183 159
565 82 159
332 82 565
83 328 160
160 328 561
328 329 561
329 330 562
561 329 562
330 331 563
562 330 563
331 332 564
563 331 564
564 332 565
570 83 160
337 83 570
156 84 333
156 333 566
333 334 566
334 335 567
566 334 567
335 336 568
567 335 568
336 337 569
568 336 569
569 337 570
573 1192 341
341 1193 573
342 1190 574
575 1190 343
572 1188 340
339 1188 571
571 1189 339
343 1191 575
340 1192 572
574 1193 342
575 1191 78
339 1189 85
153 1189 571
340 1188 339
341 1192 340
342 1193 341
343 1190 342
571 1188 572
572 1192 573
573 1193 574
574 1190 575
78 1191 325
325 1191 79
79 1191 343
85 1189 555
555 1189 153
580 556 571
576 575 324
77 576 324
324 575 78
556 153 571
580 154 556
580 571 572
579 572 573
579 580 572
578 573 574
578 579 573
577 574 575
577 578 574
576 577 575
578 1199 583
577 1196 584
585 1196 576
584 1199 577
583 1198 578
582 1194 579
580 1194 581
579 1198 582
581 1195 580
576 1197 585
585 1197 76
580 1195 154
576 1196 577
577 1199 578
578 1198 579
579 1194 580
581 1194 582
582 1198 583
583 1199 584
584 1196 585
76 1197 323
323 1197 77
77 1197 576
154 1195 557
557 1195 155
155 1195 581
582 1200 581
585 1204 584
584 1203 583
431 1202 432
583 1202 582
75 1205 322
322 1205 76
430 1200 431
433 1204 434
432 1203 433
155 1201 558
558 1201 108
585 1205 434
430 1201 581
432 1202 583
581 1200 430
584 1204 433
431 1200 582
433 1203 584
434 1204 585
583 1203 432
582 1202 431
434 1205 75
76 1205 585
108 1201 430
581 1201 155
435 1206 436
436 1208 437
438 1210 439
587 1209 588
437 1209 438
73 1207 320
320 1207 74
591 1211 161
109 1211 591
589 1206 590
588 1208 589
586 1210 587
435 1207 590
586 1211 439
438 1209 587
436 1206 589
590 1206 435
437 1208 588
589 1208 436
439 1210 586
587 1210 438
588 1209 437
590 1207 73
74 1207 435
439 1211 109
161 1211 586
588 1217 594
589 1214 595
596 1214 590
595 1217 589
594 1216 588
593 1212 587
586 1212 592
587 1216 593
592 1213 586
590 1215 596
596 1215 72
586 1213 161
587 1212 586
588 1216 587
589 1217 588
590 1214 589
592 1212 593
593 1216 594
594 1217 595
595 1214 596
72 1215 319
319 1215 73
73 1215 590
161 1213 597
162 1213 592
597 1213 162
602 603 592
598 596 318
71 598 318
318 596 72
603 162 592
602 163 603
601 592 593
601 602 592
600 593 594
600 601 593
599 594 595
599 600 594
598 595 596
598 599 595
600 1223 606
599 1220 607
608 1220 598
607 1223 599
605 1218 601
606 1222 600
602 1218 604
601 1222 605
604 1219 602
598 1221 608
608 1221 70
602 1219 163
164 1219 604
598 1220 599
599 1223 600
600 1222 601
601 1218 602
604 1218 605
605 1222 606
606 1223 607
607 1220 608
70 1221 317
317 1221 71
71 1221 598
163 1219 609
609 1219 164
441 1224 442
444 1227 445
606 1226 605
607 1229 606
69 1228 316
316 1228 70
610 1225 110
164 1225 610
442 1226 443
443 1229 444
605 1224 604
608 1227 607
608 1228 445
441 1225 604
443 1226 606
606 1229 443
605 1226 442
444 1229 607
604 1224 441
607 1227 444
442 1224 605
445 1227 608
445 1228 69
70 1228 608
110 1225 441
604 1225 164
613 1234 619
619 1235 613
620 1232 614
615 1232 621
614 1235 620
612 1230 618
617 1230 611
611 1231 617
621 1233 615
618 1234 612
615 1233 66
617 1231 166
611 1230 612
612 1234 613
613 1235 614
614 1232 615
618 1230 617
619 1234 618
620 1235 619
621 1232 620
66 1233 313
313 1233 67
67 1233 621
165 1231 611
616 1231 165
166 1231 616
626 627 611
622 615 312
65 622 312
312 615 66
627 165 611
626 167 627
626 611 612
625 612 613
625 626 612
624 613 614
624 625 613
623 614 615
623 624 614
622 623 615
624 1241 630
623 1238 631
632 1238 622
631 1241 623
630 1240 624
629 1236 625
626 1236 628
625 1240 629
628 1237 626
622 1239 632
632 1239 64
65 1239 622
626 1237 167
168 1237 628
622 1238 623
623 1241 624
624 1240 625
625 1236 626
628 1236 629
629 1240 630
630 1241 631
631 1238 632
64 1239 311
311 1239 65
167 1237 633
633 1237 168
460 1242 461
459 1244 460
457 1246 458
61 1247 308
308 1247 62
636 1245 637
458 1245 459
639 1243 169
113 1243 639
634 1242 635
635 1244 636
637 1246 638
457 1247 638
634 1243 461
637 1245 458
635 1242 460
461 1242 634
636 1244 459
460 1244 635
638 1246 457
458 1246 637
459 1245 636
638 1247 61
62 1247 457
461 1243 113
169 1243 634
640 1253 170
639 1252 462
462 1250 641
643 1253 1248
642 1248 169
1250 1251 171
1248 1249 169
1250 1252 1249
172 1248 642
462 1252 1250
1249 1251 1250
641 1250 171
169 1252 639
1248 1251 1249
171 1251 640
1249 1252 169
1248 1253 1251
1251 1253 640
113 639 462
641 114 462
170 1253 643
643 1248 172
449 1254 450
448 1256 449
67 1259 314
619 1257 620
447 1257 448
314 1259 68
620 1258 621
446 1258 447
644 1255 166
111 1255 644
617 1254 618
618 1256 619
446 1259 621
617 1255 450
620 1257 447
621 1258 446
618 1254 449
450 1254 617
619 1256 448
449 1256 618
448 1257 619
447 1258 620
621 1259 67
68 1259 446
450 1255 111
166 1255 617
633 1265 167
644 1264 451
451 1262 645
627 1265 1260
616 1260 166
1262 1263 168
1260 1261 166
1262 1264 1261
165 1260 616
451 1264 1262
1261 1263 1262
645 1262 168
166 1264 644
1260 1263 1261
168 1263 633
1261 1264 166
1260 1265 1263
1263 1265 633
644 451 111
112 451 645
627 1260 165
167 1265 627
174 1272 652
285 1271 43
653 1272 174
43 1271 658
652 1272 173
42 1271 285
651 1271 42
173 1272 646
1266 1269 654
648 1268 649
1267 1268 656
655 1268 1266
1266 1268 648
647 1266 648
649 1267 650
655 1266 654
657 1267 656
657 1270 1267
649 1268 1267
1267 1270 650
647 1269 1266
646 1269 647
650 1270 651
654 1269 653
658 1270 657
656 1268 655
658 1271 1270
1269 1272 653
1270 1271 651
646 1272 1269
647 1323 646
1303 1331 1322
1273 1305 1304
1322 1331 1281
1323 1336 646
1304 1306 1273
1273 1327 1305
1284 1328 1305
1324 1328 1284
1322 1326 1303
1305 1327 1284
1312 1321 1279
1304 1313 1306
1286 1320 1313
1308 1312 1279
1274 1325 1307
1279 1316 1308
1313 1320 1306
1312 1337 1321
1282 1285 671
1281 1309 284
1292 1313 1304
1276 1318 1316
1316 1318 1308
1304 1305 1300
1292 1304 1300
1296 1301 1297
668 1311 1276
1301 1307 1297
279 1314 1280
672 1282 671
7 1281 284
1311 1319 1276
1296 1297 1295
1285 1286 1278
670 1285 1278
283 1309 1277
1294 1296 1295
669 1311 668
279 1280 278
666 1279 665
1292 1300 1298
647 1332 1323
1276 1316 667
671 1285 670
284 1309 283
1288 1292 1290
1288 1313 1292
1296 1310 1302
283 1277 282
670 1278 669
1294 1310 1296
666 1316 1279
281 1315 1275
1286 1313 1288
1277 1315 282
280 1314 279
1275 1314 280
1276 1319 1318
1302 1303 1301
1296 1302 1301
1285 1320 1286
1278 1311 669
1294 1295 1293
1292 1298 1290
1291 1294 1293
282 1315 281
1307 1341 1274
1307 1312 1297
1286 1287 1278
1299 1310 1294
667 1316 666
281 1275 280
668 1276 667
1286 1288 1287
1290 1317 1291
1291 1293 1289
1291 1299 1294
1297 1308 1295
1290 1291 1289
1291 1317 1299
1288 1290 1289
1288 1289 1287
1298 1317 1290
1297 1312 1308
1289 1319 1287
1318 1319 1293
1295 1318 1293
1293 1319 1289
1287 1311 1278
1287 1319 1311
665 1321 176
1282 1320 1285
1308 1318 1295
659 1283 660
651 1284 650
661 1274 662
649 1273 648
278 1324 277
1321 1337 1283
646 1336 173
173 1336 672
1279 1321 665
1320 1323 1306
663 1322 664
1282 1323 1320
1283 1325 660
661 1325 1274
176 1338 175
8 1339 7
1280 1324 278
660 1325 661
1274 1326 662
663 1326 1322
1301 1341 1307
1282 1336 1323
662 1326 663
1284 1327 650
649 1327 1273
1306 1332 1273
648 1332 647
277 1340 42
175 1338 659
42 1340 651
664 1339 8
1281 1331 1309
1299 1335 1334
1334 1335 1315
650 1327 649
1309 1330 1277
1305 1328 1300
1321 1338 176
1314 1329 1280
1283 1338 1321
1299 1334 1310
1328 1329 1300
1275 1333 1314
1315 1335 1275
1309 1331 1330
1280 1329 1328
1275 1335 1333
1300 1329 1298
1324 1340 277
1310 1330 1302
1273 1332 648
7 1339 1281
1314 1333 1329
1302 1331 1303
1298 1333 1317
1333 1335 1317
1277 1334 1315
1330 1331 1302
1329 1333 1298
1317 1335 1299
1280 1328 1324
1274 1341 1326
1323 1332 1306
1284 1340 1324
1310 1334 1330
672 1336 1282
1330 1334 1277
1281 1339 1322
1307 1337 1312
1326 1341 1303
1303 1341 1301
659 1338 1283
1283 1337 1325
651 1340 1284
1322 1339 664
1325 1337 1307
673 1348 88
38 1347 267
88 1348 365
360 1347 38
177 1348 673
267 1347 39
39 1347 679
674 1348 177
363 1342 362
1342 1343 362
677 1343 1342
363 1344 1342
362 1343 361
364 1344 363
678 1345 1343
676 1344 675
678 1343 677
1344 1346 675
364 1346 1344
361 1345 360
365 1346 364
675 1346 674
679 1345 678
677 1342 676
1342 1344 676
1343 1345 361
1345 1347 360
365 1348 1346
679 1347 1345
1346 1348 674
177 1400 674
680 1400 177
1358 1408 1387
1394 1408 1358
1376 1401 1359
1379 1397 688
1359 1401 1395
688 1399 1379
1356 1379 1378
675 1400 1384
1378 1380 1356
1387 1393 1358
674 1400 675
1378 1388 1380
1380 1388 1352
1381 1383 1361
1352 1392 1382
1352 1382 684
1356 1380 686
1388 1392 1352
684 1382 683
686 1380 685
1353 1361 1360
1375 1385 1381
1353 1360 682
685 1380 1352
1383 1384 1357
1363 1381 1361
688 1397 687
1361 1383 1360
1383 1385 1384
1381 1385 1383
1374 1376 1375
1374 1375 1367
1370 1377 1373
1360 1383 1357
681 1360 1357
1370 1373 1369
269 1390 1354
681 1357 680
6 1356 686
1373 1387 1386
683 1382 1353
1359 1396 1376
1367 1381 1363
273 1355 272
269 1354 268
1368 1370 1369
683 1353 682
271 1389 1351
1378 1379 1377
1371 1374 1367
1350 1402 1377
1355 1389 272
1375 1381 1367
682 1360 681
685 1352 684
1353 1362 1361
1365 1367 1363
270 1390 269
1351 1390 270
1373 1386 1369
1384 1398 675
1368 1388 1370
1368 1369 1366
1362 1363 1361
272 1389 271
1364 1368 1366
1365 1371 1367
271 1351 270
1362 1392 1364
1370 1388 1378
1370 1378 1377
1366 1391 1365
1364 1366 1365
1362 1364 1363
1369 1372 1366
1353 1382 1362
1369 1386 1372
1364 1392 1368
1382 1392 1362
1364 1365 1363
1372 1391 1366
1365 1391 1371
268 1394 40
1368 1392 1388
274 1395 273
1377 1399 1350
1385 1411 1349
1356 1410 1397
692 1358 691
678 1359 679
691 1393 690
690 1350 689
676 1349 677
6 1410 1356
1375 1411 1385
1354 1394 268
1377 1402 1373
1358 1393 691
690 1393 1350
1357 1400 680
273 1395 1355
1379 1399 1377
1407 1409 1372
40 1404 105
678 1396 1359
1390 1409 1407
1349 1396 677
675 1398 676
689 1399 688
39 1406 274
1356 1397 1379
105 1404 692
679 1406 39
677 1396 678
178 1410 6
1349 1398 1385
1394 1404 40
1358 1404 1394
274 1406 1395
1385 1398 1384
1395 1406 1359
1386 1408 1407
1387 1408 1386
1384 1400 1357
1389 1405 1351
1373 1402 1387
1355 1403 1389
1386 1407 1372
1374 1401 1376
1351 1409 1390
676 1398 1349
1401 1403 1355
1374 1403 1401
1405 1409 1351
1350 1399 689
1403 1405 1389
1407 1408 1354
1390 1407 1354
1376 1411 1375
1395 1401 1355
1371 1403 1374
1349 1411 1396
1391 1409 1405
1391 1405 1371
1393 1402 1350
1371 1405 1403
1387 1402 1393
1372 1409 1391
692 1404 1358
1359 1406 679
687 1410 178
1354 1408 1394
1396 1411 1376
1397 1410 687
697 537 698
693 702 300
53 693 300
300 702 54
697 144 537
537 147 698
693 694 702
694 695 701
694 701 702
695 696 700
695 700 701
696 697 699
696 699 700
697 698 699
540 1417 700
541 1414 701
702 1414 542
700 1416 540
699 1412 539
538 1412 698
539 1416 699
698 1413 538
542 1415 702
701 1417 541
702 1415 54
55 1415 542
538 1413 146
539 1412 538
540 1416 539
541 1417 540
542 1414 541
698 1412 699
699 1416 700
700 1417 701
701 1414 702
54 1415 301
301 1415 55
146 1413 536
536 1413 147
147 1413 698
695 1423 705
694 1420 706
707 1420 693
706 1423 694
705 1422 695
704 1418 696
697 1418 703
696 1422 704
703 1419 697
693 1421 707
707 1421 52
697 1419 144
145 1419 703
693 1420 694
694 1423 695
695 1422 696
696 1418 697
703 1418 704
704 1422 705
705 1423 706
706 1420 707
52 1421 299
299 1421 53
53 1421 693
144 1419 533
533 1419 145
205 1424 206
206 1426 207
20 1429 298
298 1429 52
145 1425 534
534 1425 19
706 1427 705
207 1427 208
707 1428 706
208 1428 209
704 1424 703
705 1426 704
707 1429 209
205 1425 703
208 1427 706
209 1428 707
206 1424 704
703 1424 205
207 1426 705
704 1426 206
705 1427 207
706 1428 208
19 1425 205
209 1429 20
52 1429 707
703 1425 145
463 1430 464
464 1432 465
57 1435 304
304 1435 58
711 1433 710
465 1433 466
712 1434 711
466 1434 467
171 1431 641
641 1431 114
709 1430 708
710 1432 709
712 1435 467
463 1431 708
466 1433 711
467 1434 712
464 1430 709
708 1430 463
465 1432 710
709 1432 464
710 1433 465
711 1434 466
467 1435 57
58 1435 712
114 1431 463
708 1431 171
715 1441 710
714 1438 711
712 1438 713
711 1441 714
710 1440 715
709 1436 716
717 1436 708
716 1440 709
708 1437 717
713 1439 712
712 1439 58
717 1437 170
708 1436 709
709 1440 710
710 1441 711
711 1438 712
713 1438 714
714 1441 715
715 1440 716
716 1436 717
58 1439 305
305 1439 59
59 1439 713
170 1437 640
640 1437 171
171 1437 708
717 643 718
713 722 306
59 713 306
306 722 60
717 170 643
643 172 718
713 714 721
713 721 722
714 715 720
714 720 721
715 716 719
715 719 720
716 717 718
716 718 719
636 1447 720
637 1444 721
722 1444 638
721 1447 637
719 1442 635
720 1446 636
634 1442 718
635 1446 719
718 1443 634
638 1445 722
722 1445 60
61 1445 638
634 1443 169
172 1443 718
635 1442 634
636 1446 635
637 1447 636
638 1444 637
718 1442 719
719 1446 720
720 1447 721
721 1444 722
60 1445 307
307 1445 61
169 1443 642
642 1443 172
452 1448 453
453 1450 454
63 1453 310
310 1453 64
631 1451 630
454 1451 455
632 1452 631
455 1452 456
168 1449 645
645 1449 112
629 1448 628
630 1450 629
632 1453 456
452 1449 628
455 1451 631
456 1452 632
453 1448 629
628 1448 452
454 1450 630
629 1450 453
630 1451 454
631 1452 455
456 1453 63
64 1453 632
112 1449 452
628 1449 168
1462 1472 1455
1454 1473 1463
1455 1472 1464
1465 1473 1454
1457 1459 655
656 1459 1458
656 1458 657
654 1457 655
655 1459 656
1456 1460 257
259 1461 258
258 1461 1456
257 1460 256
258 1456 257
287 1455 286
724 1454 723
657 1462 658
653 1463 654
260 1464 259
256 1465 255
1458 1462 657
654 1463 1457
259 1464 1461
1460 1465 256
174 1467 653
255 1469 34
658 1466 43
35 1468 260
723 1467 174
34 1469 724
43 1466 287
286 1468 35
1462 1466 658
653 1467 1463
260 1468 1464
1465 1469 255
1457 1471 1459
1459 1470 1458
1459 1471 1470
1456 1471 1460
1461 1470 1456
1470 1471 1456
1457 1473 1471
1471 1473 1460
1470 1472 1458
1461 1472 1470
1455 1466 1462
1463 1467 1454
1464 1468 1455
1454 1469 1465
287 1466 1455
1454 1467 723
1455 1468 286
724 1469 1454
1458 1472 1462
1463 1473 1457
1464 1472 1461
1460 1473 1465
4 1476 188
192 1477 5
725 1476 4
5 1477 726
188 1476 0
2 1477 192
0 1476 181
183 1477 2
181 1474 182
182 1475 183
1474 1475 182
726 1475 176
176 1474 725
176 1475 1474
1474 1476 725
726 1477 1475
181 1476 1474
1475 1477 183
191 0 1
191 1 186
189 3 2
187 3 189
190 186 187
191 186 190
190 187 189
672 1478 173
359 1479 88
671 1501 1481
671 1481 672
685 1491 686
359 1480 1479
1488 1498 34
672 1481 1478
1482 1502 379
665 1487 666
1490 1500 177
1489 1497 1496
378 1482 379
1481 1490 1478
1490 1497 1489
379 1502 356
1481 1500 1490
1482 1498 1488
685 1494 1491
1487 1494 666
378 1498 1482
724 1488 34
4 1487 725
194 1491 4
177 1497 1490
1496 1497 1479
1499 1503 1483
1489 1496 174
356 87 379
666 1494 1484
1492 1508 1507
1484 1508 1492
1480 1503 1499
1478 1490 1489
1478 1489 652
88 1479 673
652 1489 174
173 1478 652
177 1500 680
1480 1496 1479
666 1484 667
667 1492 668
668 1485 669
670 1486 671
669 1493 670
723 1483 724
1485 1507 1506
670 1493 1486
1484 1492 667
668 1492 1485
1485 1493 669
1492 1507 1485
685 1508 1494
1486 1501 671
1496 1499 174
1493 1506 1505
1485 1506 1493
725 1487 665
1483 1488 724
359 1503 1480
1486 1505 1504
357 1495 358
673 1497 177
358 1503 359
1488 1502 1482
1493 1505 1486
723 1499 1483
174 1499 723
686 1491 194
1495 1503 358
1501 1504 1500
1483 1495 1488
1495 1502 1488
1500 1504 680
356 1502 357
1479 1497 673
34 1498 254
1483 1503 1495
254 1498 378
680 1504 681
1494 1508 1484
1505 1506 682
1506 1507 683
1507 1508 684
1504 1505 681
681 1505 682
682 1506 683
683 1507 684
684 1508 685
1480 1499 1496
4 1494 1487
1491 1494 4
357 1502 1495
1481 1501 1500
1486 1504 1501
176 725 665
6 686 194
378 33 254
175 5 726
176 175 726
5 178 193
178 6 193
178 1519 687
692 1520 105
5 1519 178
105 1520 9
1512 1515 1509
1513 1514 1509
1509 1514 1512
1513 1516 1511
1510 1515 1512
1511 1518 1513
1512 1517 1510
1509 1516 1513
688 1512 689
690 1513 691
660 1510 659
664 1511 663
662 1509 661
1509 1515 661
1512 1514 689
690 1514 1513
1511 1516 663
660 1515 1510
688 1517 1512
1513 1518 691
662 1516 1509
1510 1521 659
664 1522 1511
175 1521 5
9 1522 8
689 1514 690
661 1515 660
663 1516 662
687 1517 688
691 1518 692
1518 1520 692
687 1519 1517
1519 1521 1510
1511 1522 1520
8 1522 664
659 1521 175
1511 1520 1518
1517 1519 1510
5 1521 1519
1520 1522 9
609 1528 163
591 1527 440
440 1525 610
603 1528 1523
597 1523 161
1525 1526 164
1523 1524 161
1525 1527 1524
162 1523 597
440 1527 1525
1524 1526 1525
610 1525 164
161 1527 591
1523 1526 1524
164 1526 609
1524 1527 161
1523 1528 1526
1526 1528 609
591 440 109
110 440 610
603 1523 162
163 1528 603
731 391 393
727 397 290
45 727 290
290 397 46
391 100 393
731 101 391
730 393 394
730 731 393
729 394 395
729 730 394
728 395 396
728 729 395
727 396 397
727 728 396
532 1531 9
41 1532 528
9 1531 420
275 1532 41
143 1531 532
528 1532 142
734 1531 143
142 1532 732
733 1529 734
732 1530 733
733 1530 1529
40 1530 275
420 1529 40
1529 1530 40
420 1531 1529
1530 1532 275
1529 1531 734
732 1532 1530
729 1538 386
728 1535 387
388 1535 727
387 1538 728
386 1537 729
385 1533 730
731 1533 384
730 1537 385
384 1534 731
727 1536 388
388 1536 44
98 1534 384
731 1534 101
384 1533 385
385 1537 386
386 1538 387
387 1535 388
727 1535 728
728 1538 729
729 1537 730
730 1533 731
44 1536 289
289 1536 45
45 1536 727
392 1534 98
101 1534 392
47 1544 292
292 1544 25
226 1539 227
225 1541 226
389 1540 99
26 1540 389
400 1542 401
224 1542 225
401 1543 402
223 1543 224
398 1539 399
399 1541 400
223 1544 402
398 1540 227
401 1542 224
402 1543 223
399 1539 226
227 1539 398
400 1541 225
226 1541 399
225 1542 400
224 1543 401
25 1544 223
227 1540 26
402 1544 47
99 1540 398
24 1550 293
293 1550 48
217 1545 218
218 1547 219
102 1546 735
735 1546 23
406 1548 405
219 1548 220
407 1549 406
220 1549 221
404 1545 403
405 1547 404
407 1550 221
217 1546 403
220 1548 406
221 1549 407
218 1545 404
403 1545 217
219 1547 405
404 1547 218
405 1548 219
406 1549 220
23 1546 217
221 1550 24
48 1550 407
403 1546 102
413 736 737
409 741 295
49 409 295
295 741 50
413 103 736
736 179 737
409 410 741
410 411 740
410 740 741
411 412 739
411 739 740
412 413 738
412 738 739
413 737 738
416 1556 739
417 1553 740
741 1553 418
739 1555 416
738 1551 415
414 1551 737
415 1555 738
737 1552 414
418 1554 741
740 1556 417
741 1554 50
414 1552 104
415 1551 414
416 1555 415
417 1556 416
418 1553 417
737 1551 738
738 1555 739
739 1556 740
740 1553 741
50 1554 296
296 1554 51
51 1554 418
104 1552 742
179 1552 737
742 1552 179
408 1562 103
419 1561 216
216 1559 735
736 1562 1557
742 1557 104
1559 1560 102
1557 1558 104
1559 1561 1558
179 1557 742
216 1561 1559
1558 1560 1559
735 1559 102
104 1561 419
1557 1560 1558
102 1560 408
1558 1561 104
1557 1562 1560
1560 1562 408
735 23 216
216 22 419
103 1562 736
736 1557 179
149 142 732
148 734 143
546 734 148
732 545 149
546 545 733
733 545 732
733 734 546
531 142 149
529 148 143
543 148 529
531 149 544
530 543 529
544 530 531
544 543 530
553 151 1564
151 559 1564
743 158 1565
158 560 1565
157 743 1566
152 553 1563
559 157 1566
560 152 1563
1563 1564 1565
1563 553 1564
560 1563 1565
1565 1564 1566
743 1565 1566
1564 559 1566
569 570 501
501 570 500
746 564 745
746 132 562
502 568 501
746 563 564
746 562 563
567 568 502
568 569 501
156 1568 157
562 132 561
564 565 745
500 570 160
500 1569 132
567 1567 566
561 1569 160
502 1567 567
157 1568 133
160 1569 500
132 1569 561
133 1568 1567
1567 1568 566
133 1567 502
566 1568 156
133 743 157
133 744 743
565 159 158
745 565 158
743 744 158
158 744 745
16 368 202
368 1570 202
124 1571 487
368 1573 1570
17 1572 747
203 1572 17
487 1573 91
747 1571 124
202 1570 203
91 1573 368
487 1571 1570
747 1572 1571
1570 1573 487
1570 1572 203
1571 1572 1570
490 748 749
490 749 370
92 490 370
749 93 370
490 126 748
748 180 749
371 93 749
94 1577 526
749 1574 371
1574 1576 1575
1575 1577 1574
180 1576 749
526 1575 135
1575 1576 134
371 1574 372
372 1577 373
1574 1577 372
135 1575 134
749 1576 1574
134 1576 180
526 1577 1575
373 1577 94
375 1578 198
375 198 12
136 1579 525
375 1581 1578
13 1580 510
199 1580 13
525 1581 95
510 1579 136
198 1578 199
95 1581 375
525 1579 1578
510 1580 1579
1578 1581 525
1578 1580 199
1579 1580 1578
747 124 1642
517 518 1618
128 493 1634
126 489 1595
1618 518 1627
1613 1582 1646
508 134 1623
486 125 1582
1596 1600 1628
1583 1591 1592
1605 150 1627
1596 1598 1600
1609 1610 1630
1626 1609 1630
1591 150 1605
489 14 1594
17 747 1594
1600 1601 1603
1595 489 1622
1589 747 1642
1583 551 1591
1600 1598 1601
519 1586 1604
1603 1601 1614
1586 520 1606
1592 1604 1631
134 180 1623
180 1614 1633
518 519 1605
1610 1588 1630
1604 1586 1631
1596 1628 1640
1586 1606 1611
1583 1596 1640
1600 1603 1613
1588 1610 1637
1586 1611 1631
1614 1601 1633
746 745 1620
519 1604 1605
1582 1613 1635
519 520 1586
1606 1607 1611
1611 1607 1621
1611 1599 1631
748 1585 1614
489 1594 1622
1628 127 1640
521 1587 1606
1583 1593 1596
1607 1609 1621
748 126 1585
506 507 1584
520 521 1606
1597 1599 1625
746 1620 1638
1602 1597 1625
1628 1613 1646
1596 1597 1598
1606 1587 1607
1621 1584 1625
1624 507 1639
486 1582 1616
1608 1617 1619
1615 1623 1633
506 1584 1626
523 1590 1617
1610 1608 1619
522 523 1617
1594 747 1641
1617 1590 1619
521 522 1587
1623 180 1633
1582 125 1646
180 748 1614
503 504 1588
1587 522 1617
1607 1608 1609
523 524 1590
1619 1590 1620
1607 1587 1608
1609 1608 1610
1608 1587 1617
125 491 1646
507 508 1639
14 17 1594
1612 1589 1645
1588 504 1630
747 1589 1641
518 1605 1627
1623 1615 1639
1585 126 1595
1583 1592 1593
1621 1609 1648
1584 1624 1625
1596 1593 1597
1618 128 1634
1599 1611 1644
744 133 1636
1585 1595 1612
1584 507 1624
133 503 1636
132 746 1638
1611 1621 1644
524 132 1638
1620 745 1629
505 506 1626
505 1626 1630
1620 1590 1638
1614 1585 1643
1610 1619 1637
1624 1602 1625
1592 1591 1604
745 744 1629
504 505 1630
1626 1584 1648
1604 1591 1605
1589 1612 1647
1619 1620 1637
1603 1614 1643
1616 1582 1635
1613 1603 1632
1585 1612 1643
1600 1613 1628
1629 1588 1637
1598 1597 1602
1595 1622 1647
124 486 1616
1601 1598 1615
1620 1629 1637
1597 1593 1599
1621 1625 1644
1588 1629 1636
503 1588 1636
1589 1642 1645
1590 524 1638
750 128 1618
1613 1632 1635
150 750 1627
1602 1624 1639
1598 1602 1615
1622 1589 1647
1622 1594 1641
517 1618 1634
1593 1592 1631
1635 1632 1645
1584 1621 1648
1625 1599 1644
1629 744 1636
1615 1602 1639
127 1628 1646
491 127 1646
1599 1593 1631
1589 1622 1641
508 1623 1639
1609 1626 1648
1642 1616 1645
1601 1615 1633
1612 1632 1643
1616 1635 1645
1612 1595 1647
124 1616 1642
750 1618 1627
1632 1603 1643
1632 1612 1645
127 551 1583
127 1583 1640
493 129 1634
129 549 1634
141 517 1634
549 141 1634
551 150 1591
494 750 550
494 550 481
481 121 494
550 122 481
494 128 750
750 150 550
479 1649 547
547 119 479
130 1650 498
479 1652 1649
140 1651 515
548 1651 140
498 1652 118
515 1650 130
547 1649 548
118 1652 479
498 1650 1649
515 1651 1650
1649 1652 498
1649 1651 548
1650 1651 1649
475 116 751
751 1653 475
117 1656 499
1653 1655 1654
1654 1656 1653
139 1655 751
499 1654 131
1654 1655 514
476 1656 477
1653 1656 476
475 1653 476
751 1655 1653
514 1655 139
131 1654 514
499 1656 1654
477 1656 117
752 513 751
752 751 474
474 97 752
116 474 751
752 138 513
513 139 751
527 512 752
527 752 377
96 527 377
752 97 377
527 137 512
512 138 752
