-0.279394 0.000000 0.960177
-0.901870 0.000000 0.432009
-0.279394 0.000000 -0.960176
-0.901870 0.000000 -0.432009
-0.744613 0.000000 0.667497
-0.290583 0.000000 -0.956850
-0.330250 -0.943894 -0.000023
0.330250 0.943894 0.000023
0.577350 0.577350 -0.577350
0.290583 -0.000000 -0.956850
-0.822747 -0.389441 0.414034
-0.831046 0.532381 -0.161037
-0.704643 0.551962 -0.445888
-0.822919 -0.553289 0.129137
-0.823403 0.552392 0.129889
-0.704564 -0.546682 -0.452469
-0.831043 -0.532283 -0.161377
-0.823611 0.388400 0.413291
0.555796 -0.004976 0.831304
0.158990 0.038643 0.986524
0.606656 -0.305129 0.734074
0.606678 0.715137 0.347161
0.186186 0.668862 0.719694
0.158978 0.490807 0.856641
0.606657 0.071002 0.791786
0.606668 0.794564 -0.024926
0.185957 0.928127 0.322491
0.189145 0.813227 0.550350
0.671995 0.540862 0.505857
0.613266 0.383321 -0.690630
0.000000 0.371120 -0.928585
0.000000 0.999998 -0.002088
0.000000 -0.063153 0.998004
-0.202378 0.309468 -0.929125
-0.608243 0.788462 -0.091484
0.614962 0.778895 -0.123067
0.155035 -0.773210 -0.614907
0.829818 0.299914 -0.470589
0.469733 -0.829569 -0.301938
0.728739 -0.643493 -0.234212
0.330250 -0.943894 0.000023
0.744613 -0.000000 0.667497
0.469733 0.829569 0.301938
0.728739 0.643493 0.234212
0.458104 -0.165305 0.873393
0.758352 0.442434 0.478701
0.758353 0.645292 0.092189
0.611603 0.556179 -0.562679
0.611602 -0.491539 0.619945
0.758352 0.169293 0.629478
0.758352 0.528539 0.381509
0.611601 0.753960 -0.239766
0.611601 -0.723343 0.320498
0.758352 -0.142632 0.636049
0.758352 0.290702 0.583434
0.611599 0.779028 0.138066
0.606688 0.471925 0.639700
0.606659 -0.611355 0.508143
0.611599 -0.789432 -0.052381
0.758352 -0.421881 0.496909
0.758352 -0.013731 0.651701
0.611596 0.625646 0.484270
0.606696 0.120647 0.785725
0.606667 -0.777482 0.165764
0.611596 -0.674658 -0.413263
0.758352 -0.604483 0.243934
0.758352 -0.315019 0.570671
0.611594 0.328945 0.719547
0.606701 -0.258252 0.751811
0.606679 -0.765430 -0.214609
0.611594 -0.405316 -0.679464
0.758352 -0.648604 -0.064925
0.758352 -0.544142 0.358904
0.611591 -0.043109 0.789999
0.606702 -0.578003 0.545734
0.606689 -0.578000 -0.545751
0.611592 -0.043112 -0.789998
0.758352 -0.544139 -0.358908
0.758352 -0.648604 0.064923
0.611591 -0.405301 0.679476
0.512864 -0.857708 0.036174
0.415108 -0.895441 -0.160846
0.783037 -0.621496 0.024404
0.924898 0.236074 0.298050
0.800062 0.384961 -0.460116
0.611644 -0.405823 0.679116
0.161287 -0.968499 -0.189724
-0.119555 -0.738354 -0.663732
-0.469733 -0.829569 -0.301938
0.000000 -0.999778 0.021055
-0.170326 -0.839482 0.516002
-0.276771 -0.772997 0.570853
-0.273694 0.119565 -0.954356
-0.302249 -0.241083 -0.922239
-0.487864 0.211477 -0.846916
-0.275517 -0.109263 -0.955066
-0.275933 0.772958 0.571312
-0.170457 0.839992 0.515129
0.717752 -0.129170 0.684213
0.611655 0.556595 -0.562210
0.612568 0.782383 0.112416
0.612706 0.536674 0.580148
0.611634 -0.491238 0.620152
0.612706 0.205594 0.763101
0.717768 0.663705 -0.210486
0.577350 -0.577350 -0.577350
0.598296 0.428725 -0.676931
0.596129 -0.795819 0.106312
0.186211 -0.910083 -0.370237
0.158957 -0.935519 0.315495
0.158961 -0.974968 0.155466
0.186200 -0.633794 0.750756
0.158825 -0.793081 0.588045
0.186387 -0.215165 0.958626
0.223614 -0.541621 0.810336
0.160344 0.167741 0.972704
-0.377569 0.854095 0.357721
-0.487984 0.626860 0.607386
-0.277148 0.879474 0.386930
-0.703300 0.141044 0.696760
-0.703052 -0.136195 0.697975
-0.272931 -0.886404 0.373894
-0.304793 -0.656021 0.690462
-0.381806 -0.871021 0.309105
-0.148563 0.632014 0.760583
-0.092970 0.808495 0.581113
-0.146835 0.976874 0.155422
-0.399210 0.906692 0.136162
-0.145920 -0.363206 -0.920211
-0.829633 -0.119784 -0.545309
-0.145886 0.363559 -0.920077
-0.477364 -0.271280 -0.835781
0.742448 -0.000001 -0.669904
0.808857 0.010193 0.587918
-0.616195 -0.006835 0.787564
-0.473296 -0.608822 0.636653
-0.147279 -0.976287 0.158660
-0.146870 -0.626889 0.765140
-0.093177 -0.811246 0.577232
-0.398725 -0.906499 0.138841
-0.829353 0.119938 -0.545700
-0.449384 -0.000003 -0.893339
0.279394 -0.000000 0.960177
0.279394 -0.000000 -0.960177
0.612758 -0.172684 0.771173
0.611626 -0.723219 0.320732
0.717767 0.685502 0.122057
0.612568 0.351928 0.707748
0.901890 0.000003 -0.431965
0.901890 -0.000003 0.431965
-0.477559 0.272510 -0.835270
0.550920 0.723101 0.416668
0.555445 0.085600 0.827135
0.612569 -0.786551 0.078083
0.612706 -0.659918 -0.434855
0.717741 -0.038262 -0.695258
0.382554 0.773799 -0.504865
0.707467 0.606821 0.362297
0.798056 0.054824 0.600084
0.228613 -0.724671 0.650068
0.721672 0.310151 0.618866
0.717760 -0.038496 0.695226
0.612568 -0.660168 0.434671
0.612706 -0.786416 -0.078366
0.611626 -0.405615 -0.679257
0.612568 -0.382547 0.691678
0.717761 0.288991 0.633484
0.612706 -0.732753 0.296080
0.611628 -0.674827 -0.412940
0.717764 0.550273 0.426631
0.612706 -0.511229 0.602691
0.611631 -0.789431 -0.052016
0.612569 -0.017295 0.790228
-0.469733 0.829569 0.301938
-0.728739 0.643493 0.234212
-0.577350 0.577350 -0.577350
-0.330250 0.943894 -0.000023
-0.728739 -0.643493 -0.234212
-0.577350 -0.577350 -0.577350
0.612568 0.640524 0.463130
-0.474970 0.595569 0.647843
-0.421737 0.630888 0.651244
-0.420631 0.907232 -0.000028
-0.421732 0.630870 -0.651264
-0.915521 0.360658 -0.178178
-0.915521 0.360658 0.178178
-0.915521 -0.360658 0.178178
-0.915521 -0.360658 -0.178178
0.000000 0.000000 1.000000
-0.421732 -0.630870 -0.651264
-0.420631 -0.907232 -0.000028
-0.421737 -0.630888 0.651244
0.000000 0.000000 -1.000000
-0.590045 -0.598573 -0.541810
-0.738797 -0.499664 0.452233
0.590052 0.598597 -0.541775
-0.984499 0.032843 0.172290
-0.987412 0.028240 0.155628
-0.987420 -0.120463 -0.102419
-0.984511 -0.132520 -0.114790
-0.984744 0.131223 -0.114278
-0.987550 0.119667 -0.102105
-0.987560 -0.028642 0.154615
-0.984765 -0.033438 0.170646
0.858613 0.071230 0.507651
0.000000 -0.306397 0.951904
0.000000 -0.306396 0.951904
0.000000 -0.306418 0.951897
0.000000 -0.306441 0.951890
0.000000 -0.309984 0.950742
0.707316 0.250594 0.660989
0.000000 0.809359 0.587314
0.000000 0.860539 0.509385
0.000000 0.860552 0.509363
0.000000 0.860542 0.509380
0.000000 0.860535 0.509391
0.858834 0.288070 0.423579
0.000000 0.171119 0.985250
0.000000 0.171120 0.985250
0.000000 0.171096 0.985254
0.000000 0.171072 0.985258
0.000000 0.167402 0.985889
0.707316 0.529092 0.468791
0.000000 0.989593 0.143892
0.000000 0.998693 0.051109
0.000000 0.998692 0.051128
0.000000 0.998691 0.051146
0.000000 0.998692 0.051134
0.858917 0.455137 0.234758
0.000000 0.630751 0.775985
0.000000 0.629751 0.776797
0.000000 0.629481 0.777016
0.000000 0.629051 0.777364
0.000000 0.627068 0.778965
0.712385 0.701194 -0.028880
0.804793 0.558261 -0.201623
0.560872 0.654031 -0.507609
0.804188 0.341684 -0.486347
0.000000 0.462831 -0.886446
0.000000 0.459226 -0.888320
0.000000 0.454620 -0.890685
0.000000 0.454202 -0.890899
0.000000 0.455444 -0.890265
0.000000 0.425909 -0.904766
0.000000 0.970647 -0.240508
0.000000 0.870813 -0.491615
0.000000 0.707636 -0.706577
0.000000 0.527565 -0.849515
0.000000 0.217788 0.975996
0.000000 0.463950 0.885861
0.000000 0.672987 0.739654
0.000000 0.844533 0.535504
0.000000 0.964427 0.264349
0.000000 0.342045 -0.939683
-0.726656 0.555096 -0.404771
0.000000 0.993487 -0.113949
0.000000 0.990478 -0.137674
0.000000 0.990483 -0.137639
0.000000 0.990516 -0.137396
0.000000 0.990663 -0.136333
0.000000 0.990570 -0.137008
0.906107 0.338638 -0.253565
0.709592 -0.279180 -0.646945
0.800000 -0.600000 0.000000
0.800000 -0.600000 0.000000
0.707107 -0.707107 0.000000
0.800000 -0.600000 0.000000
0.832050 -0.424925 -0.356554
0.707107 -0.707107 0.000000
0.800000 -0.600000 0.000000
0.707107 -0.707107 0.000000
0.707107 -0.707107 0.000000
0.707107 -0.707107 0.000000
0.707107 -0.707107 0.000000
0.707107 -0.707107 0.000000
0.738791 -0.499646 0.452264
0.738791 0.499646 0.452264
0.707107 0.707107 0.000000
0.800000 0.600000 0.000000
0.707107 0.707107 0.000000
0.707107 0.707107 0.000000
0.707107 0.707107 0.000000
0.707107 0.707107 0.000000
0.800000 0.600000 0.000000
0.707107 0.707107 0.000000
0.832050 0.424925 0.356554
0.707107 0.707107 0.000000
0.707107 0.707107 0.000000
0.714485 0.059907 0.697081
0.913960 0.021070 0.405256
0.554772 0.736702 0.386650
0.913961 0.345489 -0.212869
0.898125 0.381956 -0.217900
0.837361 -0.211672 0.504006
0.913960 -0.169675 0.368629
0.554772 0.472632 0.684725
0.913960 0.404841 -0.027930
0.898125 0.439469 -0.015455
0.837360 -0.421662 0.347893
0.913960 -0.321550 0.247553
0.554772 0.100287 0.825936
0.913960 0.371449 0.163408
0.837358 0.492686 0.236839
0.707317 -0.085309 0.701731
0.898124 -0.430405 0.090139
0.913960 -0.399762 0.069765
0.554772 -0.295031 0.777936
0.913960 0.252962 0.317311
0.837356 0.326223 0.438649
0.707317 -0.401648 0.581706
0.898122 -0.422988 -0.120239
0.860512 -0.485062 -0.155670
0.554772 -0.622763 0.551719
0.913960 0.076524 0.398523
0.837354 0.085047 0.540004
0.707317 -0.625964 0.328438
0.898121 -0.318637 -0.303067
0.860512 -0.357158 -0.363259
0.554772 -0.807826 0.199112
0.913961 -0.117445 0.388436
0.837352 -0.175609 0.517689
0.707317 -0.706896 -0.000040
0.898120 -0.141274 -0.416440
0.860513 -0.147433 -0.487628
0.554771 -0.807826 -0.199111
0.860512 -0.357158 0.363258
0.837353 -0.396078 0.376779
0.707107 -0.405580 0.579228
0.940976 0.071124 0.330917
0.924896 -0.092755 0.368732
0.940976 -0.219235 0.257878
0.940975 -0.310681 0.134323
0.924897 -0.379742 -0.019020
0.811761 0.105116 -0.574452
0.811760 0.348345 -0.468723
0.811761 0.519731 -0.266314
0.866708 0.498757 -0.007668
0.940976 0.305837 0.145014
0.600000 0.787846 -0.138919
0.000000 -0.588438 0.808542
0.000000 -0.588442 0.808540
0.000000 -0.588816 0.808267
0.000000 -0.589874 0.807495
0.000000 -0.589787 0.807559
0.837355 -0.396168 0.376679
0.000000 -0.985605 0.169066
0.000000 -0.986600 0.163160
0.000000 -0.986817 0.161841
0.000000 -0.986829 0.161768
0.000000 -0.986801 0.161938
0.000000 -0.883824 -0.467820
0.000000 -0.914674 -0.404191
0.000000 -0.913848 -0.406058
0.000000 -0.913763 -0.406249
0.000000 -0.913881 -0.405983
0.000000 -0.886743 -0.462263
-0.707107 -0.707107 0.000000
-0.707107 -0.707107 0.000000
-0.707107 -0.707107 0.000000
-0.800000 -0.600000 0.000000
0.000000 -0.939693 -0.342020
0.000000 -0.939693 -0.342020
0.000000 -0.939693 -0.342020
0.000000 -0.939693 -0.342020
0.000000 -0.939693 -0.342020
0.000000 -0.939693 -0.342020
0.000000 -0.999976 -0.006992
-0.212511 -0.738271 0.640152
-0.598830 -0.714939 0.360922
-0.591734 -0.030922 -0.805540
-0.211173 0.198148 -0.957154
-0.711514 -0.155008 -0.685361
-0.711777 0.033361 -0.701613
-0.449175 0.231695 -0.862878
-0.213380 -0.187828 -0.958744
-0.594496 0.038858 -0.803159
-0.597070 0.714978 0.363749
-0.212909 0.739100 0.639062
-0.803968 -0.046238 -0.592872
-0.803796 -0.204820 -0.558535
0.000000 -0.769841 -0.638236
0.000000 -0.893178 -0.449704
0.000000 -0.973786 -0.227465
0.837364 0.046949 0.544626
0.000000 -0.095582 0.995422
0.000000 -0.095926 0.995388
0.000000 -0.094236 0.995550
0.000000 -0.092546 0.995708
0.000000 -0.093938 0.995578
0.837362 0.474872 -0.270780
0.860461 0.434566 -0.266005
0.707172 0.626054 0.328578
0.747695 0.035544 0.663090
0.000000 0.977220 0.212227
0.000000 0.986141 0.165909
0.000000 0.985898 0.167346
0.000000 0.985654 0.168778
0.000000 0.985421 0.170135
0.000000 0.764940 -0.644102
0.000000 0.764691 -0.644397
0.000000 0.765773 -0.643111
0.000000 0.766852 -0.641823
0.000000 0.765968 -0.642879
0.000000 -0.547238 0.836977
0.000000 -0.547527 0.836788
0.000000 -0.546121 0.837706
0.000000 -0.544714 0.838622
0.000000 -0.545869 0.837871
0.860485 -0.212279 0.463145
0.000000 0.287665 0.957731
0.000000 0.286347 0.958126
0.000000 0.284958 0.958540
0.000000 0.283565 0.958953
0.000000 0.328442 0.944524
0.000000 0.976647 -0.214850
0.000000 0.976560 -0.215246
0.000000 0.976643 -0.214868
0.000000 0.977011 -0.213189
0.000000 0.976993 -0.213272
0.837361 0.546316 -0.019093
0.590052 -0.598597 -0.541775
0.000000 -0.947297 0.320356
0.000000 -0.812452 0.583028
0.000000 -0.606425 0.795141
0.000000 -0.356911 0.934138
0.000000 0.712535 -0.701636
0.603861 -0.504366 -0.617225
0.710343 -0.293515 -0.639736
0.000000 -0.989685 0.143261
0.858986 -0.496917 -0.123355
0.000000 -0.781231 -0.624242
0.000000 -0.781219 -0.624257
0.000000 -0.781219 -0.624257
0.000000 -0.781194 -0.624288
0.000000 -0.835973 -0.548770
0.000000 -0.778948 0.627089
0.000000 -0.781298 0.624158
0.000000 -0.781284 0.624176
0.000000 -0.781284 0.624176
0.000000 -0.781296 0.624161
0.858845 -0.497393 0.122417
0.000000 -0.981859 -0.189615
0.000000 -0.981848 -0.189672
0.000000 -0.981836 -0.189732
0.000000 -0.981847 -0.189673
0.000000 -0.981140 -0.193297
0.000000 -0.485333 0.874329
0.000000 -0.401772 0.915740
0.000000 -0.401792 0.915731
0.000000 -0.401812 0.915722
0.000000 -0.401807 0.915724
0.858837 -0.385762 0.337026
0.000000 -0.957490 0.288467
0.000000 -0.957489 0.288469
0.000000 -0.957496 0.288446
0.000000 -0.957503 0.288424
0.000000 -0.958572 0.284852
0.000000 -0.023502 0.999724
0.000000 0.069724 0.997566
0.000000 0.069726 0.997566
0.000000 0.069705 0.997568
0.000000 0.069711 0.997567
0.859065 -0.181290 0.478687
0.000000 -0.713719 0.700432
0.000000 -0.713717 0.700434
0.000000 -0.713733 0.700418
0.000000 -0.713748 0.700402
0.000000 -0.645431 0.763819
0.000000 0.528442 0.848969
0.000000 0.525256 0.850944
0.000000 0.525256 0.850944
0.000000 0.525256 0.850945
0.000000 0.525258 0.850943
0.707119 -0.045207 0.705648
-0.245166 0.549788 0.798516
-0.834799 0.530585 0.146937
-0.711690 0.625712 0.319348
-0.559524 0.615463 0.555103
-0.213112 0.924739 0.315344
-0.666475 0.702991 0.248222
-0.590126 -0.684373 0.428235
-0.248913 -0.962010 0.112159
-0.711468 -0.505159 0.488495
-0.711656 -0.618999 0.332243
-0.712047 -0.685727 0.150889
-0.245166 -0.550086 0.798310
-0.125754 0.664341 0.736775
-0.291727 -0.060023 0.954616
-0.239425 -0.006377 0.970894
-0.237111 0.945358 0.223780
-0.291613 0.798191 -0.527118
-0.150023 0.551336 0.820683
-0.787852 0.005852 0.615836
-0.343203 -0.494311 -0.798667
-0.290998 -0.855582 -0.428135
-0.984721 -0.164689 -0.056585
-0.987540 -0.148301 -0.052653
-0.124192 0.315503 -0.940763
-0.290027 0.856042 -0.427874
-0.714535 0.608879 -0.344539
0.824805 -0.412058 -0.387176
0.741701 -0.669560 0.039606
0.822676 -0.384114 0.419118
0.000000 0.011679 0.999932
0.000000 -0.002396 0.999997
0.000000 -0.006286 0.999980
0.000000 0.003136 0.999995
0.000000 0.050399 0.998729
0.000000 -0.085232 0.996361
-0.124373 -0.972062 0.199065
-0.202875 -0.930068 0.306292
-0.236381 -0.670481 0.703263
-0.125247 -0.660861 0.739983
-0.150511 -0.554100 0.818730
-0.721725 -0.601476 -0.342548
-0.342592 0.494769 -0.798645
-0.707914 -0.074315 -0.702378
0.000000 0.000005 -1.000000
0.000000 0.000091 -1.000000
0.000000 -0.000087 -1.000000
0.000000 -0.007786 -0.999970
0.000000 -0.011042 -0.999939
0.000000 -0.003756 -0.999993
0.000000 -0.003711 -0.999993
0.000000 -0.002504 -0.999997
-0.290035 -0.798424 -0.527634
-0.714543 -0.602713 -0.355198
-0.289743 0.058777 0.955298
0.000000 -0.000000 1.000000
0.421745 0.630935 -0.651193
0.420606 0.907244 0.000038
0.421739 0.630909 0.651222
0.000000 -0.000000 -1.000000
0.860494 -0.403341 0.311232
0.837362 -0.421576 0.347992
0.931119 0.328668 0.158098
0.747660 0.607079 0.269184
0.707172 0.085225 0.701886
0.000000 0.964629 0.263613
0.000000 0.964730 0.263240
0.000000 0.964623 0.263632
0.000000 0.964174 0.265270
0.000000 0.964202 0.265167
0.915508 0.360730 -0.178101
0.915506 0.360723 0.178123
0.915508 -0.360730 0.178101
0.915506 -0.360723 -0.178123
-0.987429 0.148859 -0.053146
-0.984544 0.165468 -0.057385
-0.707913 0.074368 -0.702374
-0.787938 -0.535654 -0.303693
-0.721604 0.602354 -0.341258
0.600000 0.787846 -0.138919
0.714804 0.387914 0.581875
0.600000 -0.458861 0.655322
0.860462 -0.358278 0.362273
0.707172 -0.686496 -0.169205
0.747695 -0.193199 -0.635316
0.837355 -0.175742 -0.517640
0.000000 0.852138 0.523317
0.000000 0.118198 0.992990
0.721669 0.004438 0.692224
0.721669 -0.302177 0.622803
0.570710 -0.648236 0.504064
0.721669 -0.678051 0.139429
0.721672 -0.669792 -0.174837
0.721669 0.260792 -0.641234
0.721670 0.517504 -0.459763
0.721671 0.667484 -0.183459
0.570710 0.806389 0.155008
0.721671 0.551894 0.417856
0.000000 -0.997404 0.072013
0.000000 -0.997217 0.074559
0.000000 -0.997242 0.074217
0.000000 -0.997324 0.073115
0.000000 -0.999644 0.026676
0.000000 -0.850414 -0.526114
0.000000 -0.849689 -0.527284
0.000000 -0.848924 -0.528516
0.000000 -0.848154 -0.529750
0.000000 -0.872178 -0.489189
0.000000 -0.145246 -0.989396
0.000000 -0.144885 -0.989448
0.000000 -0.146566 -0.989201
0.000000 -0.148210 -0.988956
0.000000 -0.146884 -0.989154
0.000000 -0.145343 0.989381
0.000000 -0.144940 0.989440
0.000000 -0.146621 0.989193
0.000000 -0.148321 0.988939
0.000000 -0.146938 0.989146
0.837355 -0.175740 0.517641
0.000000 -0.872192 0.489163
0.000000 -0.848156 0.529747
0.000000 -0.848926 0.528511
0.000000 -0.849693 0.527278
0.000000 -0.850418 0.526108
0.747660 -0.194047 0.635099
0.000000 -0.999644 -0.026679
0.000000 -0.997403 -0.072018
0.000000 -0.997298 -0.073463
0.000000 -0.997190 -0.074912
0.000000 -0.997401 -0.072054
0.707172 -0.686496 0.169207
0.000000 -0.588463 -0.808524
0.000000 -0.588141 -0.808758
0.000000 -0.589470 -0.807790
0.000000 -0.590885 -0.806756
0.000000 -0.589801 -0.807549
0.860485 -0.357773 -0.362717
0.837356 -0.396191 -0.376652
0.000000 -0.507321 0.861757
0.000000 -0.505122 0.863048
0.000000 -0.506377 0.862312
0.000000 -0.507324 0.861756
0.000000 -0.545908 0.837845
0.747660 0.123326 0.652530
0.000000 0.331074 0.943605
0.000000 0.331050 0.943613
0.000000 0.329466 0.944168
0.000000 0.328269 0.944584
0.000000 0.329570 0.944131
0.000000 -0.916073 0.401011
0.000000 -0.916623 0.399753
0.000000 -0.917201 0.398424
0.000000 -0.917780 0.397090
0.000000 -0.898047 0.439901
0.707172 -0.529228 0.468855
0.000000 -0.896812 -0.442411
0.000000 -0.896661 -0.442717
0.000000 -0.897403 -0.441211
0.000000 -0.898143 -0.439704
0.000000 -0.897535 -0.440943
0.860486 -0.485355 -0.154903
0.000000 0.731648 0.681683
0.000000 0.731911 0.681401
0.000000 0.730765 0.682629
0.000000 0.729603 0.683871
0.000000 0.730546 0.682863
0.837358 0.326120 0.438722
0.860485 -0.501749 0.088394
0.837361 -0.535016 0.112181
0.747661 0.412443 0.520475
0.707172 -0.250720 0.661095
0.837357 0.084918 0.540021
0.837359 -0.525857 -0.149345
0.000000 0.939693 0.342020
0.000000 0.939693 0.342020
0.000000 0.939693 0.342020
0.000000 0.939693 0.342020
0.000000 0.939693 0.342020
0.000000 0.939693 0.342020
-0.832050 0.424925 0.356554
0.000000 0.939693 0.342020
0.000000 0.939693 0.342020
0.000000 0.939693 0.342020
0.000000 0.939693 0.342020
0.000000 0.939693 0.342020
0.000000 0.939693 0.342020
0.000000 0.707107 -0.707107
0.000000 0.707107 -0.707107
0.000000 0.707107 -0.707107
0.000000 0.707107 -0.707107
0.000000 0.707107 -0.707107
0.000000 0.707107 -0.707107
-0.707107 0.707107 0.000000
-0.800000 0.600000 0.000000
-0.707107 0.707107 0.000000
-0.707107 0.707107 0.000000
-0.707107 0.707107 0.000000
-0.707107 0.707107 0.000000
-0.800000 0.600000 0.000000
-0.707107 0.707107 0.000000
-0.832050 -0.424925 -0.356554
0.000000 -0.912381 -0.409341
0.000000 -0.956185 -0.292765
0.000000 -0.939693 -0.342020
0.000000 -0.939693 -0.342020
0.000000 -0.939693 -0.342020
0.000000 -0.939693 -0.342020
-0.707107 -0.707107 0.000000
-0.707107 -0.707107 0.000000
-0.707107 -0.707107 0.000000
-0.707107 -0.707107 0.000000
-0.707107 -0.707107 0.000000
-0.800000 -0.600000 0.000000
-0.707107 -0.707107 0.000000
0.000000 -0.707107 -0.707107
0.000000 -0.800000 -0.600000
0.000000 -0.707107 -0.707107
0.000000 -0.707107 -0.707107
0.000000 -0.707107 -0.707107
0.000000 -0.707107 -0.707107
0.000000 -0.190366 0.981713
0.000000 -0.191716 0.981450
0.000000 -0.193138 0.981172
0.000000 -0.194564 0.980890
0.000000 -0.148131 0.988968
0.000000 0.421022 0.907051
0.000000 0.423651 0.905826
0.000000 0.423338 0.905972
0.000000 0.422022 0.906586
0.000000 0.379422 0.925224
0.000000 -0.873530 0.486770
0.000000 -0.873691 0.486482
0.000000 -0.872873 0.487947
0.000000 -0.872053 0.489412
0.000000 -0.872726 0.488210
0.000000 -0.999686 0.025056
0.000000 -0.999695 0.024712
0.000000 -0.999652 0.026390
0.000000 -0.999606 0.028068
0.000000 -0.999644 0.026691
0.000000 -0.589819 0.807535
0.000000 -0.625859 0.779936
0.000000 -0.626989 0.779028
0.000000 -0.628121 0.778116
0.000000 -0.625888 0.779913
0.000000 -0.092893 0.995676
0.000000 -0.045837 0.998949
0.000000 -0.047291 0.998881
0.000000 -0.048739 0.998812
0.000000 -0.050111 0.998744
-0.707107 0.707107 0.000000
-0.707107 0.707107 0.000000
-0.738797 0.499664 0.452233
-0.590045 0.598573 -0.541809
0.000000 0.730552 0.682857
0.000000 0.698810 0.715307
0.000000 0.697772 0.716320
0.000000 0.696730 0.717334
0.000000 0.698783 0.715333
0.421740 -0.630917 0.651214
0.420606 -0.907244 0.000018
0.421743 -0.630928 -0.651201
0.837363 -0.211549 0.504054
0.707172 0.401646 0.581883
0.000000 0.794324 0.607495
0.000000 0.796082 0.605188
0.000000 0.795873 0.605463
0.000000 0.794993 0.606618
0.000000 0.765935 0.642918
0.747660 0.662637 -0.043773
0.714968 0.367677 0.594672
0.737636 0.492867 0.461492
0.828432 0.560032 0.008003
0.826067 0.415575 -0.380671
-0.203931 0.730307 0.651969
-0.124351 0.972010 0.199334
-0.787944 0.530739 -0.312187
-0.124183 -0.315000 -0.940933
-0.787840 -0.006194 0.615849
-0.239381 0.006108 0.970907
-1.000000 0.000000 0.000000
0.000000 -0.933117 0.359574
0.000000 -0.933079 -0.359670
0.000000 -0.481090 0.876671
0.000000 -0.481072 -0.876681
-1.000000 0.000000 0.000000
-1.000000 0.000000 0.000000
-1.000000 0.000000 0.000000
-1.000000 0.000000 0.000000
-1.000000 0.000000 0.000000
-1.000000 0.000000 0.000000
0.000000 0.999114 0.042086
0.000000 0.870601 -0.491990
0.000000 0.491521 -0.870866
0.000000 0.813194 -0.581993
0.000000 0.998881 0.047287
0.000000 0.993726 -0.111846
0.000000 0.523106 -0.852268
0.000000 0.502753 -0.864430
0.000000 0.999542 0.030253
0.000000 0.980266 -0.197685
0.000000 0.981633 -0.190781
0.000000 0.911931 -0.410344
0.000000 0.911501 -0.411298
0.000000 0.800286 -0.599618
0.000000 0.795789 -0.605574
0.000000 0.910770 -0.412915
0.000000 0.807387 -0.590023
0.000000 0.780157 -0.625584
0.000000 0.641719 -0.766940
0.000000 0.628051 -0.778172
0.000000 0.981693 -0.190469
0.000000 0.998968 0.045408
0.000000 0.899471 -0.436980
0.000000 0.998624 0.052442
0.000000 0.981823 -0.189798
0.000000 0.683853 -0.729620
0.000000 0.982541 -0.186044
0.000000 0.632670 -0.774422
0.000000 0.935904 -0.352255
0.000000 0.990454 0.137842
0.000000 0.620788 0.783978
0.000000 0.757590 0.652731
0.000000 0.218128 0.975920
0.000000 0.484678 0.874693
0.000000 0.929430 0.369000
0.000000 0.087263 0.996185
0.000000 0.351765 0.936089
0.000000 0.729128 -0.684377
0.000000 0.442804 -0.896618
0.000000 0.476690 -0.879071
0.000000 0.451523 -0.892259
0.000000 0.996831 0.079549
0.000000 0.920241 -0.391352
0.000000 0.677064 -0.735924
0.000000 0.976762 -0.214324
0.000000 0.847754 0.530390
0.000000 0.445163 -0.895449
0.000000 0.581245 -0.813729
0.000000 0.803730 -0.594994
0.000000 0.802822 -0.596219
0.000000 0.801731 -0.597685
0.000000 0.801493 -0.598004
0.000000 0.795789 -0.605574
0.000000 0.801283 -0.598285
0.000000 0.909300 -0.416140
1.000000 0.000000 0.000000
1.000000 0.000000 0.000000
1.000000 0.000000 0.000000
1.000000 0.000000 0.000000
1.000000 0.000000 0.000000
1.000000 0.000000 0.000000
1.000000 0.000000 0.000000
1.000000 0.000000 0.000000
1.000000 0.000000 0.000000
1.000000 0.000000 0.000000
1.000000 0.000000 0.000000
1.000000 0.000000 0.000000
1.000000 0.000000 0.000000
1.000000 0.000000 0.000000
1.000000 0.000000 0.000000
1.000000 0.000000 0.000000
1.000000 0.000000 0.000000
1.000000 0.000000 0.000000
1.000000 0.000000 0.000000
1.000000 0.000000 0.000000
1.000000 0.000000 0.000000
1.000000 0.000000 0.000000
1.000000 0.000000 0.000000
1.000000 0.000000 0.000000
1.000000 0.000000 0.000000
1.000000 0.000000 0.000000
1.000000 0.000000 0.000000
1.000000 0.000000 0.000000
1.000000 0.000000 0.000000
1.000000 0.000000 0.000000
1.000000 0.000000 0.000000
1.000000 0.000000 0.000000
1.000000 0.000000 0.000000
1.000000 0.000000 0.000000
1.000000 0.000000 0.000000
1.000000 0.000000 0.000000
1.000000 0.000000 0.000000
1.000000 0.000000 0.000000
1.000000 0.000000 0.000000
1.000000 0.000000 0.000000
1.000000 0.000000 0.000000
1.000000 0.000000 0.000000
1.000000 0.000000 0.000000
1.000000 0.000000 0.000000
1.000000 0.000000 0.000000
1.000000 0.000000 0.000000
1.000000 0.000000 0.000000
1.000000 0.000000 0.000000
1.000000 0.000000 0.000000
1.000000 0.000000 0.000000
1.000000 0.000000 0.000000
1.000000 0.000000 0.000000
1.000000 0.000000 0.000000
1.000000 0.000000 0.000000
1.000000 0.000000 0.000000
1.000000 0.000000 0.000000
1.000000 0.000000 0.000000
1.000000 0.000000 0.000000
1.000000 0.000000 0.000000
1.000000 0.000000 0.000000
1.000000 0.000000 0.000000
1.000000 0.000000 0.000000
1.000000 0.000000 0.000000
1.000000 0.000000 0.000000
1.000000 0.000000 0.000000
1.000000 0.000000 0.000000
1.000000 0.000000 0.000000
1.000000 0.000000 0.000000
1.000000 0.000000 0.000000
1.000000 0.000000 0.000000
1.000000 0.000000 0.000000
1.000000 0.000000 0.000000
1.000000 0.000000 0.000000
1.000000 0.000000 0.000000
1.000000 0.000000 0.000000
1.000000 0.000000 0.000000
1.000000 0.000000 0.000000
1.000000 0.000000 0.000000
1.000000 0.000000 0.000000
1.000000 0.000000 0.000000
1.000000 0.000000 0.000000
1.000000 0.000000 0.000000
1.000000 0.000000 0.000000
1.000000 0.000000 0.000000
1.000000 0.000000 0.000000
1.000000 0.000000 0.000000
1.000000 0.000000 0.000000
1.000000 0.000000 0.000000
1.000000 0.000000 0.000000
1.000000 0.000000 0.000000
1.000000 0.000000 0.000000
1.000000 0.000000 0.000000
1.000000 0.000000 0.000000
1.000000 0.000000 0.000000
1.000000 0.000000 0.000000
1.000000 0.000000 0.000000
1.000000 0.000000 0.000000
1.000000 0.000000 0.000000
1.000000 0.000000 0.000000
1.000000 0.000000 0.000000
1.000000 0.000000 0.000000
1.000000 0.000000 0.000000
1.000000 0.000000 0.000000
1.000000 0.000000 0.000000
1.000000 0.000000 0.000000
1.000000 0.000000 0.000000
1.000000 0.000000 0.000000
1.000000 0.000000 0.000000
1.000000 0.000000 0.000000
1.000000 0.000000 0.000000
1.000000 0.000000 0.000000
1.000000 0.000000 0.000000
1.000000 0.000000 0.000000
1.000000 0.000000 0.000000
1.000000 0.000000 0.000000
0.000000 -0.693983 0.719992
0.000000 -0.706490 0.707723
0.000000 -0.693825 0.720144
0.000000 -0.706574 0.707640
0.000000 -0.693983 0.719992
0.000000 -0.693926 0.720047
0.000000 -1.000000 0.000000
0.000000 -1.000000 0.000000
0.000000 -1.000000 0.000000
0.000000 -1.000000 0.000000
0.000000 -1.000000 0.000000
0.000000 -1.000000 0.000000
0.000000 -1.000000 0.000000
0.000000 -1.000000 0.000000
0.000000 -1.000000 0.000000
0.000000 -1.000000 0.000000
0.000000 -1.000000 0.000000
0.000000 -1.000000 0.000000
0.000000 -1.000000 0.000000
0.000000 -1.000000 0.000000
0.000000 -1.000000 0.000000
0.000000 -1.000000 0.000000
0.000000 -1.000000 0.000000
0.000000 -1.000000 0.000000
0.000000 -1.000000 0.000000
0.000000 -1.000000 0.000000
0.000000 -1.000000 0.000000
0.000000 -1.000000 0.000000
0.000000 -1.000000 0.000000
0.000000 -1.000000 0.000000
0.000000 -1.000000 0.000000
0.000000 -1.000000 0.000000
0.000000 -1.000000 0.000000
0.000000 -1.000000 0.000000
0.000000 -1.000000 0.000000
0.000000 -1.000000 0.000000
0.000000 -1.000000 0.000000
0.000000 -1.000000 0.000000
0.000000 -1.000000 0.000000
0.000000 -1.000000 0.000000
0.000000 -1.000000 0.000000
0.000000 -0.598326 -0.801253
0.000000 -0.970130 -0.242585
0.000000 -0.838621 -0.544716
0.000000 0.968525 -0.248914
0.000000 0.801313 -0.598246
0.000000 -0.997374 -0.072428
0.000000 0.643819 -0.765178
0.000000 0.996133 -0.087863
0.000000 -0.985965 -0.166953
0.000000 -0.661126 -0.750274
0.000000 -0.903122 -0.429385
0.000000 0.909711 -0.415243
0.000000 0.690870 -0.722979
0.000000 -0.770167 -0.637843
0.000000 0.784812 -0.619734
0.000000 -0.712314 -0.701860
0.000000 -0.935381 -0.353641
0.000000 0.914044 -0.405615
0.000000 0.577947 -0.816074
0.000000 0.984196 -0.177084
0.000000 -0.544792 -0.838571
0.000000 0.042326 0.999104
0.000000 0.059837 0.998208
0.000000 0.042329 0.999104
0.000000 0.042333 0.999104
0.000000 0.042336 0.999103
0.000000 0.059970 0.998200
1.000000 0.000000 0.000000
1.000000 0.000000 0.000000
1.000000 0.000000 0.000000
1.000000 0.000000 0.000000
1.000000 0.000000 0.000000
1.000000 0.000000 0.000000
0.000000 0.902836 -0.429986
0.000000 0.883017 -0.469341
0.000000 0.906125 -0.423011
0.000000 0.882334 -0.470624
0.000000 0.902836 -0.429985
0.000000 0.906125 -0.423011
0.000000 -0.318027 0.948082
0.000000 -0.360115 0.932908
0.000000 -0.310715 0.950503
0.000000 -0.360845 0.932626
0.000000 -0.318027 0.948082
0.000000 -0.310713 0.950504
0.000000 0.996917 -0.078468
0.000000 0.998146 -0.060871
0.000000 0.996911 -0.078543
0.000000 0.996911 -0.078541
0.000000 0.996917 -0.078462
0.000000 0.998140 -0.060970
0.000000 -0.770349 -0.637622
0.000000 -0.766640 -0.642077
0.000000 -0.988168 0.153373
0.000000 -0.766584 -0.642144
0.000000 -0.770652 -0.637256
0.000000 -0.768102 -0.640327
0.000000 -0.779178 -0.626803
0.000000 -0.722149 -0.691738
0.000000 -0.712999 -0.701165
0.000000 -0.989541 -0.144250
0.000000 -0.999997 0.002373
0.000000 -0.497625 -0.867392
0.000000 -0.941144 -0.338007
0.000000 -0.452489 0.891770
0.000000 -0.247667 0.968845
0.000000 -0.583230 0.812307
0.000000 -0.814026 -0.580828
0.000000 -0.947638 0.319345
0.000000 -0.889152 0.457611
0.000000 -0.703358 0.710836
0.000000 -0.810004 0.586424
0.000000 -0.314455 -0.949272
0.000000 -0.733029 -0.680198
0.000000 -0.683832 -0.729640
0.000000 -0.865113 -0.501576
0.000000 -0.635589 -0.772027
0.000000 -0.724308 -0.689477
0.000000 -0.179504 0.983757
0.000000 0.232201 0.972668
0.000000 -0.006076 0.999982
0.000000 0.344890 0.938643
0.000000 -0.387787 0.921749
0.000000 -0.313672 0.949531
0.000000 -0.194687 0.980865
0.000000 0.445676 0.895195
0.000000 0.098412 0.995146
-0.647351 0.596262 -0.474773
-0.338710 0.752956 -0.564210
-0.671817 0.569310 -0.473864
-0.460189 0.715889 -0.525098
-0.646598 -0.709735 -0.279620
-0.338884 -0.864998 -0.370050
-0.671715 -0.695086 -0.256232
-0.457738 -0.813456 -0.358838
0.000000 -0.997070 0.076495
0.000000 -0.965934 -0.258790
0.000000 -0.561104 0.827745
0.000000 -0.690736 0.723107
0.000000 -0.972431 0.233192
0.000000 -0.554314 -0.832308
0.000000 -0.596828 -0.802370
0.000000 -0.633389 0.773834
0.000000 -0.570350 -0.821402
0.000000 -0.738439 -0.674321
0.000000 -0.873672 -0.486515
0.000000 -0.986678 -0.162687
0.000000 -0.992175 0.124859
0.000000 -0.975985 0.217838
0.000000 -0.957511 0.288398
0.000000 -0.925745 0.378148
0.000000 -0.883067 0.469247
0.000000 -0.937137 0.348962
0.000000 -0.815287 0.579057
0.000000 -0.907132 0.420846
0.000000 -0.805358 0.592789
0.000000 -0.864773 0.502164
0.000000 -0.823124 0.567862
0.000000 -0.559378 0.828912
0.000000 -0.909321 0.416095
0.000000 -0.935350 0.353723
0.000000 -0.643389 0.765540
0.000000 -0.966370 0.257155
0.000000 -0.987102 -0.160092
0.000000 -0.989575 0.144019
0.000000 -0.616302 -0.787510
0.000000 -0.379858 -0.925045
0.000000 -0.908902 0.417010
0.000000 -0.581424 0.813601
0.000000 -0.954336 0.298736
0.000000 -0.606398 0.795161
0.000000 -0.969518 0.245021
0.000000 -0.989023 0.147764
0.000000 -0.873970 -0.485979
0.000000 -0.667051 0.745012
0.000000 -0.583890 -0.811833
0.000000 -0.245915 -0.969291
0.000000 -0.648170 -0.761496
0.000000 -0.994342 0.106224
0.000000 -0.904909 0.425606
0.000000 -0.371271 0.928524
0.000000 -0.639996 0.768378
0.000000 -0.959332 -0.282279
0.000000 -0.888359 0.459149
0.000000 -0.944862 -0.327470
0.000000 -0.327240 -0.944941
0.000000 -0.999716 0.023839
0.000000 -0.983878 0.178839
0.000000 -0.999558 -0.029715
0.000000 -0.985195 0.171437
0.000000 -0.892167 -0.451705
0.000000 -0.906853 0.421447
0.000000 -0.816264 0.577679
0.000000 -0.776443 0.630187
0.000000 -0.932249 -0.361818
0.000000 -0.182704 -0.983168
0.000000 -0.822091 0.569356
0.000000 -0.503078 -0.864241
0.000000 -0.958588 0.284795
0.000000 -0.810154 0.586218
0.000000 -0.871559 -0.490290
0.000000 -0.704818 0.709388
0.000000 -0.455741 0.890112
-0.642455 0.111134 0.758222
-0.335268 0.110442 0.935627
-0.667977 0.124160 0.733752
-0.455985 0.095205 0.884880
0.000000 0.933117 -0.359574
0.000000 0.933079 0.359670
0.000000 0.481090 -0.876671
0.000000 0.481072 0.876681
1.000000 0.000000 0.000000
1.000000 0.000000 0.000000
1.000000 0.000000 0.000000
1.000000 0.000000 0.000000
1.000000 0.000000 0.000000
1.000000 0.000000 0.000000
0.000000 0.919213 0.393762
0.000000 0.912170 0.409812
0.000000 0.919213 0.393762
0.000000 0.919213 0.393762
0.000000 0.919213 0.393762
0.000000 0.912119 0.409925
1.000000 0.000000 0.000000
-1.000000 0.000000 0.000000
-1.000000 0.000000 0.000000
-1.000000 0.000000 0.000000
-1.000000 0.000000 0.000000
-1.000000 0.000000 0.000000
-1.000000 0.000000 0.000000
-1.000000 0.000000 0.000000
1.000000 0.000000 0.000000
1.000000 0.000000 0.000000
1.000000 0.000000 0.000000
1.000000 0.000000 0.000000
1.000000 0.000000 0.000000
1.000000 0.000000 0.000000
1.000000 0.000000 0.000000
1.000000 0.000000 0.000000
1.000000 0.000000 0.000000
1.000000 0.000000 0.000000
1.000000 0.000000 0.000000
0.000000 0.984808 -0.173648
0.000000 0.984808 -0.173648
0.000000 0.984808 -0.173648
0.000000 0.984808 -0.173648
0.000000 0.984808 -0.173648
0.000000 -0.573576 0.819152
0.000000 -0.573576 0.819152
0.000000 -0.573576 0.819152
0.000000 -0.573576 0.819152
0.000000 -0.573576 0.819152
0.000000 -0.573576 0.819152
0.000000 -0.773705 0.633546
0.000000 -0.745039 0.667021
0.000000 -0.778565 0.627564
0.000000 -0.744064 0.668108
0.000000 -0.774882 0.632106
0.000000 -0.774869 0.632122
0.000000 -0.390645 -0.920541
0.000000 -0.349083 -0.937092
0.000000 -0.397727 -0.917504
0.000000 -0.348349 -0.937365
0.000000 -0.390645 -0.920541
0.000000 -0.397729 -0.917503
0.000000 -0.279692 -0.960090
0.000000 -0.296791 -0.954942
0.000000 -0.279827 -0.960051
0.000000 -0.279692 -0.960090
0.000000 -0.279692 -0.960090
0.000000 -0.296682 -0.954976
0.000000 -0.279895 0.960031
0.000000 -0.296668 0.954981
0.000000 -0.279895 0.960031
0.000000 -0.279819 0.960053
0.000000 -0.279895 0.960031
0.000000 -0.296785 0.954944
0.000000 -0.390650 0.920539
0.000000 -0.349717 0.936856
0.000000 -0.397734 0.917501
0.000000 -0.348356 0.937362
0.000000 -0.390652 0.920539
0.000000 -0.397735 0.917500
0.000000 -0.773698 -0.633555
0.000000 -0.744586 -0.667526
0.000000 -0.778554 -0.627577
0.000000 -0.744063 -0.668110
0.000000 -0.773697 -0.633555
0.000000 -0.778556 -0.627576
0.000000 -0.694016 -0.719960
0.000000 -0.706611 -0.707602
0.000000 -0.693864 -0.720106
0.000000 -0.694016 -0.719960
0.000000 -0.706531 -0.707682
0.000000 -0.693864 -0.720106
0.000000 0.081893 0.996641
0.000000 0.125722 0.992066
0.000000 0.074213 0.997242
0.000000 0.127164 0.991882
0.000000 0.080030 0.996792
0.000000 0.074210 0.997243
0.000000 -0.979505 -0.201418
0.000000 -0.969514 -0.245036
0.000000 -0.981028 -0.193865
0.000000 -0.969321 -0.245797
0.000000 -0.979505 -0.201419
0.000000 -0.981029 -0.193863
0.000000 0.630993 0.775788
0.000000 0.617212 0.786797
0.000000 0.630992 0.775789
0.000000 0.631052 0.775740
0.000000 0.630991 0.775790
0.000000 0.617297 0.786730
1.000000 0.000000 0.000000
1.000000 0.000000 0.000000
1.000000 0.000000 0.000000
1.000000 0.000000 0.000000
1.000000 0.000000 0.000000
1.000000 0.000000 0.000000
0.000000 0.198255 0.980150
0.000000 0.180937 0.983495
0.000000 0.198255 0.980151
0.000000 0.198331 0.980135
0.000000 0.198330 0.980135
0.000000 0.181048 0.983474
1.000000 0.000000 0.000000
1.000000 0.000000 0.000000
1.000000 0.000000 0.000000
1.000000 0.000000 0.000000
1.000000 0.000000 0.000000
1.000000 0.000000 0.000000
0.000000 0.766044 0.642788
0.000000 0.766044 0.642788
0.000000 0.766044 0.642788
0.000000 0.766044 0.642788
0.000000 0.766044 0.642788
0.000000 0.766044 0.642788
0.000000 0.766044 0.642788
0.000000 1.000000 0.000000
0.000000 1.000000 0.000000
0.000000 1.000000 0.000000
0.000000 1.000000 0.000000
0.000000 1.000000 0.000000
0.000000 1.000000 0.000000
0.000000 1.000000 0.000000
0.000000 1.000000 0.000000
0.000000 1.000000 0.000000
0.000000 1.000000 0.000000
0.000000 1.000000 0.000000
0.000000 1.000000 0.000000
0.000000 1.000000 0.000000
0.000000 1.000000 0.000000
0.000000 1.000000 0.000000
0.000000 1.000000 0.000000
0.000000 1.000000 0.000000
0.000000 1.000000 0.000000
0.000000 1.000000 0.000000
0.000000 1.000000 0.000000
0.000000 1.000000 0.000000
0.000000 1.000000 0.000000
0.000000 1.000000 0.000000
0.000000 1.000000 0.000000
0.000000 1.000000 0.000000
0.000000 1.000000 0.000000
0.000000 1.000000 0.000000
0.000000 1.000000 0.000000
0.000000 1.000000 0.000000
0.000000 1.000000 0.000000
0.000000 1.000000 0.000000
0.000000 1.000000 0.000000
0.000000 1.000000 0.000000
0.000000 1.000000 0.000000
0.000000 1.000000 0.000000
0.000000 1.000000 0.000000
0.000000 1.000000 0.000000
0.000000 1.000000 0.000000
0.000000 1.000000 0.000000
0.000000 1.000000 0.000000
0.000000 1.000000 0.000000
0.000000 1.000000 0.000000
0.000000 1.000000 0.000000
0.000000 1.000000 0.000000
0.000000 1.000000 0.000000
0.000000 1.000000 0.000000
0.000000 1.000000 0.000000
0.000000 1.000000 0.000000
0.000000 1.000000 0.000000
0.000000 1.000000 0.000000
0.000000 1.000000 0.000000
0.000000 1.000000 0.000000
0.000000 1.000000 0.000000
0.000000 1.000000 0.000000
0.000000 1.000000 0.000000
0.000000 1.000000 0.000000
0.000000 1.000000 0.000000
0.000000 1.000000 0.000000
0.000000 1.000000 0.000000
0.000000 1.000000 0.000000
0.000000 1.000000 0.000000
0.000000 1.000000 0.000000
0.000000 1.000000 0.000000
0.000000 1.000000 0.000000
0.000000 1.000000 0.000000
0.000000 1.000000 0.000000
0.000000 1.000000 0.000000
0.000000 1.000000 0.000000
0.000000 1.000000 0.000000
0.000000 -0.766044 -0.642788
0.000000 -0.766044 -0.642788
0.000000 -0.766044 -0.642788
0.000000 -0.766044 -0.642788
0.000000 -0.766044 -0.642788
0.000000 -0.766044 -0.642788
0.000000 -0.766044 -0.642788
0.000000 -1.000000 0.000000
0.000000 -1.000000 0.000000
0.000000 -1.000000 0.000000
0.000000 -1.000000 0.000000
0.000000 -1.000000 0.000000
0.000000 -1.000000 0.000000
0.000000 -1.000000 0.000000
0.000000 -1.000000 0.000000
0.000000 -1.000000 0.000000
0.000000 -1.000000 0.000000
0.000000 -1.000000 0.000000
0.000000 -1.000000 0.000000
0.000000 -1.000000 0.000000
0.000000 -1.000000 0.000000
0.000000 -1.000000 0.000000
0.000000 -1.000000 0.000000
0.000000 -1.000000 0.000000
0.000000 -1.000000 0.000000
0.000000 -1.000000 0.000000
0.000000 -1.000000 0.000000
0.000000 -1.000000 0.000000
0.000000 -1.000000 0.000000
0.000000 -1.000000 0.000000
0.000000 -1.000000 0.000000
0.000000 -1.000000 0.000000
0.000000 -1.000000 0.000000
0.000000 -1.000000 0.000000
0.000000 -1.000000 0.000000
0.000000 -1.000000 0.000000
0.000000 -1.000000 0.000000
0.000000 -1.000000 0.000000
0.000000 -1.000000 0.000000
0.000000 -1.000000 0.000000
0.000000 -1.000000 0.000000
0.000000 -1.000000 0.000000
0.000000 -1.000000 0.000000
0.000000 -1.000000 0.000000
0.000000 -1.000000 0.000000
0.000000 -1.000000 0.000000
0.000000 -1.000000 0.000000
0.000000 -1.000000 0.000000
0.000000 -1.000000 0.000000
0.000000 -1.000000 0.000000
0.000000 -1.000000 0.000000
0.000000 -1.000000 0.000000
0.000000 -1.000000 0.000000
0.000000 -1.000000 0.000000
0.000000 -1.000000 0.000000
0.000000 -1.000000 0.000000
0.000000 -1.000000 0.000000
0.000000 -1.000000 0.000000
0.000000 -1.000000 0.000000
0.000000 -1.000000 0.000000
0.000000 -1.000000 0.000000
0.000000 -1.000000 0.000000
0.000000 -1.000000 0.000000
0.000000 -1.000000 0.000000
0.000000 -1.000000 0.000000
0.000000 -1.000000 0.000000
0.000000 -1.000000 0.000000
0.000000 -1.000000 0.000000
0.000000 -1.000000 0.000000
0.000000 -1.000000 0.000000
0.000000 0.866740 0.498761
0.000000 0.887872 0.460090
0.000000 0.862872 0.505423
0.000000 0.888540 0.458799
0.000000 0.866739 0.498763
0.000000 0.865819 0.500357
0.000000 -0.722194 0.691690
0.000000 -0.752576 0.658506
0.000000 -0.716846 0.697232
0.000000 -0.752925 0.658106
0.000000 -0.722194 0.691690
0.000000 -0.716844 0.697234
0.000000 -0.798234 0.602348
0.000000 -0.787478 0.616343
0.000000 -0.798234 0.602348
0.000000 -0.798280 0.602286
0.000000 -0.798280 0.602286
0.000000 -0.787549 0.616252
0.000000 -0.986735 0.162339
0.000000 -0.983717 0.179726
0.000000 -0.986735 0.162339
0.000000 -0.986748 0.162263
0.000000 -0.986748 0.162263
0.000000 -0.983737 0.179614
0.000000 -0.960917 0.276838
0.000000 -0.972337 0.233583
0.000000 -0.958755 0.284233
0.000000 -0.972520 0.232821
0.000000 -0.960917 0.276838
0.000000 -0.958755 0.284235
0.000000 0.535666 0.844430
0.000000 0.572353 0.820008
0.000000 0.529141 0.848534
0.000000 0.573550 0.819171
0.000000 0.535667 0.844429
0.000000 0.529140 0.848535
0.000000 -0.949131 -0.314881
0.000000 -0.954539 -0.298087
0.000000 -0.949131 -0.314881
0.000000 -0.949107 -0.314955
0.000000 -0.949107 -0.314955
0.000000 -0.954505 -0.298196
0.000000 1.000000 0.000000
0.000000 1.000000 0.000000
0.000000 1.000000 0.000000
0.000000 1.000000 0.000000
0.000000 1.000000 0.000000
0.000000 1.000000 0.000000
0.000000 1.000000 0.000000
0.000000 1.000000 0.000000
0.000000 1.000000 0.000000
0.000000 1.000000 0.000000
0.000000 1.000000 0.000000
0.000000 1.000000 0.000000
0.000000 1.000000 0.000000
0.000000 1.000000 0.000000
0.000000 1.000000 0.000000
0.000000 1.000000 0.000000
0.000000 1.000000 0.000000
0.000000 1.000000 0.000000
0.000000 1.000000 0.000000
0.000000 1.000000 0.000000
0.000000 0.933117 0.359574
0.000000 0.933079 -0.359670
0.000000 0.481090 0.876671
0.000000 0.481072 -0.876681
-1.000000 0.000000 0.000000
-1.000000 0.000000 0.000000
-1.000000 0.000000 0.000000
-1.000000 0.000000 0.000000
-1.000000 0.000000 0.000000
-1.000000 0.000000 0.000000
-1.000000 0.000000 0.000000
-1.000000 0.000000 0.000000
-1.000000 0.000000 0.000000
-1.000000 0.000000 0.000000
-1.000000 0.000000 0.000000
-1.000000 0.000000 0.000000
-1.000000 0.000000 0.000000
-1.000000 0.000000 0.000000
-1.000000 0.000000 0.000000
-1.000000 0.000000 0.000000
-1.000000 0.000000 0.000000
-1.000000 0.000000 0.000000
-1.000000 0.000000 0.000000
-1.000000 0.000000 0.000000
-1.000000 0.000000 0.000000
-1.000000 0.000000 0.000000
-1.000000 0.000000 0.000000
-1.000000 0.000000 0.000000
-1.000000 0.000000 0.000000
-1.000000 0.000000 0.000000
-1.000000 0.000000 0.000000
-1.000000 0.000000 0.000000
-1.000000 0.000000 0.000000
-1.000000 0.000000 0.000000
-1.000000 0.000000 0.000000
0.000000 0.000000 -1.000000
0.000000 0.000000 -1.000000
0.000000 0.000000 -1.000000
0.000000 0.000000 -1.000000
0.000000 0.000000 -1.000000
0.000000 0.000000 -1.000000
0.000000 0.000000 -1.000000
0.000000 0.000000 -1.000000
0.000000 0.000000 -1.000000
0.000000 0.000000 -1.000000
0.000000 0.000000 -1.000000
0.000000 0.000000 -1.000000
0.000000 0.000000 -1.000000
0.000000 0.000000 -1.000000
1.000000 0.000000 0.000000
1.000000 0.000000 0.000000
1.000000 0.000000 0.000000
1.000000 0.000000 0.000000
1.000000 0.000000 0.000000
1.000000 0.000000 0.000000
0.000000 -0.933117 -0.359574
0.000000 -0.933079 0.359670
0.000000 -0.481090 -0.876671
0.000000 -0.481072 0.876681
0.000000 0.158992 0.987280
0.000000 0.114677 0.993403
0.000000 0.166595 0.986025
0.000000 0.113899 0.993492
0.000000 0.158992 0.987280
0.000000 0.166597 0.986025
0.000000 0.846278 -0.532742
0.000000 0.855540 -0.517737
0.000000 0.846279 -0.532740
0.000000 0.846239 -0.532803
0.000000 0.846241 -0.532801
0.000000 0.855494 -0.517813
0.000000 -0.426849 0.904323
0.000000 -0.410819 0.911717
0.000000 -0.426849 0.904323
0.000000 -0.426919 0.904290
0.000000 -0.426919 0.904290
0.000000 -0.410924 0.911670
0.000000 0.999246 0.038836
0.000000 0.999986 -0.005225
0.000000 0.998917 0.046533
0.000000 0.999978 -0.006679
0.000000 0.999246 0.038839
0.000000 0.999172 0.040678
1.000000 0.000000 0.000000
1.000000 0.000000 0.000000
1.000000 0.000000 0.000000
1.000000 0.000000 0.000000
1.000000 0.000000 0.000000
1.000000 0.000000 0.000000
0.000000 0.672942 0.739695
0.000000 0.446131 0.894968
0.000000 0.632691 0.774405
0.000000 0.394361 0.918956
1.000000 0.000000 0.000000
1.000000 0.000000 0.000000
1.000000 0.000000 0.000000
-0.647730 -0.113335 0.753393
-0.339559 -0.112703 0.933808
-0.672529 -0.126202 0.729231
-0.460340 -0.097074 0.882419
-1.000000 0.000000 0.000000
-1.000000 0.000000 0.000000
-1.000000 0.000000 0.000000
-1.000000 0.000000 0.000000
-0.642937 -0.599966 -0.476103
-0.336535 -0.753605 -0.564645
-0.668842 -0.571766 -0.475116
-0.456154 -0.717904 -0.525868
0.000000 0.988251 0.152838
0.000000 0.964626 -0.263624
0.000000 0.617833 0.786309
0.000000 0.690957 0.722896
0.000000 0.561924 -0.827189
0.000000 0.576818 -0.816873
0.000000 0.649557 0.760313
0.000000 0.911444 0.411424
0.000000 0.566214 -0.824258
0.000000 0.738836 -0.673886
0.000000 0.873401 -0.487002
0.000000 0.988350 -0.152199
0.000000 0.867123 0.498095
0.000000 0.732203 0.681086
0.000000 0.993002 0.118099
0.000000 0.966231 0.257677
0.000000 0.875797 0.482680
0.000000 0.999206 -0.039838
0.000000 0.926386 0.376576
0.000000 0.774587 0.632468
0.000000 0.768508 0.639840
0.000000 0.849286 0.527933
0.000000 0.615696 -0.787984
0.000000 0.380020 -0.924978
0.000000 0.572046 -0.820222
0.000000 0.942047 -0.335482
0.000000 0.945002 -0.327066
0.000000 0.943544 0.331248
0.000000 0.960883 0.276954
0.000000 0.937348 -0.348395
0.000000 0.834262 0.551369
0.000000 0.954686 0.297613
0.000000 0.678898 0.734233
0.000000 0.643838 0.765162
0.000000 0.981991 0.188929
0.000000 0.575399 -0.817873
0.000000 0.246037 -0.969260
0.000000 0.937789 -0.347205
0.000000 0.935857 -0.352381
0.000000 0.972747 0.231868
0.000000 0.824082 0.566470
0.000000 0.350552 0.936543
0.000000 0.583036 0.812447
0.000000 0.906348 0.422532
0.000000 0.551364 0.834265
0.000000 0.327507 -0.944849
0.000000 0.990071 0.140569
0.000000 0.911688 0.410884
0.000000 0.589128 0.808040
0.000000 0.883737 -0.467984
0.000000 0.893771 0.448523
0.000000 0.586921 0.809644
0.000000 0.182708 -0.983167
0.000000 0.955922 0.293619
0.000000 0.513041 0.858364
0.000000 0.983703 0.179802
0.000000 0.505371 -0.862902
0.000000 0.408881 0.912588
0.000000 0.999784 -0.020772
0.000000 0.910630 0.413222
0.000000 0.971982 0.235053
0.000000 0.794838 0.606821
0.000000 0.997718 0.067525
0.000000 0.933075 0.359683
0.000000 0.995215 0.097705
0.000000 0.828728 0.559651
0.000000 0.819032 0.573747
-0.642994 0.712174 -0.281720
-0.336567 0.865696 -0.370530
-0.669057 0.697077 -0.257773
-0.456157 0.814267 -0.359012
-1.000000 0.000000 0.000000
-1.000000 0.000000 0.000000
-1.000000 0.000000 0.000000
-1.000000 0.000000 0.000000
