24.910000 -0.152823 1.150000
24.910000 -0.152823 -1.150000
24.910000 -0.152823 -0.705000
24.910000 -0.152823 0.705000
24.910000 -0.652823 1.150000
24.910000 -0.652823 -1.150000
25.354345 -0.259567 -0.107501
25.213049 -0.203054 -0.103544
25.244520 -0.652823 -0.135000
25.559063 -0.652823 -0.135000
25.056021 1.106512 0.571646
24.763987 0.981543 -0.571621
25.056019 1.137752 0.571645
24.763981 1.012750 -0.571643
24.763998 0.731509 -0.571603
25.056011 0.856602 0.571627
25.056017 0.887750 0.571635
24.763981 0.762749 -0.571645
25.056026 0.606532 0.571664
24.763990 0.481450 -0.571596
25.056021 0.637747 0.571648
24.763979 0.512727 -0.571652
24.697258 0.236269 -0.550335
24.697344 0.267660 -0.550132
25.056019 0.356487 0.571627
25.056007 0.387679 0.571626
25.415001 0.047177 0.000000
25.415001 0.147177 0.000000
24.910000 0.047177 -0.505000
24.405172 0.047004 -0.000000
24.405001 0.147177 -0.000000
25.286566 0.147182 -0.336503
24.869066 0.147184 -0.425516
24.650000 0.147177 0.432932
24.484404 0.147176 0.039746
25.227671 0.551696 0.286027
25.227631 0.489327 0.285998
25.473850 0.147177 0.173705
25.186445 0.147178 0.521226
24.910000 0.047177 0.505000
24.910000 -0.252829 0.440842
24.910000 -0.070764 0.000000
24.910000 -0.262192 -0.452122
25.017504 -0.259535 -0.444359
25.013552 -0.202988 -0.303077
25.354153 -0.259567 0.107454
25.213051 -0.203054 0.103544
25.013552 -0.202987 0.303075
25.017504 -0.259535 0.444359
24.775000 -0.652823 0.334520
24.575480 -0.652823 0.135000
24.606951 -0.203054 0.103544
24.806448 -0.202988 0.303077
24.260939 -0.652823 -0.135000
24.260939 -0.652823 0.135000
24.465847 -0.259567 -0.107454
24.465847 -0.259567 0.107454
24.575480 -0.652823 -0.135000
24.606949 -0.203054 -0.103544
25.348442 0.629944 0.394777
25.302639 1.347178 -0.169220
24.917391 1.347177 0.589954
24.832745 1.226910 -0.584937
25.348461 0.411110 0.394785
24.741333 1.347179 -0.392683
24.499504 1.347177 0.423784
24.832750 1.257995 -0.584930
25.045000 -0.652823 -0.334520
25.045000 -0.652823 -0.649062
24.775000 -0.652823 -0.649062
24.775000 -0.652823 -0.334520
24.775000 -0.652823 0.649062
25.045000 -0.652823 0.649062
25.045000 -0.652823 0.334520
25.244520 -0.652823 0.135000
25.559063 -0.652823 0.135000
24.802496 -0.259535 -0.444359
24.806448 -0.202987 -0.303075
24.802496 -0.259535 0.444359
24.812479 -0.152823 1.145825
24.715662 -0.152823 1.133391
24.620239 -0.152823 1.112835
24.526894 -0.152823 1.084294
24.436317 -0.152823 1.047908
24.349176 -0.152823 1.003924
24.266069 -0.152823 0.952727
24.187572 -0.152823 0.894705
24.114271 -0.152823 0.830247
24.046743 -0.152823 0.759764
23.985455 -0.152823 0.683792
23.930798 -0.152823 0.602918
23.883158 -0.152823 0.517720
23.842928 -0.152823 0.428785
23.810446 -0.152823 0.336737
23.785881 -0.152823 0.242267
23.769369 -0.152823 0.146062
23.761047 -0.152823 0.048805
23.761047 -0.152823 -0.048805
23.769369 -0.152823 -0.146062
23.785881 -0.152823 -0.242267
23.810446 -0.152823 -0.336737
23.842928 -0.152823 -0.428785
23.883158 -0.152823 -0.517720
23.930798 -0.152823 -0.602918
23.985455 -0.152823 -0.683792
24.046743 -0.152823 -0.759764
24.114271 -0.152823 -0.830247
24.187572 -0.152823 -0.894705
24.266069 -0.152823 -0.952727
24.349176 -0.152823 -1.003924
24.436317 -0.152823 -1.047908
24.526894 -0.152823 -1.084294
24.620239 -0.152823 -1.112835
24.715662 -0.152823 -1.133391
24.812479 -0.152823 -1.145825
25.007523 -0.152823 -1.145825
25.104338 -0.152823 -1.133391
25.199762 -0.152823 -1.112835
25.293108 -0.152823 -1.084294
25.383682 -0.152823 -1.047908
25.470823 -0.152823 -1.003924
25.553932 -0.152823 -0.952727
25.632427 -0.152823 -0.894705
25.705729 -0.152823 -0.830247
25.773256 -0.152823 -0.759764
25.834545 -0.152823 -0.683792
25.889202 -0.152823 -0.602918
25.936842 -0.152823 -0.517720
25.977072 -0.152823 -0.428785
26.009554 -0.152823 -0.336737
26.034121 -0.152823 -0.242267
26.050632 -0.152823 -0.146062
26.058954 -0.152823 -0.048805
26.058954 -0.152823 0.048805
26.050632 -0.152823 0.146062
26.034121 -0.152823 0.242267
26.009554 -0.152823 0.336737
25.977072 -0.152823 0.428785
25.936842 -0.152823 0.517720
25.889202 -0.152823 0.602918
25.834545 -0.152823 0.683792
25.773256 -0.152823 0.759764
25.705729 -0.152823 0.830247
25.632427 -0.152823 0.894705
25.553932 -0.152823 0.952727
25.470823 -0.152823 1.003924
25.383682 -0.152823 1.047908
25.293108 -0.152823 1.084294
25.199762 -0.152823 1.112835
25.104338 -0.152823 1.133391
25.007523 -0.152823 1.145825
24.813955 -0.152823 -0.698522
24.719654 -0.152823 -0.679193
24.628838 -0.152823 -0.647278
24.543236 -0.152823 -0.603251
24.464520 -0.152823 -0.547850
24.394222 -0.152823 -0.482092
24.333691 -0.152823 -0.407248
24.284029 -0.152823 -0.324788
24.246090 -0.152823 -0.236319
24.220478 -0.152823 -0.143527
24.207581 -0.152823 -0.048132
24.207581 -0.152823 0.048132
24.220478 -0.152823 0.143527
24.246090 -0.152823 0.236319
24.284029 -0.152823 0.324788
24.333691 -0.152823 0.407248
24.394222 -0.152823 0.482092
24.464520 -0.152823 0.547850
24.543236 -0.152823 0.603251
24.628838 -0.152823 0.647278
24.719654 -0.152823 0.679193
24.813955 -0.152823 0.698522
25.006044 -0.152823 0.698522
25.100346 -0.152823 0.679193
25.191162 -0.152823 0.647278
25.276764 -0.152823 0.603251
25.355480 -0.152823 0.547850
25.425777 -0.152823 0.482092
25.486309 -0.152823 0.407248
25.535971 -0.152823 0.324788
25.573910 -0.152823 0.236319
25.599522 -0.152823 0.143527
25.612419 -0.152823 0.048132
25.612419 -0.152823 -0.048132
25.599522 -0.152823 -0.143527
25.573910 -0.152823 -0.236319
25.535971 -0.152823 -0.324788
25.486309 -0.152823 -0.407248
25.425777 -0.152823 -0.482092
25.355480 -0.152823 -0.547850
25.276764 -0.152823 -0.603251
25.191162 -0.152823 -0.647278
25.100346 -0.152823 -0.679193
25.006044 -0.152823 -0.698522
24.910000 -0.252823 1.150000
24.910000 -0.352823 1.150000
24.910000 -0.452823 1.150000
24.910000 -0.552823 1.150000
25.007544 -0.652823 -1.145949
25.104389 -0.652823 -1.133644
25.199816 -0.652823 -1.113041
25.293129 -0.652823 -1.084340
25.383720 -0.652823 -1.047947
25.470955 -0.652823 -1.004118
25.554110 -0.652823 -0.952972
25.632540 -0.652823 -0.894841
25.705751 -0.652823 -0.830256
25.773365 -0.652823 -0.759832
25.834789 -0.652823 -0.683952
25.889446 -0.652823 -0.603061
25.936945 -0.652823 -0.517769
25.977110 -0.652823 -0.428787
26.009756 -0.652823 -0.336780
26.034433 -0.652823 -0.242325
26.050863 -0.652823 -0.146092
26.059010 -0.652823 -0.048806
26.059042 -0.652823 0.048822
26.050896 -0.652823 0.146107
26.034422 -0.652823 0.242332
26.009712 -0.652823 0.336779
25.977095 -0.652823 0.428796
25.936975 -0.652823 0.517799
25.889460 -0.652823 0.603080
25.834763 -0.652823 0.683945
25.773327 -0.652823 0.759815
25.705755 -0.652823 0.830281
25.632557 -0.652823 0.894879
25.554104 -0.652823 0.952980
25.470926 -0.652823 1.004091
25.383696 -0.652823 1.047928
25.293131 -0.652823 1.084386
25.199825 -0.652823 1.113107
25.104395 -0.652823 1.133692
25.007544 -0.652823 1.145965
24.910000 -0.252823 -1.150000
24.910000 -0.352823 -1.150000
24.910000 -0.452823 -1.150000
24.910000 -0.552823 -1.150000
25.283697 -0.231310 -0.105525
25.238226 -0.562869 -0.128709
25.231932 -0.472915 -0.122418
25.225637 -0.382961 -0.116126
25.219343 -0.293008 -0.109835
25.323156 -0.652823 -0.135000
25.401791 -0.652823 -0.135000
25.480427 -0.652823 -0.135000
25.518120 -0.574172 -0.129500
25.477177 -0.495521 -0.124000
25.436232 -0.416869 -0.118501
25.395288 -0.338218 -0.113001
24.959988 1.099932 0.587710
24.862612 1.093358 0.587669
24.766518 1.086787 0.571909
24.674261 1.080212 0.540763
24.588539 1.073634 0.494596
24.511808 1.067056 0.434649
24.445839 1.060481 0.363021
24.392233 1.053905 0.281727
24.352619 1.047326 0.192779
24.328611 1.040752 0.098422
24.320744 1.034174 0.001367
24.328709 1.027596 -0.095684
24.352161 1.021017 -0.190195
24.390741 1.014440 -0.279596
24.443878 1.007866 -0.361182
24.509926 1.001287 -0.432730
24.586695 0.994711 -0.492637
24.672091 0.988135 -0.539433
24.672010 1.019327 -0.539615
24.586594 1.025907 -0.492815
24.509838 1.032484 -0.432855
24.443781 1.039064 -0.361285
24.390547 1.045643 -0.279735
24.351892 1.052224 -0.190345
24.328413 1.058803 -0.095819
24.320444 1.065380 0.001253
24.328344 1.071961 0.098326
24.352423 1.078540 0.192688
24.392042 1.085121 0.281658
24.445612 1.091698 0.363000
24.511568 1.098276 0.434668
24.588350 1.104857 0.494582
24.674152 1.111437 0.540648
24.766441 1.118017 0.571764
24.862555 1.124594 0.587543
24.959951 1.131173 0.587631
24.763981 0.997147 -0.571645
24.959936 0.850041 0.587676
24.862524 0.843459 0.587561
24.766403 0.836880 0.571729
24.674088 0.830300 0.540626
24.588188 0.823719 0.494704
24.511326 0.817138 0.434868
24.445356 0.810561 0.363192
24.391804 0.803986 0.281816
24.352211 0.797406 0.192815
24.328157 0.790823 0.098429
24.320251 0.784243 0.001340
24.328194 0.777666 -0.095752
24.351671 0.771088 -0.190295
24.390402 0.764507 -0.279670
24.443752 0.757927 -0.361165
24.509846 0.751345 -0.432727
24.586603 0.744764 -0.492712
24.672026 0.738182 -0.539535
25.056019 0.872176 0.571645
24.671877 0.769320 -0.539821
24.586273 0.775899 -0.493267
24.509508 0.782478 -0.433245
24.443642 0.789057 -0.361434
24.390539 0.795636 -0.279729
24.351551 0.802215 -0.190423
24.327852 0.808794 -0.095905
24.319990 0.815373 0.001223
24.328243 0.821952 0.098316
24.352367 0.828530 0.192728
24.391676 0.835110 0.281892
24.445166 0.841689 0.363343
24.511288 0.848267 0.434921
24.588327 0.854847 0.494589
24.674114 0.861425 0.540809
24.766346 0.868005 0.572248
24.862497 0.874583 0.588085
24.959940 0.881162 0.587900
24.763981 0.747129 -0.571645
24.959961 0.599937 0.587630
24.862568 0.593357 0.587544
24.766457 0.586778 0.571777
24.674168 0.580196 0.540668
24.588373 0.573614 0.494596
24.511599 0.567032 0.434679
24.445644 0.560452 0.363014
24.392071 0.553873 0.281677
24.352448 0.547289 0.192713
24.328371 0.540708 0.098355
24.320473 0.534126 0.001286
24.328444 0.527546 -0.095783
24.351921 0.520966 -0.190305
24.390570 0.514382 -0.279694
24.443798 0.507801 -0.361243
24.509857 0.501219 -0.432807
24.586615 0.494639 -0.492759
24.672028 0.488057 -0.539554
25.056021 0.622139 0.571645
24.671888 0.519323 -0.539807
24.586279 0.525901 -0.493261
24.509506 0.532481 -0.433253
24.443666 0.539059 -0.361415
24.390516 0.545639 -0.279743
24.351587 0.552218 -0.190413
24.327831 0.558796 -0.095909
24.320013 0.565376 0.001220
24.328245 0.571954 0.098317
24.352364 0.578534 0.192726
24.391701 0.585112 0.281879
24.445147 0.591691 0.363357
24.511314 0.598270 0.434892
24.588314 0.604849 0.494611
24.674124 0.611428 0.540784
24.766348 0.618007 0.572253
24.862495 0.624586 0.588082
24.959940 0.631165 0.587877
24.763979 0.497088 -0.571645
24.697269 0.251965 -0.550314
24.958422 0.349812 0.587741
24.859499 0.343132 0.587311
24.761978 0.336454 0.570695
24.668535 0.329773 0.538229
24.581993 0.323092 0.490334
24.504875 0.316411 0.428382
24.439035 0.309732 0.354546
24.386169 0.303053 0.270933
24.348013 0.296373 0.179672
24.326103 0.289692 0.083213
24.320675 0.283012 -0.015562
24.331501 0.276334 -0.113894
24.358376 0.269654 -0.209095
24.401028 0.262974 -0.298339
24.458284 0.256293 -0.379005
24.528086 0.249615 -0.449106
24.608419 0.242936 -0.506835
25.056021 0.372083 0.571645
24.608570 0.274236 -0.506528
24.528280 0.280912 -0.448778
24.458504 0.287587 -0.378684
24.401234 0.294263 -0.298057
24.358513 0.300936 -0.208871
24.331625 0.307611 -0.113699
24.320824 0.314283 -0.015388
24.326256 0.320957 0.083364
24.348099 0.327633 0.179816
24.386179 0.334309 0.271081
24.439030 0.340981 0.354677
24.504883 0.347652 0.428468
24.582027 0.354325 0.490349
24.668592 0.360997 0.538157
24.762024 0.367671 0.570583
24.859522 0.374344 0.587201
24.958422 0.381017 0.587668
25.405033 0.047177 -0.098437
25.376102 0.047177 -0.193066
25.329647 0.047177 -0.280436
25.267090 0.047177 -0.357089
25.190435 0.047177 -0.419646
25.103065 0.047177 -0.466102
25.008436 0.047177 -0.495033
24.811563 0.047155 -0.495033
24.716934 0.047134 -0.466102
24.629564 0.047112 -0.419646
24.552912 0.047091 -0.357089
24.490353 0.047069 -0.280436
24.443899 0.047048 -0.193066
24.414967 0.047026 -0.098437
24.405001 0.097091 -0.000000
24.413792 0.147177 -0.093142
24.439528 0.147178 -0.183095
24.481264 0.147178 -0.266827
24.537899 0.147179 -0.341290
24.607313 0.147179 -0.404022
24.687002 0.147179 -0.453045
24.774403 0.147180 -0.486407
24.866489 0.147180 -0.502951
24.960049 0.147181 -0.502427
25.051895 0.147181 -0.484641
25.138811 0.147181 -0.450016
25.217939 0.147182 -0.400090
25.341339 0.147180 -0.262656
25.381804 0.147178 -0.180093
25.406631 0.147177 -0.091564
25.212826 0.147186 -0.385713
25.131392 0.147186 -0.420736
25.044828 0.147186 -0.439780
24.956219 0.147187 -0.441548
24.579866 0.147177 0.382160
24.519442 0.147177 0.320148
24.470497 0.147177 0.248726
24.434471 0.147177 0.169994
24.412422 0.147177 0.086265
24.485044 0.147189 0.128302
24.503342 0.147190 0.214958
24.538317 0.147187 0.296333
24.587919 0.147183 0.369733
24.775721 0.147183 -0.405430
24.689045 0.147182 -0.365352
24.613188 0.147181 -0.307358
24.552357 0.147179 -0.233780
24.509657 0.147178 -0.148372
24.486580 0.147177 -0.055710
24.772758 0.156380 -0.404713
24.683687 0.165573 -0.362566
24.606642 0.174767 -0.301158
24.545885 0.183960 -0.223583
24.504230 0.193153 -0.134281
24.484228 0.202347 -0.037810
24.487003 0.211541 0.060688
24.512020 0.220734 0.155994
24.558395 0.229926 0.242925
24.623394 0.239119 0.316985
24.703518 0.248313 0.374328
24.794771 0.257508 0.411493
24.892086 0.266700 0.426975
24.990355 0.275893 0.419846
25.084312 0.285087 0.390163
25.169098 0.294280 0.339956
25.240028 0.303473 0.271575
25.293350 0.312666 0.188711
25.326559 0.321860 0.095940
25.337389 0.331055 -0.001987
25.325514 0.340248 -0.099808
25.291739 0.349440 -0.192369
25.237434 0.358633 -0.274585
25.165876 0.367826 -0.342330
25.080725 0.377021 -0.391890
24.986403 0.386215 -0.420393
24.888075 0.395408 -0.426834
24.790913 0.404601 -0.410507
24.700113 0.413795 -0.372230
24.620356 0.422988 -0.314373
24.556164 0.432182 -0.239628
24.510712 0.441374 -0.152197
24.486292 0.450569 -0.056741
24.484711 0.459763 0.041776
24.505568 0.468956 0.138083
24.547853 0.478149 0.227073
24.609577 0.487342 0.303881
24.687096 0.496536 0.364711
24.776537 0.505730 0.406027
24.873096 0.514923 0.425672
24.971596 0.524117 0.422985
25.066792 0.533311 0.397587
25.153658 0.542504 0.351068
24.505032 0.156427 0.136682
24.547436 0.165677 0.226270
24.609312 0.174922 0.303696
24.687300 0.184174 0.364865
24.777342 0.193421 0.406272
24.874483 0.202664 0.425987
24.973536 0.211916 0.422817
25.069138 0.221160 0.396651
25.156311 0.230403 0.349480
25.230120 0.239655 0.283348
25.286665 0.248897 0.201939
25.323160 0.258139 0.109793
25.337200 0.267364 0.011674
25.328493 0.276615 -0.087056
25.297153 0.285885 -0.181082
25.245056 0.295141 -0.265397
25.174871 0.304384 -0.335385
25.090584 0.313633 -0.387534
24.996468 0.322882 -0.418581
24.897728 0.332123 -0.427288
24.799641 0.341373 -0.413120
24.707573 0.350619 -0.376418
24.626245 0.359861 -0.319752
24.560270 0.369113 -0.245804
24.513157 0.378359 -0.158597
24.487232 0.387604 -0.062938
24.484140 0.396858 0.036128
24.503931 0.406103 0.133243
24.545504 0.415351 0.223222
24.606646 0.424603 0.301220
24.684240 0.433845 0.362896
24.773813 0.443091 0.405328
24.870811 0.452342 0.425656
24.969902 0.461582 0.423189
25.065807 0.470831 0.398196
25.153210 0.480083 0.351460
25.227663 0.520511 0.286027
25.481152 0.147178 0.079218
25.472773 0.147180 -0.015176
25.448641 0.147181 -0.106810
25.408817 0.147182 -0.192783
25.354309 0.147184 -0.270280
25.264477 0.147178 0.471641
25.333803 0.147177 0.410475
25.392723 0.147177 0.339230
25.439791 0.147177 0.259655
24.727789 0.147178 0.487047
24.814173 0.147177 0.526038
24.906097 0.147177 0.549115
25.000656 0.147177 0.555635
25.094967 0.147178 0.546085
25.405640 0.147177 0.096329
25.378176 0.147177 0.189137
25.333538 0.147177 0.275009
25.273224 0.147177 0.350703
25.199675 0.147177 0.413615
25.115448 0.147177 0.461281
25.023647 0.147177 0.491944
24.927704 0.147177 0.504679
24.831106 0.147177 0.498735
24.737404 0.147177 0.474497
24.910000 -0.086156 0.638333
24.910000 -0.019490 0.571667
24.414967 0.047026 0.098437
24.443899 0.047048 0.193066
24.490353 0.047069 0.280436
24.552912 0.047091 0.357089
24.629564 0.047112 0.419646
24.716934 0.047134 0.466102
24.811563 0.047155 0.495033
24.910000 -0.086156 -0.638333
24.910000 -0.019490 -0.571667
24.910000 -0.215259 0.349873
24.910000 -0.177690 0.258905
24.910000 -0.145603 0.181213
24.910000 -0.122676 0.125699
24.910000 -0.106292 0.086026
24.910000 -0.094596 0.057706
24.910000 -0.080274 0.023028
24.910000 -0.086603 -0.038354
24.910000 -0.107373 -0.088645
24.910000 -0.124447 -0.129987
24.910000 -0.148440 -0.188085
24.910000 -0.182059 -0.269488
24.910000 -0.220114 -0.361635
24.963753 -0.262182 -0.445707
25.015522 -0.231262 -0.373718
25.137375 -0.173744 -0.115481
25.069122 -0.163044 -0.159133
25.025471 -0.173707 -0.227392
25.351297 -0.253709 0.035899
25.351311 -0.253737 -0.035951
25.283602 -0.231309 0.105525
25.025471 -0.173699 0.227390
25.069122 -0.163034 0.159130
25.137379 -0.173737 0.115479
25.015522 -0.231262 0.373717
24.963753 -0.256189 0.442587
24.759890 -0.652982 0.258109
24.716610 -0.653111 0.193389
24.651892 -0.652982 0.150111
24.581774 -0.562869 0.128709
24.588068 -0.472915 0.122418
24.594362 -0.382961 0.116126
24.600657 -0.293008 0.109835
24.682625 -0.173744 0.115481
24.750877 -0.163044 0.159133
24.794529 -0.173707 0.227392
24.800158 -0.292955 0.309366
24.793869 -0.382922 0.315655
24.787579 -0.472889 0.321943
24.781290 -0.562856 0.328232
24.260939 -0.652823 -0.045000
24.260939 -0.652823 0.045000
24.424866 -0.338216 -0.113001
24.383884 -0.416867 -0.118500
24.342901 -0.495519 -0.124000
24.301920 -0.574171 -0.129500
24.468721 -0.253675 -0.035918
24.468721 -0.253675 0.035918
24.424744 -0.338155 0.112963
24.383793 -0.416822 0.118472
24.342840 -0.495489 0.123982
24.301889 -0.574156 0.129491
24.536400 -0.231308 0.105525
24.339573 -0.652823 0.135000
24.418209 -0.652823 0.135000
24.496843 -0.652823 0.135000
24.339573 -0.652823 -0.135000
24.418209 -0.652823 -0.135000
24.496843 -0.652823 -0.135000
24.600655 -0.293008 -0.109835
24.594360 -0.382962 -0.116126
24.588068 -0.472916 -0.122418
24.581774 -0.562869 -0.128709
24.536398 -0.231309 -0.105525
25.288065 0.590801 0.340406
25.285965 0.624058 0.454746
25.215328 0.618212 0.504855
25.138136 0.612366 0.544123
24.860058 0.474895 -0.587553
24.957445 0.468318 -0.587468
25.053553 0.461742 -0.571701
25.145838 0.455162 -0.540594
25.231632 0.448584 -0.494529
25.308403 0.442005 -0.434616
25.374352 0.435428 -0.362952
25.427917 0.428851 -0.281616
25.467539 0.422272 -0.192655
25.491621 0.415694 -0.098302
25.499516 0.409115 -0.001237
25.491541 0.402539 0.095827
25.468060 0.395962 0.190344
25.429415 0.389382 0.279731
25.376196 0.382804 0.361280
25.310141 0.376225 0.432840
25.233385 0.369650 0.492788
25.147976 0.363072 0.539584
24.787420 0.230077 -0.577753
24.880871 0.223762 -0.589702
24.975046 0.217424 -0.586902
25.067560 0.211072 -0.569111
25.156040 0.204711 -0.536744
25.238304 0.198340 -0.490825
25.312078 0.191922 -0.432244
25.375326 0.185351 -0.362441
25.426678 0.178719 -0.283474
25.464825 0.172161 -0.197345
25.489077 0.165713 -0.106306
25.499104 0.159358 -0.012626
25.493086 0.153160 0.081373
25.284895 0.561009 0.205088
25.322041 0.570264 0.113172
25.337133 0.579511 0.015199
25.329018 0.588765 -0.083601
25.298561 0.598018 -0.177944
25.247103 0.607266 -0.262665
25.177462 0.616520 -0.333222
25.093542 0.625772 -0.385993
24.999649 0.635021 -0.417788
24.900963 0.644276 -0.427243
24.802765 0.653524 -0.413720
24.710371 0.662776 -0.377784
24.628614 0.672031 -0.321717
24.562122 0.681278 -0.248198
24.514311 0.690530 -0.161351
24.487652 0.699784 -0.065874
24.483984 0.709031 0.033192
24.503008 0.718284 0.130488
24.543985 0.727534 0.220743
24.604774 0.736782 0.299058
24.681791 0.746036 0.361477
24.771227 0.755284 0.404221
24.868097 0.764532 0.425313
24.967213 0.773786 0.423695
25.063206 0.783033 0.398946
25.151062 0.792281 0.353009
25.225916 0.801533 0.288035
25.283648 0.810779 0.207438
25.321569 0.820028 0.115842
25.337086 0.829279 0.017941
25.329693 0.838523 -0.080924
25.299957 0.847774 -0.175490
25.248905 0.857022 -0.260463
25.179836 0.866266 -0.331586
25.096279 0.875518 -0.384911
25.002575 0.884764 -0.417284
24.903969 0.894008 -0.427548
24.805691 0.903260 -0.414653
24.713041 0.912503 -0.379373
24.630835 0.921750 -0.323965
24.563841 0.931001 -0.250907
24.515390 0.940243 -0.164411
24.487951 0.949492 -0.069154
24.483553 0.958741 0.029879
24.501863 0.967983 0.127315
24.542036 0.977233 0.217934
24.602259 0.986480 0.296681
24.678801 0.995723 0.359688
24.767824 1.004974 0.403276
24.864548 1.014219 0.425024
24.963682 1.023464 0.424254
25.059891 1.032715 0.400391
25.148050 1.041959 0.355038
25.223557 1.051206 0.290808
25.281925 1.060457 0.210683
25.320498 1.069700 0.119352
25.337049 1.078950 0.021622
25.330359 1.088199 -0.077288
25.301388 1.097443 -0.172100
25.251200 1.106695 -0.257576
25.182615 1.115942 -0.329166
25.099554 1.125188 -0.383278
25.006147 1.134440 -0.416469
24.907614 1.143687 -0.427427
24.809210 1.152935 -0.415493
24.716288 1.162187 -0.380952
24.633661 1.171434 -0.326167
24.565990 1.180683 -0.253736
24.516869 1.189934 -0.167623
24.488682 1.199180 -0.072582
24.483423 1.208432 0.026408
24.500959 1.217683 0.123983
24.540455 1.226928 0.214901
24.599991 1.236181 0.294169
24.676039 1.245431 0.357767
24.764753 1.254678 0.401989
24.861279 1.263931 0.424602
24.960409 1.273178 0.424518
25.056803 1.282427 0.401376
25.145363 1.291680 0.356819
25.221231 1.300926 0.293025
25.280289 1.310176 0.213399
25.319613 1.319428 0.122398
25.336691 1.328673 0.024751
25.330944 1.337926 -0.074221
25.345900 1.347178 -0.088110
25.371265 1.347178 0.000263
25.378216 1.347178 0.091952
25.367411 1.347178 0.183282
25.339594 1.347178 0.270941
25.295948 1.347177 0.351905
25.238777 1.347177 0.423974
25.170143 1.347177 0.485226
25.092018 1.347177 0.533800
25.006945 1.347177 0.568831
24.818712 1.340493 0.582743
24.722651 1.333808 0.559006
24.631779 1.327126 0.519837
24.548567 1.320442 0.466291
24.475601 1.313758 0.399468
24.415174 1.307074 0.321116
24.368572 1.300395 0.233822
24.336893 1.293715 0.140078
24.321281 1.287030 0.042372
24.322659 1.280345 -0.056562
24.340586 1.273666 -0.153877
24.374229 1.266988 -0.246936
24.422819 1.260305 -0.333131
24.485443 1.253620 -0.409731
24.560118 1.246937 -0.474654
24.644438 1.240256 -0.526444
24.736109 1.233572 -0.563697
24.931549 1.220201 -0.589265
25.029709 1.213514 -0.577115
25.124563 1.206826 -0.549088
25.213476 1.200137 -0.505770
25.293682 1.193453 -0.447914
25.362885 1.186764 -0.377252
25.419489 1.180075 -0.296141
25.462065 1.173386 -0.206866
25.489174 1.166699 -0.111753
25.499531 1.160011 -0.013400
25.493181 1.153322 0.085303
25.470737 1.146635 0.181632
25.432796 1.139947 0.272972
25.379980 1.133259 0.356583
25.313599 1.126570 0.429898
25.235973 1.119885 0.491194
25.149364 1.113200 0.538963
24.860033 0.974981 -0.587754
24.957434 0.968406 -0.587697
25.053549 0.961835 -0.571900
25.145844 0.955260 -0.540778
25.231670 0.948681 -0.494748
25.308485 0.942103 -0.434870
25.374474 0.935531 -0.363227
25.428062 0.928960 -0.281890
25.467642 0.922384 -0.192899
25.491598 0.915808 -0.098501
25.499470 0.909231 -0.001420
25.491543 0.902656 0.095661
25.468107 0.896079 0.190202
25.429457 0.889502 0.279599
25.376194 0.882928 0.361136
25.310120 0.876351 0.432696
25.233355 0.869774 0.492651
25.147947 0.863196 0.539477
24.856728 0.725254 -0.587586
24.950802 0.718901 -0.588784
25.043823 0.712546 -0.574720
25.133410 0.706197 -0.545974
25.217400 0.699849 -0.503570
25.293661 0.693497 -0.448471
25.359993 0.687142 -0.381757
25.414793 0.680792 -0.305279
25.456951 0.674445 -0.221165
25.485350 0.668093 -0.131470
25.498873 0.661738 -0.038369
25.497280 0.655388 0.055702
25.480982 0.649041 0.148367
25.450340 0.642689 0.237322
25.405754 0.636333 0.320163
25.147980 0.644327 0.539584
25.233406 0.650905 0.492803
25.310186 0.657482 0.432875
25.376251 0.664062 0.361313
25.429436 0.670640 0.279733
25.468071 0.677220 0.190334
25.491581 0.683797 0.095816
25.499586 0.690375 -0.001253
25.491684 0.696955 -0.098324
25.467552 0.703533 -0.192671
25.427929 0.710113 -0.281640
25.374384 0.716690 -0.363000
25.308449 0.723268 -0.434685
25.231659 0.729849 -0.494587
25.145838 0.736427 -0.540618
25.053549 0.743006 -0.571739
24.957441 0.749583 -0.587540
24.860044 0.756162 -0.587641
25.405632 0.417474 0.320073
25.450228 0.423825 0.237239
25.481037 0.430176 0.148350
25.497387 0.436527 0.055704
25.498753 0.442878 -0.038362
25.485176 0.449229 -0.131455
25.456982 0.455580 -0.221207
25.414848 0.461931 -0.305322
25.359926 0.468282 -0.381704
25.293518 0.474634 -0.448339
25.217392 0.480984 -0.503615
25.133436 0.487336 -0.546064
25.043800 0.493687 -0.574627
24.950769 0.500038 -0.588614
24.856697 0.506389 -0.587580
25.138083 0.393539 0.544043
25.215216 0.399389 0.504694
25.285851 0.405238 0.454602
25.269548 0.153865 0.467610
25.342476 0.160551 0.400797
25.403439 0.167235 0.322912
25.450670 0.173923 0.236016
25.482370 0.180611 0.142340
25.497721 0.187300 0.044634
25.496790 0.193987 -0.054270
25.479694 0.200676 -0.151688
25.446550 0.207363 -0.244867
25.397886 0.214051 -0.330963
25.335487 0.220739 -0.407702
25.261368 0.227427 -0.473194
25.177485 0.234117 -0.525591
25.085932 0.240807 -0.562984
24.989332 0.247497 -0.584199
24.890547 0.254183 -0.589135
24.792295 0.260870 -0.577777
25.008436 0.047177 0.495033
25.103065 0.047177 0.466102
25.190435 0.047177 0.419646
25.267090 0.047177 0.357089
25.329647 0.047177 0.280436
25.376102 0.047177 0.193066
25.405033 0.047177 0.098437
25.288042 0.450204 0.340386
25.284685 0.498557 0.205291
25.321758 0.507788 0.113662
25.337025 0.517009 0.016009
25.329140 0.526236 -0.082511
25.298962 0.535466 -0.176636
25.248075 0.544687 -0.261364
25.178869 0.553914 -0.331929
25.095407 0.563144 -0.384887
25.002031 0.572365 -0.417266
24.903681 0.581593 -0.427099
24.805666 0.590823 -0.414322
24.713259 0.600044 -0.379277
24.631439 0.609271 -0.323817
24.564354 0.618501 -0.251228
24.515934 0.627722 -0.165073
24.488626 0.636949 -0.070075
24.483612 0.646179 0.028638
24.501717 0.655400 0.125797
24.541588 0.664625 0.216245
24.600979 0.673855 0.295248
24.677176 0.683076 0.358194
24.765722 0.692300 0.402128
24.861940 0.701530 0.424723
24.960775 0.710750 0.424180
25.056919 0.719974 0.401222
25.145258 0.729203 0.356904
25.220778 0.738423 0.293137
25.279921 0.747645 0.213935
25.319319 0.756874 0.123299
25.336439 0.766094 0.025949
25.331144 0.775314 -0.072756
25.303284 0.784543 -0.167573
25.254068 0.793762 -0.253295
25.186789 0.802982 -0.325711
25.104628 0.812210 -0.380628
25.011927 0.821429 -0.414936
24.913877 0.830647 -0.427460
24.815613 0.839876 -0.416959
24.722446 0.849093 -0.383932
24.639130 0.858312 -0.330747
24.570417 0.867540 -0.259719
24.520025 0.876757 -0.174683
24.490114 0.885975 -0.080471
24.482859 0.895203 0.018087
24.498634 0.904421 0.115666
24.536020 0.913638 0.207169
24.593576 0.922866 0.287504
24.668200 0.932084 0.352325
24.755526 0.941301 0.398637
24.851181 0.950529 0.423463
24.950006 0.959747 0.425433
25.046730 0.968964 0.405058
25.136082 0.978193 0.362838
25.213232 0.987411 0.301046
25.274462 0.996628 0.223447
25.316004 1.005857 0.133779
25.335670 1.015076 0.036909
25.332993 1.024294 -0.061901
25.307413 1.033523 -0.157357
25.260475 1.042743 -0.244348
25.195129 1.051962 -0.318512
25.114307 1.061190 -0.375383
25.022547 1.070411 -0.412135
24.924862 1.079631 -0.427224
24.826370 1.088860 -0.419063
24.732357 1.098082 -0.388527
24.647696 1.107302 -0.337519
24.577326 1.116531 -0.268123
24.524672 1.125755 -0.184467
24.492380 1.134975 -0.091053
24.482838 1.144205 0.007320
24.495968 1.153430 0.105291
24.531075 1.162650 0.197680
24.586784 1.171880 0.279320
24.659609 1.181106 0.346157
24.745790 1.190327 0.394536
24.840872 1.199557 0.421528
24.939606 1.208784 0.426217
25.036755 1.218004 0.408065
25.127060 1.227235 0.367883
25.205881 1.236462 0.308242
25.268776 1.245683 0.232006
25.312389 1.254913 0.143306
25.334702 1.264141 0.047016
25.334063 1.273362 -0.051814
25.310753 1.282591 -0.147870
25.266186 1.291819 -0.236090
25.202316 1.301040 -0.311516
25.122894 1.310269 -0.370358
25.032141 1.319497 -0.409500
24.934765 1.328718 -0.426440
24.836081 1.337949 -0.420799
24.832888 1.347179 -0.420135
24.928272 1.347178 -0.426550
25.022770 1.347178 -0.412083
25.111631 1.347178 -0.376889
25.190168 1.347178 -0.322394
25.254892 1.347178 -0.252034
24.448938 1.347177 0.346885
24.411304 1.347177 0.262899
24.387894 1.347177 0.173903
24.379959 1.347177 0.082228
24.387936 1.347177 -0.009441
24.411968 1.347177 -0.098252
24.451954 1.347177 -0.181105
24.506769 1.347177 -0.254982
24.574924 1.347177 -0.316742
24.654146 1.347177 -0.363459
24.825409 1.347177 0.583901
24.735491 1.347177 0.563598
24.649834 1.347177 0.529537
24.570526 1.347177 0.482549
24.740520 1.264384 -0.565130
24.652615 1.270752 -0.530901
24.571289 1.277121 -0.483103
24.498636 1.283490 -0.422929
24.436464 1.289858 -0.351981
24.386450 1.296227 -0.271998
24.349770 1.302595 -0.185086
24.327442 1.308964 -0.093433
24.320004 1.315332 0.000609
24.327620 1.321701 0.094634
24.350176 1.328069 0.186233
24.386984 1.334438 0.273090
24.437214 1.340806 0.352938
24.832747 1.242453 -0.584921
25.149391 1.144435 0.538992
25.235991 1.151116 0.491173
25.313593 1.157796 0.429819
25.380013 1.164478 0.356511
25.432978 1.171160 0.272974
25.470942 1.177842 0.181628
25.493315 1.184522 0.085264
25.499609 1.191203 -0.013460
25.489313 1.197885 -0.111840
25.462269 1.204567 -0.206987
25.419668 1.211248 -0.296269
25.363020 1.217928 -0.377372
25.293783 1.224610 -0.448024
25.213545 1.231291 -0.505865
25.124615 1.237974 -0.549185
25.029747 1.244653 -0.577232
24.931568 1.251334 -0.589372
25.148127 0.894323 0.539832
25.233713 0.900902 0.493248
25.310503 0.907480 0.433257
25.376337 0.914060 0.361419
25.429468 0.920638 0.279733
25.468435 0.927217 0.190421
25.492140 0.933796 0.095904
25.500017 0.940375 -0.001221
25.491737 0.946954 -0.098312
25.467648 0.953533 -0.192732
25.428301 0.960112 -0.281878
25.374842 0.966691 -0.363349
25.308702 0.973270 -0.434907
25.231670 0.979849 -0.494586
25.145889 0.986428 -0.540812
25.053650 0.993007 -0.572230
24.957506 0.999586 -0.588100
24.860064 1.006165 -0.587874
24.812456 -0.652823 1.145949
24.715611 -0.652823 1.133644
24.620184 -0.652823 1.113041
24.526873 -0.652823 1.084340
24.436281 -0.652823 1.047947
24.349045 -0.652823 1.004118
24.265890 -0.652823 0.952972
24.187460 -0.652823 0.894841
24.114248 -0.652823 0.830256
24.046635 -0.652823 0.759832
23.985210 -0.652823 0.683952
23.930553 -0.652823 0.603061
23.883057 -0.652823 0.517769
23.842890 -0.652823 0.428787
23.810244 -0.652823 0.336780
23.785568 -0.652823 0.242325
23.769136 -0.652823 0.146092
23.760990 -0.652823 0.048806
23.760958 -0.652823 -0.048822
23.769104 -0.652823 -0.146107
23.785578 -0.652823 -0.242332
23.810287 -0.652823 -0.336779
23.842905 -0.652823 -0.428796
23.883024 -0.652823 -0.517799
23.930542 -0.652823 -0.603080
23.985237 -0.652823 -0.683945
24.046675 -0.652823 -0.759815
24.114244 -0.652823 -0.830281
24.187443 -0.652823 -0.894879
24.265896 -0.652823 -0.952980
24.349073 -0.652823 -1.004091
24.436304 -0.652823 -1.047928
24.526869 -0.652823 -1.084386
24.620174 -0.652823 -1.113107
24.715605 -0.652823 -1.133692
24.812456 -0.652823 -1.145965
25.060110 -0.652982 -0.258109
25.103390 -0.653111 -0.193389
25.168108 -0.652982 -0.150111
25.045000 -0.652823 -0.570427
25.045000 -0.652823 -0.491791
25.045000 -0.652823 -0.413156
24.955000 -0.652823 -0.649062
24.865000 -0.652823 -0.649062
24.775000 -0.652823 -0.570427
24.775000 -0.652823 -0.491791
24.775000 -0.652823 -0.413156
24.651892 -0.652982 -0.150111
24.716610 -0.653111 -0.193389
24.759890 -0.652982 -0.258109
24.775000 -0.652823 0.413156
24.775000 -0.652823 0.491791
24.775000 -0.652823 0.570427
24.865000 -0.652823 0.649062
24.955000 -0.652823 0.649062
25.045000 -0.652823 0.413156
25.045000 -0.652823 0.491791
25.045000 -0.652823 0.570427
25.168108 -0.652982 0.150111
25.103390 -0.653111 0.193389
25.060110 -0.652982 0.258109
25.323156 -0.652823 0.135000
25.401791 -0.652823 0.135000
25.480427 -0.652823 0.135000
25.559063 -0.652823 0.045000
25.559063 -0.652823 -0.045000
25.019842 -0.292955 -0.309366
25.026131 -0.382922 -0.315655
25.032421 -0.472889 -0.321943
25.038710 -0.562856 -0.328232
25.022999 -0.338193 -0.485299
25.028500 -0.416850 -0.526240
25.034000 -0.495508 -0.567181
25.039499 -0.574165 -0.608122
24.856249 -0.262182 -0.445707
24.796997 -0.338202 -0.485281
24.791498 -0.416857 -0.526226
24.785999 -0.495513 -0.567172
24.780499 -0.574168 -0.608117
24.804478 -0.231262 -0.373717
24.781290 -0.562856 -0.328231
24.787579 -0.472889 -0.321942
24.793869 -0.382922 -0.315653
24.800158 -0.292954 -0.309364
24.794529 -0.173699 -0.227390
24.750877 -0.163034 -0.159130
24.682623 -0.173737 -0.115479
25.038710 -0.562856 0.328231
25.032421 -0.472889 0.321942
25.026131 -0.382922 0.315653
25.019842 -0.292954 0.309364
25.039499 -0.574165 0.608122
25.034000 -0.495508 0.567181
25.028500 -0.416850 0.526240
25.022999 -0.338193 0.485299
25.219345 -0.293008 0.109835
25.225639 -0.382962 0.116126
25.231934 -0.472916 0.122418
25.238226 -0.562869 0.128709
25.518110 -0.574156 0.129491
25.477160 -0.495489 0.123982
25.436207 -0.416822 0.118472
25.395256 -0.338155 0.112963
24.856249 -0.256189 0.442587
24.804478 -0.231262 0.373718
24.780499 -0.574168 0.608117
24.785999 -0.495513 0.567172
24.791498 -0.416857 0.526226
24.796997 -0.338202 0.485281
25.697966 -0.152823 0.005413
24.122034 -0.152823 -0.005413
24.297001 -0.152823 0.497617
24.303022 -0.152823 -0.498700
25.522999 -0.152823 -0.497617
25.516977 -0.152823 0.498700
24.756964 -0.152823 -0.768895
25.074814 -0.152823 -0.771576
24.745186 -0.152823 0.771576
25.063038 -0.152823 0.768895
25.668451 -0.152823 -0.209561
24.155767 -0.152823 -0.215072
25.664232 -0.152823 0.215072
24.151548 -0.152823 0.209561
25.275276 -0.152823 0.700215
24.545544 -0.152823 0.695938
24.544724 -0.152823 -0.700215
25.274456 -0.152823 -0.695938
23.992107 -0.152823 0.519461
25.827892 -0.152823 -0.519461
25.837566 -0.152823 0.527926
23.982433 -0.152823 -0.527926
24.205688 -0.152823 -0.773874
25.614311 -0.152823 0.773874
24.206779 -0.152823 0.788521
25.613220 -0.152823 -0.788521
24.864840 -0.152823 -1.058938
24.955160 -0.152823 1.058938
25.959061 -0.152823 -0.179865
23.877930 -0.152823 -0.161030
23.860941 -0.152823 0.179865
25.942070 -0.152823 0.161030
24.525589 -0.152823 0.976368
24.523327 -0.152823 -0.994902
25.296673 -0.152823 0.994902
25.294411 -0.152823 -0.976368
25.043566 -0.152823 -1.051117
24.776434 -0.152823 1.051117
25.458834 -0.152823 0.897708
24.361166 -0.152823 -0.897708
24.358089 -0.152823 0.898024
25.461910 -0.152823 -0.898024
23.917477 -0.152823 -0.352823
25.906858 -0.152823 -0.348483
25.902525 -0.152823 0.352823
23.913141 -0.152823 0.348483
25.960358 -0.152823 0.002098
23.859642 -0.152823 -0.002098
25.148760 -0.152823 1.036123
24.671240 -0.152823 -1.036123
24.085615 -0.152823 0.671785
24.094349 -0.152823 -0.648968
25.725651 -0.152823 0.648968
25.734385 -0.152823 -0.671785
25.448242 -0.152823 0.572131
25.544004 -0.152823 0.592344
25.607002 -0.152823 0.526458
25.480824 -0.152823 0.659075
24.371758 -0.152823 -0.572131
24.275995 -0.152823 -0.592344
24.212999 -0.152823 -0.526458
24.339178 -0.152823 -0.659075
24.368673 -0.152823 0.588412
24.262302 -0.152823 0.590907
24.202675 -0.152823 0.511388
24.309275 -0.152823 0.660484
24.219954 -0.152823 0.685299
25.451326 -0.152823 -0.588412
25.557697 -0.152823 -0.590907
25.617325 -0.152823 -0.511388
25.510725 -0.152823 -0.660484
25.600046 -0.152823 -0.685299
24.463203 -0.152823 0.645411
24.460058 -0.152823 0.742657
24.537254 -0.152823 0.790293
25.356796 -0.152823 -0.645411
25.359941 -0.152823 -0.742657
25.282745 -0.152823 -0.790293
24.444719 -0.152823 -0.648924
24.458630 -0.152823 -0.743074
24.544199 -0.152823 -0.802582
25.375282 -0.152823 0.648924
25.361370 -0.152823 0.743074
25.275801 -0.152823 0.802582
25.633219 -0.152823 0.312634
25.730574 -0.152823 0.294049
25.756485 -0.152823 0.202579
25.700047 -0.152823 0.386053
25.636078 -0.152823 -0.304830
25.733820 -0.152823 -0.283299
25.760529 -0.152823 -0.187604
25.703325 -0.152823 -0.372481
25.831732 -0.152823 -0.269754
24.183922 -0.152823 0.304830
24.086180 -0.152823 0.283299
24.059471 -0.152823 0.187604
24.116674 -0.152823 0.372481
23.988268 -0.152823 0.269754
24.186781 -0.152823 -0.312634
24.089426 -0.152823 -0.294049
24.063515 -0.152823 -0.202579
24.119953 -0.152823 -0.386053
24.648720 -0.152823 -0.756188
24.627378 -0.152823 -0.865539
25.171280 -0.152823 0.756188
25.192623 -0.152823 0.865539
25.183294 -0.152823 -0.750413
25.143566 -0.152823 -0.838505
25.051418 -0.152823 -0.864938
25.121128 -0.152823 -0.925632
25.210186 -0.152823 -0.908262
24.636705 -0.152823 0.750413
24.676434 -0.152823 0.838505
24.768583 -0.152823 0.864938
24.698874 -0.152823 0.925632
24.609814 -0.152823 0.908262
24.854889 -0.152823 -0.784702
24.794518 -0.152823 -0.859929
24.888468 -0.152823 -0.874169
24.965111 -0.152823 0.784702
25.025484 -0.152823 0.859929
24.931532 -0.152823 0.874169
25.594585 -0.152823 0.419526
24.225414 -0.152823 -0.419526
25.698578 -0.152823 0.114926
25.775585 -0.152823 0.059113
25.785595 -0.152823 -0.036184
24.121422 -0.152823 -0.114926
24.044415 -0.152823 -0.059113
24.034405 -0.152823 0.036184
24.965429 -0.152823 -0.801697
24.854570 -0.152823 0.801697
25.367815 -0.152823 0.847729
25.447056 -0.152823 0.791104
24.452185 -0.152823 -0.847729
24.372944 -0.152823 -0.791104
24.449125 -0.152823 0.840854
24.372221 -0.152823 0.786946
25.370874 -0.152823 -0.840854
25.447779 -0.152823 -0.786946
24.248135 -0.152823 -0.678817
25.571865 -0.152823 0.678817
24.018858 -0.152823 -0.368883
25.801144 -0.152823 0.368883
24.825699 -0.152823 -0.954364
24.914188 -0.152823 -0.977952
24.994301 -0.152823 0.954364
24.905813 -0.152823 0.977952
24.220053 -0.152823 0.405772
25.599947 -0.152823 -0.405772
25.102160 -0.152823 0.933895
24.717840 -0.152823 -0.933895
25.194065 -0.152823 -0.997082
24.625937 -0.152823 0.997082
25.863937 -0.152823 0.019252
25.884495 -0.152823 -0.081587
25.854273 -0.152823 0.115679
23.956064 -0.152823 -0.019252
23.935505 -0.152823 0.081587
23.965727 -0.152823 -0.115679
25.703194 -0.152823 -0.105375
24.116806 -0.152823 0.105375
25.773891 -0.152823 0.458807
24.046108 -0.152823 -0.458807
24.533552 -0.152823 -0.902752
24.610870 -0.152823 -0.960926
25.286448 -0.152823 0.902752
25.209129 -0.152823 0.960926
25.801998 -0.152823 -0.358863
25.765182 -0.152823 -0.443977
24.018002 -0.152823 0.358863
24.054817 -0.152823 0.443977
25.655012 -0.152823 -0.603448
25.711998 -0.152823 -0.526847
24.164989 -0.152823 0.603448
24.108002 -0.152823 0.526847
24.783121 -0.152823 0.958377
25.036879 -0.152823 -0.958377
24.282660 -0.152823 0.843023
25.537340 -0.152823 -0.843023
25.536005 -0.152823 0.841614
24.283997 -0.152823 -0.841614
25.858965 -0.152823 -0.181508
23.961035 -0.152823 0.181508
25.047848 -0.152823 1.038719
24.772152 -0.152823 -1.038719
25.828316 -0.152823 0.279079
25.927559 -0.152823 0.260965
25.871506 -0.152823 0.442491
25.751047 -0.152823 0.547055
23.991686 -0.152823 -0.279079
23.892441 -0.152823 -0.260965
23.948494 -0.152823 -0.442491
24.068953 -0.152823 -0.547055
25.629021 -0.152823 0.616043
24.190979 -0.152823 -0.616043
24.442621 -0.152823 -0.949154
25.377378 -0.152823 0.949154
24.439693 -0.152823 0.944346
25.380306 -0.152823 -0.944346
23.891613 -0.152823 0.260219
25.928389 -0.152823 -0.260219
24.041159 -0.152823 0.591211
25.778841 -0.152823 -0.591211
23.837452 -0.152823 0.090716
25.982548 -0.152823 -0.090716
25.985828 -0.152823 0.086662
23.834171 -0.152823 -0.086662
24.953026 -0.152823 -1.065795
24.866974 -0.152823 1.065795
23.948923 -0.152823 0.435185
25.871077 -0.152823 -0.435185
25.681614 -0.152823 -0.735461
24.138388 -0.152823 0.735461
25.690920 -0.152823 0.740173
24.129080 -0.152823 -0.740173
25.524662 -0.152823 -0.744208
24.295338 -0.152823 0.744208
24.137424 -0.152823 -0.480801
25.682575 -0.152823 0.480801
24.972370 -0.152823 -0.912973
24.847630 -0.152823 0.912973
24.528023 -0.152823 0.881871
25.291977 -0.152823 -0.881871
24.590679 -0.152823 -1.036973
25.229321 -0.152823 1.036973
24.145197 -0.152823 0.451027
25.674805 -0.152823 -0.451027
25.127367 -0.152823 -1.057897
24.692633 -0.152823 1.057897
25.516529 -0.152823 0.745813
24.303471 -0.152823 -0.745813
25.851604 -0.152823 0.195174
23.968395 -0.152823 -0.195174
24.709084 -0.152823 -0.836889
25.110916 -0.152823 0.836889
25.807602 -0.152823 0.602132
24.012398 -0.152823 -0.602132
24.387371 -0.152823 0.694828
25.432629 -0.152823 -0.694828
24.022123 -0.152823 0.118029
25.797876 -0.152823 -0.118029
24.390985 -0.152823 -0.716869
25.429014 -0.152823 0.716869
25.215971 -0.152823 -0.830113
24.604031 -0.152823 0.830113
24.036163 -0.152823 -0.130647
25.783836 -0.152823 0.130647
24.155380 -0.152823 0.673659
25.664619 -0.152823 -0.673659
24.141003 -0.152823 -0.563697
25.678997 -0.152823 0.563697
25.917126 -0.152823 0.075316
23.902874 -0.152823 -0.075316
24.173395 -0.152823 -0.685972
25.646605 -0.152823 0.685972
24.724892 -0.152823 0.995060
25.095110 -0.152823 -0.995060
24.980722 -0.152823 -1.001473
24.839277 -0.152823 1.001473
25.417511 -0.248398 -1.031956
25.804804 -0.236985 -0.722375
25.994268 -0.236827 -0.383228
26.055880 -0.236021 0.097257
25.246546 -0.243752 1.099653
25.672029 -0.236422 0.861284
25.802635 -0.235286 0.725054
25.418249 -0.247080 1.031593
25.958094 -0.233620 0.473284
26.055851 -0.236661 -0.097591
26.023006 -0.233432 0.289341
25.247046 -0.240935 -1.099500
25.913919 -0.236820 -0.560934
25.670328 -0.237351 -0.862787
25.513157 -0.570824 -0.979133
26.022873 -0.569968 -0.289854
25.913837 -0.570030 0.561081
25.525175 -0.568162 0.971627
25.740362 -0.570417 -0.795611
25.145119 -0.574885 1.125708
25.146236 -0.574434 -1.125474
26.043308 -0.569588 0.195218
25.994251 -0.572057 0.383274
25.862854 -0.570096 -0.643871
25.740215 -0.564653 0.795765
25.341913 -0.570423 1.065810
25.957947 -0.569921 -0.473611
26.059999 -0.569962 0.000082
25.343269 -0.573973 -1.065259
24.997074 -0.401315 -1.146699
24.996973 -0.401410 1.146706
25.066263 -0.243047 1.139334
25.066263 -0.243060 -1.139334
25.005527 -0.504338 1.146026
25.084232 -0.443636 1.136725
25.077503 -0.348882 1.137736
25.164204 -0.398106 1.121553
25.160210 -0.302877 1.122450
25.248037 -0.351710 1.099196
25.245832 -0.450064 1.099871
25.335333 -0.411285 1.068453
25.332081 -0.304612 1.069742
25.405392 -0.354933 1.037828
25.486057 -0.312187 0.995318
25.478338 -0.402756 0.999746
25.552891 -0.366392 0.953515
25.556364 -0.267494 0.951164
25.630339 -0.319881 0.896444
25.616968 -0.429028 0.907026
25.686319 -0.401176 0.848426
25.677002 -0.494154 0.856860
25.604504 -0.524015 0.916605
25.741577 -0.462722 0.794342
25.800009 -0.508018 0.728276
25.798216 -0.400836 0.730461
25.850399 -0.466189 0.661928
25.856596 -0.363329 0.653035
25.897488 -0.419351 0.589378
25.903402 -0.325543 0.579354
25.939789 -0.380043 0.511895
25.937862 -0.483016 0.515749
25.974592 -0.427399 0.434904
25.975439 -0.325715 0.432827
26.000818 -0.388195 0.364163
25.005495 -0.504136 -1.146028
25.084717 -0.443351 -1.136650
25.078053 -0.348792 -1.137655
25.165096 -0.397718 -1.121350
25.161757 -0.303161 -1.122104
25.247526 -0.352893 -1.099352
25.246315 -0.446005 -1.099724
25.324633 -0.395939 -1.072651
25.330442 -0.300771 -1.070387
25.402000 -0.350308 -1.039440
25.478292 -0.324824 -0.999772
25.393745 -0.438705 -1.043308
26.043545 -0.235070 0.193847
26.050777 -0.318907 0.145350
26.058977 -0.319895 0.048514
26.055889 -0.403288 0.097158
26.059999 -0.403950 -0.000139
26.043655 -0.402485 0.193198
26.034548 -0.316494 0.240607
26.059999 -0.236430 -0.000125
26.058958 -0.320296 -0.048937
26.050674 -0.320604 -0.146154
26.043449 -0.236754 -0.194406
26.034166 -0.320658 -0.242387
26.043446 -0.404099 -0.194429
26.022858 -0.404017 -0.289909
26.022873 -0.236789 -0.289851
26.009541 -0.320655 -0.336912
25.976971 -0.320659 -0.429037
25.957859 -0.236787 -0.473805
25.862780 -0.236869 -0.643981
25.834631 -0.320878 -0.683781
25.773491 -0.321040 -0.759529
25.804825 -0.404745 -0.722349
25.740578 -0.404948 -0.795388
25.862766 -0.404506 -0.643999
25.889208 -0.320692 -0.603037
25.913860 -0.404277 -0.561038
25.936731 -0.320748 -0.517999
25.740437 -0.237193 -0.795535
25.706415 -0.321287 -0.829592
25.670868 -0.405356 -0.862311
25.634306 -0.321826 -0.893242
25.597155 -0.405650 -0.922127
25.633419 -0.489071 -0.893960
25.595018 -0.237880 -0.923715
25.994169 -0.234540 0.383507
25.862017 -0.254155 0.645109
25.429686 -0.571692 1.025879
25.383690 -0.494352 1.047911
25.246487 -0.553760 -1.099671
25.430407 -0.574768 -1.025513
25.994270 -0.569917 -0.383223
25.977016 -0.486964 -0.428925
25.739515 -0.234017 0.796496
25.768700 -0.313107 0.764942
26.055876 -0.570023 -0.097307
25.957891 -0.572903 0.473733
25.245749 -0.555385 1.099897
26.055853 -0.569818 0.097578
25.914080 -0.570006 -0.560647
25.804739 -0.570248 -0.722455
26.022211 -0.568734 0.292381
26.005928 -0.478804 0.348486
26.043484 -0.570011 -0.194204
26.055851 -0.404016 -0.097593
25.856197 -0.563131 0.653612
25.542429 -0.467583 0.960486
25.915695 -0.236102 0.557742
26.033743 -0.486464 0.244336
26.050690 -0.487060 -0.146040
26.009554 -0.487015 -0.336869
25.957804 -0.403999 -0.473928
25.670290 -0.570729 -0.862821
25.556469 -0.489148 -0.951093
25.522366 -0.405106 -0.973401
25.994240 -0.403954 -0.383306
25.834631 -0.487551 -0.683782
25.594923 -0.571031 -0.923786
26.050661 -0.487086 0.146260
25.936834 -0.487064 -0.517796
26.058964 -0.487015 -0.048791
25.889259 -0.487289 -0.602953
26.034180 -0.487033 -0.242321
26.058966 -0.487057 0.048783
25.705921 -0.488162 -0.830067
25.773327 -0.487746 -0.759714
24.990444 -0.303910 1.147183
24.990534 -0.303864 -1.147177
25.056993 -0.580218 -1.140567
25.056656 -0.580444 1.140610
25.706249 -0.313686 0.829751
25.513624 -0.239056 -0.978845
25.465639 -0.484476 -1.006859
25.558472 -0.323420 -0.949729
25.497576 -0.226805 0.988562
26.024441 -0.402266 0.283766
25.663246 -0.582573 0.868976
25.463560 -0.488806 1.008003
25.335411 -0.220402 1.068422
25.156191 -0.218650 -1.123339
25.155766 -0.219195 1.123432
25.166744 -0.489959 1.120974
25.167074 -0.489201 -1.120898
25.323784 -0.487304 -1.072978
26.009939 -0.308239 0.335607
25.889467 -0.503206 0.602615
25.336292 -0.218062 -1.068070
25.311234 -0.496158 1.077734
25.938816 -0.299891 0.513846
25.802645 -0.588975 0.725043
25.818581 -0.313012 0.704968
25.975977 -0.506962 0.431500
25.740763 -0.380349 0.795194
24.983421 -0.578980 -1.147654
25.611160 -0.224835 0.911524
24.984083 -0.579343 1.147611
24.981003 -0.224535 1.147806
24.981003 -0.224535 -1.147806
25.388998 -0.512851 -1.045496
25.453066 -0.400453 -1.013696
25.593710 -0.601332 0.924685
25.415344 -0.427597 1.033019
25.092924 -0.518425 -1.135358
25.091797 -0.518604 1.135539
25.361217 -0.580813 -0.129965
25.353058 -0.420489 -0.118754
25.301611 -0.335642 -0.112821
25.309956 -0.510185 -0.125026
25.396212 -0.500456 -0.124345
25.439157 -0.576101 -0.129635
25.297035 -0.592490 -0.130781
25.280029 -0.424370 -0.119025
25.412903 0.097177 -0.045972
25.003248 0.147177 -0.467099
24.913000 0.147177 -0.470027
24.495701 0.147177 -0.208018
24.823139 0.147177 -0.457892
25.108788 0.501040 0.378542
25.189104 0.510865 0.323684
25.016312 0.491390 0.414090
24.918110 0.481820 0.427300
24.826475 0.485463 0.419334
25.435762 0.147177 -0.053387
25.273039 0.147177 0.411475
24.828440 -0.055532 -0.602291
24.406965 -0.091949 0.403549
24.408638 -0.092874 -0.407116
24.608902 -0.090807 0.569039
24.613136 -0.091656 -0.572200
24.296223 -0.090213 -0.188240
24.297024 -0.089444 0.188237
24.272631 -0.086065 0.000113
24.828440 -0.055532 0.602291
24.553326 -0.010265 0.436031
24.551840 -0.011695 -0.436664
24.413708 -0.010270 -0.265086
24.414061 -0.010061 0.265307
24.348759 -0.012507 -0.055332
24.347746 -0.013395 0.054061
24.739853 -0.005168 0.531113
24.643986 -0.011651 0.497938
24.747047 -0.006824 -0.535068
24.665804 -0.015634 -0.513322
24.472359 -0.013356 0.359292
24.472979 -0.014780 -0.362296
24.370266 -0.012235 0.163854
24.370266 -0.012235 -0.163854
24.286051 -0.079597 -0.094338
24.285551 -0.080116 0.094501
24.318890 -0.097076 0.268594
24.316952 -0.098779 -0.268432
24.695358 -0.098274 0.614523
24.700842 -0.100583 -0.618825
24.354662 -0.094640 0.332392
24.530220 -0.094336 -0.524441
24.524025 -0.095810 0.521743
24.463060 -0.100050 -0.476397
24.352777 -0.098494 -0.336767
24.461418 -0.099756 0.474440
24.771883 -0.101838 0.639479
24.775711 -0.104104 -0.642596
24.828936 -0.002342 0.548647
24.830095 -0.002432 -0.548906
24.412003 -0.046135 -0.332538
24.486721 -0.045563 0.423313
24.496252 -0.048315 -0.436473
24.584398 -0.040724 -0.496544
24.685888 -0.046471 0.555702
24.577950 -0.046301 0.498985
24.357159 -0.045848 -0.227788
24.413084 -0.045305 0.332668
24.842796 -0.103546 0.652319
24.702019 -0.053310 -0.569154
24.360897 -0.043133 0.229759
24.846510 -0.106176 -0.655328
24.756308 -0.057620 -0.590395
24.756075 -0.056033 0.588695
24.938826 -0.090784 0.039069
24.938982 -0.103147 0.072935
24.949812 -0.102739 -0.066530
25.083424 -0.151338 -0.089504
25.077799 -0.149903 0.092718
25.132782 -0.164263 -0.038889
25.290483 -0.228230 -0.014817
24.957125 -0.138163 0.156345
24.958027 -0.140154 -0.161110
24.967550 -0.096836 -0.025956
24.956232 -0.122214 -0.115805
24.985022 -0.116831 -0.082786
25.084311 -0.143385 -0.021479
25.125080 -0.160385 0.026780
25.030603 -0.122138 0.030053
25.186792 -0.185244 -0.004069
25.009071 -0.136282 0.124228
24.953501 -0.119237 0.109127
24.984352 -0.116573 0.082545
24.998520 -0.111693 -0.044621
25.033087 -0.127830 -0.062877
25.003527 -0.109449 0.001729
25.009651 -0.136561 -0.124630
24.964779 -0.162124 0.214429
25.246914 -0.210912 0.036885
24.964235 -0.163065 -0.216912
24.945185 -0.086206 0.012617
24.975689 -0.099746 0.024632
24.967573 -0.104192 0.057068
25.000599 -0.112607 0.045410
25.040365 -0.124842 -0.010315
25.002562 -0.153866 -0.178947
24.959452 -0.241108 -0.409535
24.965878 -0.236602 0.397706
25.028700 -0.127998 0.071700
25.004156 -0.153018 0.175795
25.177429 -0.183889 0.058052
24.975725 -0.185010 0.268827
24.966610 -0.211506 0.336125
25.232832 -0.205445 -0.043297
25.302126 -0.234389 0.053244
25.069279 -0.138116 0.034285
24.959614 -0.203154 -0.316760
24.972471 -0.183975 -0.267020
25.173677 -0.183253 -0.067404
24.667524 -0.429220 0.134523
24.768782 -0.522132 0.248493
24.718904 -0.249114 0.143288
24.689976 -0.588234 0.163443
24.782503 -0.346386 0.239740
24.775290 -0.433511 0.243051
24.730312 -0.468948 0.181356
24.737226 -0.391913 0.177531
24.676262 -0.339383 0.129275
24.789385 -0.259999 0.235866
24.657806 -0.514221 0.138952
24.746523 -0.588898 0.220089
24.750278 -0.308768 0.179619
24.659256 -0.251342 0.114828
24.764729 -0.232144 0.185545
24.725462 -0.540704 0.186543
24.634367 -0.592869 0.138421
24.770061 -0.593005 0.270589
24.298042 -0.581547 -0.000354
24.438597 -0.311542 0.002212
24.364058 -0.454733 0.039046
24.402372 -0.381129 -0.037925
24.360136 -0.462265 -0.047940
24.409538 -0.367363 0.050103
24.321976 -0.535572 -0.061398
24.322884 -0.533825 0.059184
24.440832 -0.307248 -0.060391
24.441397 -0.306164 0.061484
24.290617 -0.595809 -0.066330
24.290617 -0.595811 0.066326
24.338324 -0.504166 -0.000262
24.458786 -0.580803 0.129964
24.466963 -0.420462 0.118752
24.518433 -0.335574 0.112816
24.510048 -0.510181 0.125025
24.423803 -0.500415 0.124343
24.380850 -0.576084 0.129634
24.522964 -0.592490 0.130781
24.539989 -0.424371 0.119025
24.458797 -0.580810 -0.129964
24.467020 -0.420490 -0.118754
24.518488 -0.335599 -0.112818
24.510054 -0.510186 -0.125026
24.423843 -0.500439 -0.124344
24.380875 -0.576097 -0.129635
24.522964 -0.592490 -0.130781
24.540051 -0.424376 -0.119025
25.162853 0.581506 0.450234
24.808426 0.185625 -0.487886
24.457489 0.223454 -0.214013
24.828419 0.296837 0.493516
25.328903 0.343097 0.274618
25.324005 0.395676 -0.298695
24.680275 0.199276 -0.449249
25.034431 0.555368 0.466535
24.803562 0.441620 -0.499182
24.913858 0.559254 0.511818
24.410307 0.487581 -0.103188
24.436609 0.511098 0.191164
24.616547 0.533954 0.417744
24.544575 0.465042 -0.356417
24.892044 0.179937 -0.500182
25.091736 0.418615 -0.476596
25.419477 0.372665 -0.025913
24.419081 0.249519 0.101647
25.140844 0.326824 0.454907
24.547377 0.271610 0.345872
25.229853 0.584269 0.394878
25.072765 0.318400 0.477309
25.155867 0.409272 -0.438593
25.410585 0.363334 0.047995
24.420378 0.502243 0.119723
24.616968 0.207161 -0.416674
24.680935 0.536501 0.449146
24.601496 0.277196 0.394388
24.602579 0.456364 -0.399645
24.833483 0.550265 0.500519
24.406765 0.490452 -0.028415
24.733339 0.444483 -0.472148
24.410158 0.243415 0.029134
25.271736 0.398373 -0.351048
25.371286 0.350072 0.193537
24.469250 0.470679 -0.232845
25.379213 0.378772 -0.168476
25.270596 0.335313 0.346361
24.945229 0.424706 -0.497230
24.740805 0.289375 0.470179
24.519054 0.516683 0.309358
24.918810 0.303847 0.499675
24.426458 0.230556 -0.127899
24.504982 0.215843 -0.293255
24.468443 0.259283 0.231486
25.018127 0.177586 -0.504610
25.100296 0.173798 -0.485646
25.164948 0.175677 -0.471108
24.548204 0.219620 -0.377312
24.395552 0.502344 0.046753
24.744116 0.554482 0.502220
24.650570 0.466252 -0.470491
25.232872 0.416332 -0.419591
25.413679 0.365242 0.125884
24.739992 0.202004 -0.493453
24.999573 0.320189 0.513137
25.220690 0.340302 0.422688
24.654972 0.295059 0.458813
24.384645 0.250218 -0.053573
25.421976 0.385328 -0.108679
25.093437 0.584008 0.502541
25.016928 0.431293 -0.512283
25.002138 0.580735 0.535124
24.482857 0.477707 -0.303425
24.543743 0.534886 0.376933
24.460161 0.523715 0.268664
24.417274 0.489034 -0.183981
24.879953 0.443070 -0.525183
25.379580 0.397157 -0.237996
24.421062 0.265161 0.181063
24.480968 0.275579 0.297723
25.390823 0.635819 -0.176987
25.408470 0.612451 0.116053
25.262915 0.654373 -0.372451
24.452709 0.758074 0.204788
24.916098 0.803903 0.500309
24.911150 1.053748 0.500648
24.541361 0.711616 -0.338761
25.372093 0.850440 0.193112
24.452808 1.014206 0.227324
25.046055 0.673953 -0.494753
24.968388 1.174100 -0.497417
24.797495 1.294647 0.488055
25.296774 0.899136 -0.332959
24.756844 0.695497 -0.486901
24.518902 0.968098 -0.328201
24.416784 1.247987 0.086014
25.051962 0.922156 -0.490256
24.758366 0.945402 -0.487479
25.389336 1.127775 -0.144238
24.458021 1.226430 -0.236155
25.388659 1.106555 0.174852
25.416735 0.875722 -0.061666
24.402916 0.991260 -0.056743
24.974865 0.676613 -0.503033
24.656195 1.037520 0.442711
25.169327 0.829592 0.439854
24.916595 1.303842 0.499870
24.402021 0.741856 -0.054659
24.609938 0.783919 0.414414
24.829111 0.686670 -0.497385
24.657381 1.199793 -0.432479
25.212437 1.079531 0.399169
24.515244 1.268725 0.311542
24.670795 0.787434 0.447661
25.199726 0.657167 -0.415348
25.264740 1.148589 -0.356482
25.381432 0.604761 0.192147
24.423643 0.731965 -0.128046
24.561718 1.277233 0.370175
25.410973 0.619464 -0.033666
25.356251 0.638408 -0.238919
25.209942 1.157197 -0.410237
25.396175 0.878516 -0.133792
25.226517 0.832359 0.392717
24.599678 1.028986 0.397372
24.720871 1.193910 -0.463349
25.153339 1.073739 0.437163
24.421721 0.982767 -0.125616
24.831097 0.936495 -0.497902
24.980867 0.924696 -0.499043
24.481333 0.970765 -0.265109
25.335196 0.890250 -0.270407
24.486813 0.718429 -0.266016
24.433109 1.229666 -0.162829
25.328732 0.842826 0.273032
24.424034 0.750083 0.116994
25.001801 1.060599 0.491497
24.498415 0.764769 0.283510
24.409929 1.240462 -0.004310
25.006733 0.811007 0.490378
24.825422 0.796475 0.492623
24.496174 1.016900 0.287702
25.180477 0.904759 -0.418844
25.406906 1.120289 -0.055792
25.402933 1.109384 0.105108
24.820234 1.046031 0.491564
24.419611 0.997265 0.089117
24.877991 1.180851 -0.498849
24.609978 0.703785 -0.399663
25.398706 0.857287 0.105402
24.633303 0.951007 -0.414644
25.022348 1.311547 0.485421
24.706186 1.286515 0.456328
24.547993 1.209928 -0.342703
25.057756 1.166262 -0.477552
24.441423 1.254882 0.173745
25.310566 1.089691 0.296778
25.354408 1.134614 -0.228726
25.341202 0.597416 0.268393
25.098948 1.316563 0.457833
24.902630 0.694932 -0.533374
25.138090 0.674720 -0.477564
25.169979 1.320970 0.415963
24.906874 0.944592 -0.533400
24.532387 0.785309 0.369639
25.392963 0.895741 -0.213225
25.214035 1.319216 0.365728
24.386833 0.754746 0.030564
24.420145 0.990596 -0.209868
25.430513 1.123844 0.028009
24.398512 1.243228 -0.089650
25.151567 1.171346 -0.466187
24.620184 1.287634 0.427583
25.331697 0.656578 -0.322281
25.098911 0.830559 0.491043
24.727009 1.050862 0.491497
24.522863 1.036461 0.365196
25.293953 0.845550 0.348966
24.428144 0.736495 -0.208065
24.672701 0.708844 -0.468020
24.792559 1.200594 -0.514588
24.733631 0.804676 0.500541
25.436224 0.877209 0.019022
25.088123 1.080251 0.496537
24.387262 1.003850 0.023665
25.432240 0.624445 0.035430
25.134693 0.923043 -0.475180
24.679333 0.957900 -0.470091
24.460211 1.268768 0.252403
24.563948 0.969192 -0.395680
25.326239 1.148479 -0.304570
25.427830 0.637057 -0.103184
25.248970 0.912147 -0.400248
25.284380 1.095388 0.362750
24.484833 1.228956 -0.313004
24.581573 1.215722 -0.404769
25.368793 1.107313 0.253021
24.407562 1.015728 0.157671
25.412676 0.097233 0.048393
25.148960 0.436201 0.449451
25.070637 0.430144 0.481672
24.620497 0.320187 -0.408652
25.242939 0.199835 0.373580
25.384111 0.246223 -0.161193
24.419916 0.366424 0.103157
24.599949 0.394067 0.393548
25.197388 0.267546 -0.420921
24.928310 0.294040 -0.500794
24.831835 0.414276 0.495093
24.431858 0.346074 -0.149432
25.405783 0.225501 0.083932
25.393398 0.217257 0.156344
25.150837 0.191703 0.436823
24.459923 0.340106 -0.219564
24.907330 0.420404 0.500957
24.852510 0.300255 -0.497506
25.222071 0.443667 0.400505
24.447866 0.374075 0.191840
24.533110 0.386899 0.329259
25.250813 0.264667 -0.371069
25.345573 0.253889 -0.246018
24.701704 0.313082 -0.454689
25.309584 0.207845 0.300661
24.679752 0.401976 0.443924
25.063652 0.284389 -0.474158
24.550058 0.328024 -0.347189
24.410107 0.359294 0.009334
25.405245 0.239102 -0.069362
25.040415 0.183905 0.477819
24.957571 0.177894 0.491546
24.995911 0.411237 0.526766
24.713821 0.170619 0.421544
24.466131 0.369632 0.276698
24.872353 0.172661 0.488908
25.315439 0.251080 -0.324865
25.377304 0.202762 0.239191
24.766840 0.292577 -0.510241
24.478022 0.321728 -0.300595
25.425951 0.225331 0.006907
24.401085 0.346281 -0.071931
24.749372 0.401974 0.487534
25.005838 0.278393 -0.512569
25.134321 0.266180 -0.475396
25.260143 0.530148 0.245273
25.307276 0.539597 0.158047
25.332750 0.549008 0.062231
25.335886 0.558480 -0.036835
25.316034 0.567917 -0.133995
25.274038 0.577333 -0.223800
25.212801 0.586803 -0.301747
25.135183 0.596213 -0.363471
25.051884 0.592723 -0.403090
24.457062 1.347177 0.121350
25.290583 1.347177 0.130370
24.795761 1.347177 0.495955
24.809189 1.347177 -0.326973
25.204052 1.347177 -0.168412
25.143921 1.347177 0.394825
24.543983 1.347177 -0.181562
24.595482 1.347177 0.377717
25.033596 1.347177 -0.325684
25.012108 1.347177 0.493078
24.476862 1.347177 -0.033035
25.255518 1.347177 0.270641
25.282055 1.347177 -0.021959
24.643377 1.347177 -0.272104
24.502354 1.347177 0.266078
24.723749 1.347177 -0.302236
24.788155 1.347177 -0.238532
24.873878 1.347177 -0.262084
24.852066 1.347177 -0.174371
24.765913 1.347177 -0.151328
24.828894 1.347177 -0.086730
24.917498 1.347177 -0.110316
24.892578 1.347177 -0.021509
24.804100 1.347177 0.001392
24.867226 1.347177 0.067220
24.956175 1.347177 0.044218
24.931480 1.347177 0.132915
24.841948 1.347177 0.155810
24.906263 1.347177 0.221615
25.021002 1.347177 0.109972
24.816566 1.347177 0.245664
24.753883 1.347177 0.179294
25.044266 1.347177 0.021259
24.880419 1.347177 0.312506
24.972754 1.347177 0.287596
25.109190 1.347177 0.087160
25.088615 1.347177 0.175627
24.728146 1.347177 0.268635
24.666950 1.347177 0.202645
24.690903 1.347177 0.112809
25.131048 1.347177 -0.002244
25.070852 1.347177 -0.067699
24.604183 1.347177 0.135937
24.625977 1.347177 0.045100
24.944508 1.347177 0.370992
25.179781 1.347177 0.148261
25.049387 1.347177 0.357463
24.640612 1.347177 0.290413
24.703106 1.347177 0.355827
24.855036 1.347177 0.415310
25.165779 1.347177 0.245370
24.940855 1.347177 0.457068
25.158730 1.347177 -0.090012
25.100399 1.347177 -0.154999
25.147425 1.347177 -0.237362
24.940826 1.347177 -0.199110
24.715614 1.347177 0.023659
24.653252 1.347177 -0.043428
25.216017 1.347177 0.051671
24.981724 1.347177 -0.044894
24.996288 1.347177 0.198650
24.741417 1.347177 -0.064356
24.680775 1.347177 -0.129732
24.778946 1.347177 0.090031
25.059654 1.347177 0.264349
24.789640 1.347177 0.336546
25.008995 1.347177 -0.135327
25.042673 1.347177 -0.234944
24.664803 1.347177 0.441546
24.529411 1.347177 0.065362
24.584110 1.347177 0.228599
24.562496 1.347177 -0.023736
24.755024 1.347177 0.421575
24.959122 1.347177 -0.288041
24.895844 1.347177 -0.347147
24.595333 1.347177 -0.112636
25.251713 1.347177 -0.096810
25.123001 1.347177 0.319630
25.240503 1.347177 0.201022
24.704393 1.347177 -0.214373
24.624424 1.347177 -0.192323
24.457218 1.347177 0.197785
25.078394 1.347177 0.448267
25.203825 1.347177 0.334391
24.446245 1.347177 0.045293
24.507099 1.347177 -0.105054
25.307627 1.347177 0.050460
24.568382 1.347177 0.303125
25.205589 1.347177 -0.029158
24.879045 1.347177 0.512525
24.721495 1.347177 0.489232
24.527769 1.347177 0.161075
24.967915 1.347177 -0.359276
25.108349 1.347177 -0.304085
24.949581 1.347177 0.525068
24.578695 1.347177 -0.243543
25.004854 1.347177 0.425433
24.521442 1.347177 0.346779
25.305534 1.347177 0.212125
25.290268 0.506882 -0.343367
25.047449 0.529679 -0.492804
25.404139 0.488328 -0.134803
24.668219 1.150724 0.438430
24.752804 1.058495 -0.475338
24.411781 1.104740 -0.046307
24.809349 0.547630 -0.503171
25.204922 1.270949 -0.403910
24.549110 0.572144 -0.361413
25.283163 1.012226 -0.334141
25.385201 0.963676 0.186504
24.433254 0.618014 0.183317
24.929546 0.917563 0.510150
25.411509 0.468867 0.108146
24.450499 0.871472 0.222530
24.889330 0.664453 0.510030
24.889353 1.296120 -0.502912
24.720255 1.301952 -0.482835
24.522120 0.825350 -0.332006
25.058195 0.779379 -0.488406
25.368988 0.710576 0.223240
25.298708 0.756701 -0.330533
25.215050 1.196863 0.396974
24.766068 0.802383 -0.489846
25.417007 0.733207 -0.059632
24.403061 0.848754 -0.060796
25.167963 0.687179 0.440411
24.613535 0.641553 0.415133
24.651096 0.894830 0.440095
24.411604 0.595089 -0.109251
25.379219 0.466795 0.184029
25.209270 0.940896 0.413728
25.408987 0.986987 -0.108485
25.010469 1.032997 -0.500865
25.396902 1.224340 0.114399
24.491484 1.079080 -0.292914
24.979193 1.171264 0.506173
24.473898 1.125257 0.265559
25.388716 1.245111 -0.146479
25.410875 0.486122 -0.057015
24.359076 1.335824 0.134704
24.972055 0.539365 -0.499953
24.445803 1.122495 0.197124
24.741673 0.555747 -0.479181
24.904764 1.168581 0.504336
25.328930 0.504307 -0.284221
25.080601 1.030300 -0.474559
25.174133 0.524657 -0.422614
24.407234 0.603682 -0.037078
24.543451 1.076375 -0.346425
25.413136 0.984212 -0.033790
24.679518 0.650864 0.446704
25.142618 0.938110 0.447438
24.593372 0.892053 0.392422
24.423599 0.845938 -0.132977
24.963869 1.287479 -0.506283
25.363621 1.250781 -0.210937
25.397102 0.741992 -0.129639
24.836908 0.799864 -0.498886
25.325933 0.707710 0.284901
25.223505 0.695806 0.394810
24.484152 0.834191 -0.269643
24.815491 0.661626 0.495163
25.337616 0.753857 -0.266836
24.418684 0.615608 0.112907
24.610088 0.569538 -0.405051
25.001299 0.926442 0.495604
24.492468 0.880311 0.282330
24.986401 0.788121 -0.498162
25.400644 0.972585 0.114725
25.370182 1.217733 0.195039
25.216362 1.019849 -0.395150
24.412149 1.112192 0.043853
24.670622 1.065995 -0.438886
24.751442 1.158351 0.473960
25.280565 1.204372 0.335501
25.029118 0.681468 0.483968
24.474047 0.589206 -0.241669
24.512560 0.633089 0.309676
25.336620 1.005484 -0.260401
24.593353 1.143924 0.386580
24.841749 1.051624 -0.495143
25.303921 0.958029 0.305610
24.638298 0.819726 -0.418013
24.418184 0.865842 0.081816
25.184175 0.773612 -0.416433
24.429026 1.097767 -0.135707
24.787844 0.911898 0.483454
25.401321 0.727556 0.084327
25.126888 1.278344 -0.450247
25.272638 1.263887 -0.343925
25.137766 1.190090 0.444720
25.408928 1.232192 0.021293
25.342035 0.459824 0.260561
24.581070 1.316197 -0.396850
24.648956 1.306135 -0.452524
24.800735 1.291955 -0.514450
24.505028 1.316971 -0.339987
24.350574 1.332301 0.044000
25.438953 0.468044 0.019387
24.892916 0.535286 -0.524872
25.046890 1.274679 -0.504358
24.458447 1.317942 -0.290945
25.390741 0.738228 -0.209280
24.910849 0.783091 -0.526889
25.296556 0.690619 0.358835
24.434525 0.832765 -0.209095
24.736294 0.642564 0.502598
24.521757 0.874676 0.358129
25.082394 0.920832 0.499118
24.380224 0.596583 0.041224
25.067997 1.169299 0.504681
24.665895 0.554908 -0.461315
25.353212 1.198801 0.282226
25.436255 0.966992 0.041996
24.511030 1.123359 0.346565
25.158501 1.017110 -0.455590
25.389469 0.487306 -0.221195
24.435146 1.078094 -0.227366
24.592218 1.063275 -0.410109
24.407000 1.109408 0.126881
24.927830 1.031981 -0.526250
25.401060 0.985370 -0.191497
24.824865 1.155562 0.511628
24.422190 0.582674 -0.189299
25.282509 0.939165 0.373246
25.128605 0.516898 -0.477534
25.345427 1.244304 -0.297439
24.544794 0.629688 0.372923
24.717554 0.893025 0.491111
24.382820 0.846899 0.020847
25.101250 0.674493 0.487672
24.683578 0.801456 -0.474431
25.433483 0.720584 0.020040
25.253674 0.755372 -0.397839
25.412157 0.709320 0.155370
25.138842 0.766440 -0.471686
24.569613 0.812506 -0.398792
24.969273 0.663006 0.522801
24.407963 0.858480 0.151987
25.419725 1.231974 -0.064788
25.242037 0.505589 -0.410434
24.847715 0.904484 0.520965
24.455917 0.617598 0.262877
25.362295 0.950501 0.266145
24.484655 0.570684 -0.310536
25.411362 -0.092869 0.407109
25.413034 -0.091945 -0.403543
25.206856 -0.091652 0.572200
25.211103 -0.090804 -0.569033
25.522974 -0.089435 -0.188211
25.523771 -0.090202 0.188223
25.547367 -0.086063 -0.000111
24.991560 -0.055532 0.602291
24.991560 -0.055532 -0.602291
25.268148 -0.011659 0.436628
25.266666 -0.010239 -0.436003
25.405899 -0.010009 -0.265275
25.406252 -0.010219 0.265054
25.471209 -0.012481 0.055414
25.472221 -0.013357 -0.054009
25.072950 -0.006802 0.535045
25.154123 -0.015581 0.513298
25.080158 -0.005155 -0.531097
25.176014 -0.011624 -0.497909
25.346996 -0.014746 0.362274
25.347614 -0.013323 -0.359272
25.449677 -0.012171 0.163823
25.449677 -0.012171 -0.163823
25.533941 -0.079590 0.094342
25.534451 -0.080116 -0.094494
25.501108 -0.097075 -0.268594
25.503048 -0.098779 0.268434
25.119152 -0.100581 0.618825
25.124645 -0.098272 -0.614519
25.465340 -0.094637 -0.332382
25.295980 -0.095808 -0.521737
25.289778 -0.094332 0.524438
25.356937 -0.100046 0.476392
25.467222 -0.098493 0.336766
25.358585 -0.099753 -0.474434
25.048117 -0.101837 -0.639478
25.044287 -0.104103 0.642596
24.989914 -0.002425 0.548898
24.991070 -0.002336 -0.548640
25.407990 -0.046112 0.332509
25.333282 -0.045549 -0.423289
25.323746 -0.048301 0.436455
25.235554 -0.040695 0.496540
25.134119 -0.046466 -0.555693
25.242060 -0.046286 -0.498962
25.462830 -0.045827 0.227765
25.406906 -0.045282 -0.332639
24.977203 -0.103546 -0.652319
25.117960 -0.053305 0.569155
25.459089 -0.043112 -0.229737
24.973490 -0.106176 0.655328
25.063686 -0.057612 0.590388
25.063923 -0.056025 -0.588688
24.402489 -0.248398 1.031956
24.015196 -0.236985 0.722375
23.825733 -0.236827 0.383228
23.764120 -0.236021 -0.097257
24.573454 -0.243752 -1.099653
24.147970 -0.236422 -0.861284
24.017366 -0.235286 -0.725054
24.401752 -0.247080 -1.031593
23.861906 -0.233620 -0.473284
23.764149 -0.236661 0.097591
23.796993 -0.233432 -0.289341
24.572954 -0.240935 1.099500
23.906080 -0.236820 0.560934
24.149672 -0.237351 0.862787
24.306843 -0.570824 0.979133
23.797129 -0.569968 0.289854
23.906164 -0.570030 -0.561081
24.294825 -0.568162 -0.971627
24.079638 -0.570417 0.795611
24.674881 -0.574885 -1.125708
24.673765 -0.574434 1.125474
23.776691 -0.569588 -0.195218
23.825748 -0.572057 -0.383274
23.957146 -0.570096 0.643871
24.079784 -0.564653 -0.795765
24.478086 -0.570423 -1.065810
23.862053 -0.569921 0.473611
23.760000 -0.569962 -0.000082
24.476730 -0.573973 1.065259
24.822926 -0.401315 1.146699
24.823029 -0.401410 -1.146706
24.753736 -0.243047 -1.139334
24.753736 -0.243060 1.139334
24.814472 -0.504338 -1.146026
24.735767 -0.443636 -1.136725
24.742496 -0.348882 -1.137736
24.655796 -0.398106 -1.121553
24.659790 -0.302877 -1.122450
24.571962 -0.351710 -1.099196
24.574167 -0.450064 -1.099871
24.484667 -0.411285 -1.068453
24.487919 -0.304612 -1.069742
24.414610 -0.354933 -1.037828
24.333942 -0.312187 -0.995318
24.341661 -0.402756 -0.999746
24.267109 -0.366392 -0.953515
24.263636 -0.267494 -0.951164
24.189661 -0.319881 -0.896444
24.203032 -0.429028 -0.907026
24.133680 -0.401176 -0.848426
24.142998 -0.494154 -0.856860
24.215496 -0.524015 -0.916605
24.078423 -0.462722 -0.794342
24.019991 -0.508018 -0.728276
24.021786 -0.400836 -0.730461
23.969601 -0.466189 -0.661928
23.963404 -0.363329 -0.653035
23.922512 -0.419351 -0.589378
23.916597 -0.325543 -0.579354
23.880213 -0.380043 -0.511895
23.882137 -0.483016 -0.515749
23.845407 -0.427399 -0.434904
23.844561 -0.325715 -0.432827
23.819181 -0.388195 -0.364163
24.814505 -0.504136 1.146028
24.735283 -0.443351 1.136650
24.741947 -0.348792 1.137655
24.654903 -0.397718 1.121350
24.658243 -0.303161 1.122104
24.572474 -0.352893 1.099352
24.573685 -0.446005 1.099724
24.495367 -0.395939 1.072651
24.489557 -0.300771 1.070387
24.417999 -0.350308 1.039440
24.341707 -0.324824 0.999772
24.426256 -0.438705 1.043308
23.776455 -0.235070 -0.193847
23.769222 -0.318907 -0.145350
23.761024 -0.319895 -0.048514
23.764112 -0.403288 -0.097158
23.760000 -0.403950 0.000139
23.776344 -0.402485 -0.193198
23.785452 -0.316494 -0.240607
23.760000 -0.236430 0.000125
23.761042 -0.320296 0.048937
23.769325 -0.320604 0.146154
23.776550 -0.236754 0.194406
23.785833 -0.320658 0.242387
23.776554 -0.404099 0.194429
23.797142 -0.404017 0.289909
23.797127 -0.236789 0.289851
23.810459 -0.320655 0.336912
23.843029 -0.320659 0.429037
23.862141 -0.236787 0.473805
23.957220 -0.236869 0.643981
23.985369 -0.320878 0.683781
24.046511 -0.321040 0.759529
24.015175 -0.404745 0.722349
24.079422 -0.404948 0.795388
23.957233 -0.404506 0.643999
23.930794 -0.320692 0.603037
23.906139 -0.404277 0.561038
23.883268 -0.320748 0.517999
24.079565 -0.237193 0.795535
24.113585 -0.321287 0.829592
24.149134 -0.405356 0.862311
24.185694 -0.321826 0.893242
24.222845 -0.405650 0.922127
24.186581 -0.489071 0.893960
24.224981 -0.237880 0.923715
23.825830 -0.234540 -0.383507
23.957983 -0.254155 -0.645109
24.390316 -0.571692 -1.025879
24.436310 -0.494352 -1.047911
24.573513 -0.553760 1.099671
24.389593 -0.574768 1.025513
23.825731 -0.569917 0.383223
23.842983 -0.486964 0.428925
24.080486 -0.234017 -0.796496
24.051302 -0.313107 -0.764942
23.764124 -0.570023 0.097307
23.862108 -0.572903 -0.473733
24.574251 -0.555385 -1.099897
23.764147 -0.569818 -0.097578
23.905920 -0.570006 0.560647
24.015261 -0.570248 0.722455
23.797789 -0.568734 -0.292381
23.814072 -0.478804 -0.348486
23.776516 -0.570011 0.194204
23.764149 -0.404016 0.097593
23.963802 -0.563131 -0.653612
24.277571 -0.467583 -0.960486
23.904305 -0.236102 -0.557742
23.786257 -0.486464 -0.244336
23.769310 -0.487060 0.146040
23.810446 -0.487015 0.336869
23.862196 -0.403999 0.473928
24.149712 -0.570729 0.862821
24.263531 -0.489148 0.951093
24.297634 -0.405106 0.973401
23.825760 -0.403954 0.383306
23.985369 -0.487551 0.683782
24.225077 -0.571031 0.923786
23.769339 -0.487086 -0.146260
23.883165 -0.487064 0.517796
23.761036 -0.487015 0.048791
23.930740 -0.487289 0.602953
23.785820 -0.487033 0.242321
23.761036 -0.487057 -0.048783
24.114080 -0.488162 0.830067
24.046673 -0.487746 0.759714
24.829556 -0.303910 -1.147183
24.829468 -0.303864 1.147177
24.763008 -0.580218 1.140567
24.763344 -0.580444 -1.140610
24.113750 -0.313686 -0.829751
24.306376 -0.239056 0.978845
24.354361 -0.484476 1.006859
24.261528 -0.323420 0.949729
24.322424 -0.226805 -0.988562
23.795559 -0.402266 -0.283766
24.156754 -0.582573 -0.868976
24.356440 -0.488806 -1.008003
24.484589 -0.220402 -1.068422
24.663809 -0.218650 1.123339
24.664236 -0.219195 -1.123432
24.653255 -0.489959 -1.120974
24.652925 -0.489201 1.120898
24.496216 -0.487304 1.072978
23.810061 -0.308239 -0.335607
23.930532 -0.503206 -0.602615
24.483707 -0.218062 1.068070
24.508766 -0.496158 -1.077734
23.881184 -0.299891 -0.513846
24.017357 -0.588975 -0.725043
24.001419 -0.313012 -0.704968
23.844023 -0.506962 -0.431500
24.079237 -0.380349 -0.795194
24.836578 -0.578980 1.147654
24.208839 -0.224835 -0.911524
24.835917 -0.579343 -1.147611
24.838997 -0.224535 -1.147806
24.838997 -0.224535 1.147806
24.431002 -0.512851 1.045496
24.366934 -0.400453 1.013696
24.226292 -0.601332 -0.924685
24.404657 -0.427597 -1.033019
24.727076 -0.518425 1.135358
24.728203 -0.518604 -1.135539
24.714521 -0.652823 -0.529307
24.378847 -0.652823 0.197439
25.441154 -0.652823 -0.197439
25.105478 -0.652823 0.529307
24.301081 -0.652823 -0.205999
25.518919 -0.652823 0.205999
25.115620 -0.652823 -0.608681
24.704380 -0.652823 0.608681
24.141430 -0.652823 0.736490
25.678570 -0.652823 -0.736490
24.142267 -0.652823 -0.725861
25.677732 -0.652823 0.725861
24.357756 -0.652823 -0.915528
25.462244 -0.652823 0.915528
23.977360 -0.652823 0.523937
25.842640 -0.652823 -0.523937
25.473085 -0.652823 -0.909088
24.346914 -0.652823 0.909088
24.536161 -0.652823 -0.202778
25.283838 -0.652823 0.202778
24.707222 -0.652823 0.373838
25.112778 -0.652823 -0.373838
23.986433 -0.652823 -0.519509
25.833567 -0.652823 0.519509
25.119459 -0.652823 -0.689775
25.187017 -0.652823 -0.648475
24.700541 -0.652823 0.689775
24.632984 -0.652823 0.648475
25.600018 -0.652823 0.210004
25.559006 -0.652823 0.277637
24.219982 -0.652823 -0.210004
24.260994 -0.652823 -0.277637
24.185856 -0.652823 0.087955
25.634144 -0.652823 -0.087955
24.820812 -0.652823 -0.722662
24.736662 -0.652823 -0.726456
24.999187 -0.652823 0.722662
25.083338 -0.652823 0.726456
24.180441 -0.652823 0.171150
25.639559 -0.652823 -0.171150
23.856003 -0.652823 -0.078229
25.963997 -0.652823 0.078229
24.774115 -0.652823 1.078953
25.045885 -0.652823 -1.078953
25.187498 -0.652823 -0.731629
25.258102 -0.652823 -0.690250
25.258410 -0.652823 -0.606841
25.330481 -0.652823 -0.648285
25.330980 -0.652823 -0.564703
24.632502 -0.652823 0.731629
24.561897 -0.652823 0.690250
24.561590 -0.652823 0.606841
24.489519 -0.652823 0.648285
24.489019 -0.652823 0.564703
24.778275 -0.652823 -0.799202
24.690754 -0.652823 -0.797558
24.647720 -0.652823 -0.717079
25.041727 -0.652823 0.799202
25.129248 -0.652823 0.797558
25.172279 -0.652823 0.717079
24.107582 -0.652823 0.130238
25.712418 -0.652823 -0.130238
24.178284 -0.652823 -0.278721
24.218761 -0.652823 -0.349541
24.302280 -0.652823 -0.348783
24.259525 -0.652823 -0.421156
24.344961 -0.652823 -0.420575
25.641716 -0.652823 0.278721
25.601238 -0.652823 0.349541
25.517719 -0.652823 0.348783
25.560474 -0.652823 0.421156
25.475039 -0.652823 0.420575
24.865776 -0.652823 -0.797279
24.954224 -0.652823 0.797279
24.708605 -0.652823 -0.374788
25.111395 -0.652823 0.374788
24.535055 -0.652823 0.201542
25.284945 -0.652823 -0.201542
24.301176 -0.652823 -0.493948
24.388983 -0.652823 -0.493114
24.344568 -0.652823 -0.567558
25.518824 -0.652823 0.493948
25.431017 -0.652823 0.493114
25.475431 -0.652823 0.567558
24.107218 -0.652823 0.215823
24.182751 -0.652823 0.251065
25.712782 -0.652823 -0.215823
25.637249 -0.652823 -0.251065
24.110411 -0.652823 0.044539
25.709589 -0.652823 -0.044539
25.404011 -0.652823 -0.605947
25.404263 -0.652823 -0.522487
24.415989 -0.652823 0.605947
24.415739 -0.652823 0.522487
24.138203 -0.652823 -0.209045
25.681797 -0.652823 0.209045
25.478472 -0.652823 -0.563051
24.341528 -0.652823 0.563051
24.701721 -0.652823 0.771294
25.118279 -0.652823 -0.771294
24.094883 -0.652823 -0.278880
25.725117 -0.652823 0.278880
25.185736 -0.652823 -0.815846
24.634266 -0.652823 0.815846
24.489233 -0.652823 0.481533
25.330767 -0.652823 -0.481533
24.431398 -0.652823 -0.418966
25.388601 -0.652823 0.418966
24.435291 -0.652823 -0.566024
25.384708 -0.652823 0.566024
24.602716 -0.652823 -0.794875
25.217285 -0.652823 0.794875
24.342394 -0.652823 0.480448
24.266859 -0.652823 0.520147
25.477606 -0.652823 -0.480448
25.553141 -0.652823 -0.520147
24.031889 -0.652823 0.087160
25.788111 -0.652823 -0.087160
24.388950 -0.652823 -0.639095
25.431049 -0.652823 0.639095
24.821819 -0.652823 -0.875366
24.998180 -0.652823 0.875366
25.605629 -0.652823 0.493242
24.214371 -0.652823 -0.493242
24.111786 -0.652823 0.304400
25.708214 -0.652823 -0.304400
25.477308 -0.652823 -0.647555
24.342691 -0.652823 0.647555
24.031130 -0.652823 0.263267
25.788870 -0.652823 -0.263267
24.645605 -0.652823 -0.872009
25.174395 -0.652823 0.872009
24.910606 -0.652823 -0.868056
24.909393 -0.652823 0.868056
25.768316 -0.652823 0.206182
24.051683 -0.652823 -0.206182
25.328859 -0.652823 -0.732293
24.491142 -0.652823 0.732293
24.036781 -0.652823 0.001665
25.783218 -0.652823 -0.001665
24.560144 -0.652823 -0.868443
25.259857 -0.652823 0.868443
24.705957 -0.652823 0.855629
25.114044 -0.652823 -0.855629
25.314735 -0.652823 -0.995744
24.505264 -0.652823 0.995744
24.515322 -0.652823 -0.793008
25.304678 -0.652823 0.793008
24.011383 -0.652823 -0.277478
25.808619 -0.652823 0.277478
24.870979 -0.652823 -0.945425
24.949020 -0.652823 0.945425
23.864725 -0.652823 0.181689
25.955275 -0.652823 -0.181689
24.270636 -0.652823 0.439209
24.191477 -0.652823 0.472554
24.343319 -0.652823 0.398966
25.549364 -0.652823 -0.439209
25.628523 -0.652823 -0.472554
25.476681 -0.652823 -0.398966
23.958113 -0.652823 0.041057
25.861889 -0.652823 -0.041057
25.521570 -0.652823 0.645111
24.298429 -0.652823 -0.645111
24.053848 -0.652823 -0.351725
25.766151 -0.652823 0.351725
24.349480 -0.652823 -0.729053
25.470520 -0.652823 0.729053
24.481764 -0.652823 -0.651600
24.522192 -0.652823 -0.565275
25.338236 -0.652823 0.651600
25.297808 -0.652823 0.565275
25.048262 -0.652823 0.966506
24.771740 -0.652823 -0.966506
25.630302 -0.652823 -0.560272
24.189699 -0.652823 0.560272
24.032551 -0.652823 0.354337
25.787449 -0.652823 -0.354337
24.866045 -0.652823 0.795444
24.953955 -0.652823 -0.795444
24.113609 -0.652823 -0.040987
25.706390 -0.652823 0.040987
25.167896 -0.652823 0.224293
24.652103 -0.652823 -0.224293
25.134834 -0.652823 -0.257533
24.685165 -0.652823 0.257533
25.865969 -0.652823 0.212795
23.954031 -0.652823 -0.212795
24.599476 -0.652823 -0.954104
25.220526 -0.652823 0.954104
25.184032 -0.652823 -0.901754
25.254219 -0.652823 -0.860717
24.635967 -0.652823 0.901754
24.565781 -0.652823 0.860717
23.954741 -0.652823 0.308431
25.865259 -0.652823 -0.308431
23.973852 -0.652823 -0.356443
25.846148 -0.652823 0.356443
24.961233 -0.652823 -0.929248
24.858767 -0.652823 0.929248
25.705208 -0.652823 -0.502191
25.715088 -0.652823 -0.588643
24.114792 -0.652823 0.502191
24.104912 -0.652823 0.588643
24.568663 -0.652823 -0.639071
25.251337 -0.652823 0.639071
24.271011 -0.652823 0.360237
25.548988 -0.652823 -0.360237
24.680141 -0.652823 -1.030020
25.139858 -0.652823 1.030020
24.702585 -0.652823 0.947489
25.117414 -0.652823 -0.947489
24.007410 -0.652823 -0.133123
25.812590 -0.652823 0.133123
24.461269 -0.652823 -0.870863
25.358730 -0.652823 0.870863
24.601702 -0.652823 -0.563587
24.559158 -0.652823 -0.491613
25.218298 -0.652823 0.563587
25.260841 -0.652823 0.491613
25.570484 -0.652823 0.723684
25.616526 -0.652823 0.643215
25.709194 -0.652823 0.631272
24.249517 -0.652823 -0.723684
24.203474 -0.652823 -0.643215
24.110806 -0.652823 -0.631272
24.342730 -0.652823 0.318067
24.416893 -0.652823 0.356168
25.477272 -0.652823 -0.318067
25.403107 -0.652823 -0.356168
23.946621 -0.652823 0.392727
25.873379 -0.652823 -0.392727
24.635252 -0.652823 0.994087
25.184748 -0.652823 -0.994087
24.923136 -0.652823 -1.007660
24.896864 -0.652823 1.007660
24.291826 -0.652823 -0.791647
25.528175 -0.652823 0.791647
24.125751 -0.652823 0.403133
25.694250 -0.652823 -0.403133
23.875853 -0.652823 -0.268653
25.944147 -0.652823 0.268653
24.432096 -0.652823 -0.775067
25.387905 -0.652823 0.775067
23.948822 -0.652823 0.130646
25.871180 -0.652823 -0.130646
25.343525 -0.652823 0.491614
25.306032 -0.652823 0.418688
25.350557 -0.652823 0.346802
25.267508 -0.652823 0.345435
25.225164 -0.652823 0.417696
24.476475 -0.652823 -0.491614
24.513968 -0.652823 -0.418688
24.469442 -0.652823 -0.346802
24.552492 -0.652823 -0.345435
24.594835 -0.652823 -0.417696
24.416248 -0.652823 0.439782
24.489914 -0.652823 0.399114
24.562250 -0.652823 0.441539
24.563620 -0.652823 0.358308
24.491241 -0.652823 0.317357
25.403751 -0.652823 -0.439782
25.330086 -0.652823 -0.399114
25.257750 -0.652823 -0.441539
25.256380 -0.652823 -0.358308
25.328760 -0.652823 -0.317357
25.962280 -0.652823 -0.077358
23.857719 -0.652823 0.077358
25.634968 -0.652823 -0.654842
24.185032 -0.652823 0.654842
24.517782 -0.652823 -1.002015
25.302217 -0.652823 1.002015
24.386337 -0.652823 -0.347499
24.424479 -0.652823 -0.275481
24.342999 -0.652823 -0.276335
25.433662 -0.652823 0.347499
25.395523 -0.652823 0.275481
25.477001 -0.652823 0.276335
24.562014 -0.652823 0.523522
24.634184 -0.652823 0.485579
24.633808 -0.652823 0.566455
25.257986 -0.652823 -0.523522
25.185816 -0.652823 -0.485579
25.186193 -0.652823 -0.566455
25.608389 -0.652823 0.807219
24.211611 -0.652823 -0.807219
24.650534 -0.652823 -0.626542
25.169468 -0.652823 0.626542
24.836651 -0.652823 0.859336
24.983349 -0.652823 -0.859336
24.713165 -0.652823 -0.452585
25.106834 -0.652823 0.452585
25.519745 -0.652823 -0.203100
24.300255 -0.652823 0.203100
24.456877 -0.652823 0.198068
25.363125 -0.652823 -0.198068
24.825787 -0.652823 0.724565
24.994213 -0.652823 -0.724565
24.010855 -0.652823 -0.429323
24.093956 -0.652823 -0.421181
25.809145 -0.652823 0.429323
25.726044 -0.652823 0.421181
24.184704 -0.652823 -0.083467
25.635296 -0.652823 0.083467
24.165257 -0.652823 -0.565302
24.074581 -0.652823 -0.555302
25.654743 -0.652823 0.565302
25.745419 -0.652823 0.555302
25.794718 -0.652823 -0.454065
24.025282 -0.652823 0.454065
24.639439 -0.652823 -0.344222
25.180563 -0.652823 0.344222
25.086458 -0.652823 0.875726
24.733541 -0.652823 -0.875726
24.556749 -0.652823 -0.721151
25.263250 -0.652823 0.721151
24.634472 -0.652823 0.401700
25.185530 -0.652823 -0.401700
25.402580 -0.652823 -0.690007
25.474672 -0.652823 -0.732839
24.417421 -0.652823 0.690007
24.345327 -0.652823 0.732839
25.790413 -0.652823 -0.174821
24.029587 -0.652823 0.174821
24.982111 -0.652823 1.017097
24.837889 -0.652823 -1.017097
24.265423 -0.652823 0.605433
25.554577 -0.652823 -0.605433
25.565454 -0.652823 0.568063
24.254545 -0.652823 -0.568063
24.564714 -0.652823 0.271126
25.255285 -0.652823 -0.271126
25.112431 -0.652823 -0.451232
24.707569 -0.652823 0.451232
25.256498 -0.652823 -0.774276
24.563501 -0.652823 0.774276
24.507950 -0.652823 -0.274788
25.312050 -0.652823 0.274788
24.103994 -0.652823 -0.126854
25.716005 -0.652823 0.126854
25.684113 -0.652823 0.350137
24.135887 -0.652823 -0.350137
25.115009 -0.652823 -0.529028
24.704990 -0.652823 0.529028
25.360790 -0.652823 0.202424
24.459209 -0.652823 -0.202424
23.861443 -0.652823 -0.179874
25.958557 -0.652823 0.179874
24.380924 -0.652823 -0.205040
25.439075 -0.652823 0.205040
25.626316 -0.652823 -0.331537
24.193684 -0.652823 0.331537
25.858442 -0.652823 0.051619
23.961559 -0.652823 -0.051619
23.890289 -0.652823 -0.002324
25.929710 -0.652823 0.002324
24.644350 -0.652823 -0.491610
25.175652 -0.652823 0.491610
24.910809 -0.652823 0.722942
24.909191 -0.652823 -0.722942
25.633877 -0.652823 -0.001330
24.186123 -0.652823 0.001330
24.417549 -0.652823 0.269262
25.402451 -0.652823 -0.269262
25.800457 -0.652823 -0.602198
24.019543 -0.652823 0.602198
24.427013 -0.652823 0.955126
24.422541 -0.652823 0.864032
25.392986 -0.652823 -0.955126
25.397459 -0.652823 -0.864032
23.876219 -0.652823 0.271921
25.943781 -0.652823 -0.271921
25.380411 -0.652823 0.961292
24.439589 -0.652823 -0.961292
25.644547 -0.652823 0.420894
24.175453 -0.652823 -0.420894
25.180933 -0.652823 -0.319510
24.639067 -0.652823 0.319510
25.229132 -0.652823 0.269090
24.590868 -0.652823 -0.269090
25.132998 -0.652823 0.941350
24.687002 -0.652823 -0.941350
25.619867 -0.652823 -0.804649
25.549744 -0.652823 -0.859044
24.200132 -0.652823 0.804649
24.270256 -0.652823 0.859044
25.869129 -0.652823 -0.221796
23.950871 -0.652823 0.221796
24.270979 -0.652823 0.691322
25.549021 -0.652823 -0.691322
24.780754 -0.652823 0.805101
25.039246 -0.652823 -0.805101
24.480900 -0.652823 -0.728412
25.339100 -0.652823 0.728412
25.400343 -0.652823 -0.775383
24.419659 -0.652823 0.775383
25.473265 -0.652823 -0.819237
24.346735 -0.652823 0.819237
24.266909 -0.652823 0.273831
25.553093 -0.652823 -0.273831
24.714298 -0.652823 -0.602024
25.105701 -0.652823 0.602024
25.326385 -0.652823 -0.818400
24.493614 -0.652823 0.818400
25.890701 -0.652823 0.434832
23.929298 -0.652823 -0.434832
25.747997 -0.652823 -0.676864
24.072002 -0.652823 0.676864
24.706774 -0.652823 1.043914
25.113226 -0.652823 -1.043914
24.589050 -0.652823 -1.037055
25.230951 -0.652823 1.037055
24.711645 -0.652823 -0.307298
24.602623 -0.652823 0.198353
25.108355 -0.652823 0.307298
25.217377 -0.652823 -0.198353
23.928089 -0.652823 -0.131128
25.891911 -0.652823 0.131128
24.280729 -0.652823 -0.867039
25.539270 -0.652823 0.867039
24.792892 -0.652823 0.996269
25.027107 -0.652823 -0.996269
25.689777 -0.652823 0.490106
24.130222 -0.652823 -0.490106
25.322018 -0.652823 -0.908302
24.497982 -0.652823 0.908302
23.886143 -0.652823 0.347729
25.933857 -0.652823 -0.347729
25.545595 -0.652823 -0.773479
24.274405 -0.652823 0.773479
25.800730 -0.652823 0.611924
24.019270 -0.652823 -0.611924
25.924631 -0.652823 0.352170
23.895369 -0.652823 -0.352170
24.777945 -0.652823 -1.064329
25.042055 -0.652823 1.064329
25.251223 -0.652823 -0.947983
24.568777 -0.652823 0.947983
24.968937 -0.652823 -1.077908
24.851063 -0.652823 1.077908
24.057467 -0.652823 -0.484302
25.762533 -0.652823 0.484302
25.219900 -0.652823 0.195769
24.600101 -0.652823 -0.195769
25.106030 -0.652823 -0.309870
24.713970 -0.652823 0.309870
25.193666 -0.652823 -0.253016
24.626335 -0.652823 0.253016
24.870872 -0.652823 -1.081189
24.949127 -0.652823 1.081189
25.162317 -0.652823 0.281373
24.657682 -0.652823 -0.281373
24.362288 -0.652823 -0.824989
25.457712 -0.652823 0.824989
25.639614 -0.652823 0.153634
24.180386 -0.652823 -0.153634
24.756285 -0.652823 0.729819
25.063715 -0.652823 -0.729819
25.760471 -0.652823 0.685539
24.059528 -0.652823 -0.685539
25.581741 -0.652823 -0.206829
24.238258 -0.652823 0.206829
24.661413 -0.652823 -0.412969
25.158587 -0.652823 0.412969
23.932686 -0.652823 0.465397
25.887314 -0.652823 -0.465397
25.248730 -0.652823 -1.027039
24.571270 -0.652823 1.027039
24.494753 -0.652823 0.250162
25.325247 -0.652823 -0.250162
24.045107 -0.652823 -0.070161
25.774893 -0.652823 0.070161
25.607002 -0.652823 -0.733783
24.212997 -0.652823 0.733783
25.119408 -0.652823 0.250673
24.700592 -0.652823 -0.250673
25.160927 -0.652823 -0.209493
24.659075 -0.652823 0.209493
25.154686 -0.652823 0.567407
25.114868 -0.652823 0.667055
24.665314 -0.652823 -0.567407
24.705132 -0.652823 -0.667055
24.208750 -0.652823 0.402995
25.611252 -0.652823 -0.402995
24.772738 -0.652823 0.899676
25.047262 -0.652823 -0.899676
25.772785 -0.652823 -0.536733
24.047215 -0.652823 0.536733
25.999817 -0.652823 0.000405
23.820185 -0.652823 -0.000405
24.423151 -0.652823 -0.703751
25.396849 -0.652823 0.703751
25.877642 -0.652823 0.293130
23.942360 -0.652823 -0.293130
24.515350 -0.652823 -0.927326
25.304651 -0.652823 0.927326
24.340837 -0.652823 0.250561
25.479162 -0.652823 -0.250561
25.152475 -0.429220 -0.134523
25.051220 -0.522132 -0.248493
25.101095 -0.249114 -0.143288
25.130024 -0.588234 -0.163443
25.037497 -0.346386 -0.239740
25.044710 -0.433511 -0.243051
25.089687 -0.468948 -0.181356
25.082775 -0.391913 -0.177531
25.143738 -0.339383 -0.129275
25.030617 -0.259999 -0.235866
25.162193 -0.514221 -0.138952
25.073477 -0.588898 -0.220089
25.069721 -0.308768 -0.179619
25.160744 -0.251342 -0.114828
25.055271 -0.232144 -0.185545
25.094538 -0.540704 -0.186543
25.185635 -0.592869 -0.138421
25.049938 -0.593005 -0.270589
25.039965 -0.580807 -0.451221
25.028751 -0.420466 -0.443068
25.022818 -0.335607 -0.391624
25.035025 -0.510169 -0.399965
25.034344 -0.500442 -0.486218
25.039635 -0.576095 -0.529160
25.040781 -0.592489 -0.387035
25.029022 -0.424342 -0.370035
24.910648 -0.583733 -0.613096
24.958952 -0.473383 -0.555652
24.894472 -0.308549 -0.469845
24.866655 -0.369541 -0.501595
24.871630 -0.459754 -0.548557
24.952595 -0.348975 -0.490889
24.850620 -0.534395 -0.587413
24.971907 -0.539583 -0.590113
24.940643 -0.297253 -0.463964
24.935665 -0.413702 -0.524584
24.843672 -0.595810 -0.619383
24.976328 -0.595811 -0.619383
24.981974 -0.301446 -0.466147
24.843302 -0.307624 -0.469363
24.912012 -0.514890 -0.577259
24.780035 -0.580808 -0.451219
24.791248 -0.420469 -0.443059
24.797182 -0.335610 -0.391615
24.784975 -0.510170 -0.399964
24.785656 -0.500445 -0.486212
24.780365 -0.576097 -0.529156
24.779219 -0.592489 -0.387035
24.790977 -0.424342 -0.370025
24.666668 -0.428607 -0.134111
24.768780 -0.522132 -0.248492
24.718822 -0.247713 -0.143063
24.689951 -0.588302 -0.163434
24.782536 -0.346434 -0.239835
24.775436 -0.433699 -0.243450
24.730164 -0.468637 -0.181163
24.736853 -0.391887 -0.177143
24.675325 -0.338595 -0.128798
24.789391 -0.259963 -0.235874
24.657806 -0.514221 -0.138951
24.746523 -0.588898 -0.220089
24.750050 -0.308501 -0.179317
24.659256 -0.251342 -0.114828
24.764791 -0.231712 -0.185559
24.725477 -0.540885 -0.186585
24.633783 -0.594767 -0.138426
24.770136 -0.593508 -0.270977
25.039965 -0.580807 0.451221
25.028751 -0.420465 0.443067
25.022818 -0.335607 0.391623
25.035025 -0.510169 0.399965
25.034344 -0.500442 0.486218
25.039635 -0.576095 0.529160
25.040781 -0.592489 0.387035
25.029022 -0.424341 0.370034
25.153334 -0.428607 0.134111
25.051220 -0.522132 0.248492
25.101177 -0.247713 0.143063
25.130049 -0.588302 0.163434
25.037464 -0.346434 0.239835
25.044565 -0.433699 0.243450
25.089836 -0.468637 0.181163
25.083147 -0.391887 0.177143
25.144674 -0.338595 0.128798
25.030609 -0.259962 0.235874
25.162193 -0.514221 0.138951
25.073477 -0.588898 0.220089
25.069950 -0.308501 0.179317
25.160744 -0.251342 0.114828
25.055208 -0.231712 0.185559
25.094522 -0.540885 0.186585
25.186216 -0.594767 0.138426
25.049864 -0.593508 0.270977
25.361214 -0.580803 0.129964
25.353035 -0.420464 0.118752
25.301546 -0.335586 0.112817
25.309954 -0.510181 0.125026
25.396196 -0.500416 0.124343
25.439150 -0.576085 0.129634
25.297035 -0.592490 0.130781
25.280010 -0.424372 0.119025
25.521967 -0.581564 0.000335
25.381422 -0.311580 -0.002238
25.455959 -0.454763 -0.039076
25.417635 -0.381143 0.037898
25.459869 -0.462275 0.047916
25.410484 -0.367406 -0.050131
25.498030 -0.535580 0.061381
25.497162 -0.533912 -0.059273
25.378633 -0.306221 -0.061517
25.379175 -0.307263 0.060371
25.529383 -0.595811 -0.066327
25.529385 -0.595811 0.066326
25.481688 -0.504187 0.000237
24.876970 -0.107422 0.082475
24.869820 -0.102657 -0.066076
24.736851 -0.150354 0.084692
24.880287 -0.084084 0.012541
24.736851 -0.150584 -0.085968
24.687498 -0.164191 0.039469
24.534296 -0.226443 -0.023799
24.861769 -0.139434 0.159230
24.862394 -0.139537 -0.159676
24.618700 -0.191449 -0.017675
24.865107 -0.120600 -0.112129
24.829834 -0.117781 -0.081075
24.816395 -0.112675 -0.039170
24.781540 -0.127937 -0.051533
24.784266 -0.122787 0.003991
24.818571 -0.108889 0.011932
24.808796 -0.116993 0.047864
24.865044 -0.122586 0.117265
24.820822 -0.134347 0.125790
24.741232 -0.140571 0.003212
24.881073 -0.094732 0.050403
24.807524 -0.153583 0.172701
24.693171 -0.161826 -0.038701
24.862085 -0.092709 -0.022988
24.819918 -0.135078 -0.127325
24.841740 -0.107230 0.056185
24.568169 -0.213026 0.038930
24.854551 -0.163430 -0.217522
24.807070 -0.153770 -0.172958
24.854443 -0.161604 0.212930
24.831287 -0.120048 0.089945
24.795095 -0.129669 0.084757
24.859030 -0.239970 -0.406577
24.853653 -0.237062 0.398767
24.629318 -0.188398 0.046575
24.794682 -0.131908 -0.093139
24.847532 -0.184628 -0.268644
24.773060 -0.130805 0.048642
24.852846 -0.096389 0.024137
24.855385 -0.208559 0.329221
24.776632 -0.144482 0.119004
24.845205 -0.183956 0.266425
24.773508 -0.146161 -0.121618
24.651354 -0.181604 -0.070890
24.520063 -0.233359 0.050769
24.851910 -0.211014 -0.334667
24.890892 -0.114536 0.104279
24.910681 -0.583876 0.613171
24.958708 -0.473123 0.555517
24.891096 -0.304583 0.467780
24.864355 -0.367167 0.500359
24.871120 -0.459369 0.548356
24.949490 -0.346529 0.489616
24.850567 -0.535474 0.587974
24.971916 -0.539555 0.590099
24.839499 -0.303429 0.467179
24.978106 -0.298292 0.464505
24.936785 -0.290991 0.460705
24.934435 -0.412609 0.524015
24.843672 -0.595810 0.619383
24.976328 -0.595811 0.619383
24.912279 -0.514838 0.577232
24.780035 -0.580808 0.451219
24.791248 -0.420470 0.443059
24.797182 -0.335609 0.391619
24.784975 -0.510170 0.399964
24.785656 -0.500445 0.486212
24.780365 -0.576097 0.529156
24.779219 -0.592489 0.387035
24.790977 -0.424342 0.370026
