-0.000000 0.600475 0.799643
-0.000000 0.600475 -0.799643
0.000434 0.900201 -0.435475
-0.000434 0.900201 0.435475
0.000077 -0.600494 0.799629
-0.000077 -0.600494 -0.799629
-0.599307 -0.554546 0.577330
-0.302779 -0.646432 0.700322
-0.059921 -0.640751 0.765407
-0.280282 -0.946890 0.157608
0.227242 -0.533786 0.814514
-0.233105 -0.633955 -0.737403
0.190620 0.534005 0.823713
-0.143488 0.634404 -0.759567
-0.233595 -0.633890 -0.737304
0.239220 -0.634348 0.735103
0.148085 0.634151 0.758896
-0.147610 0.532910 -0.833198
0.233370 -0.634248 0.737067
-0.229870 -0.533868 -0.813723
0.169161 0.607138 0.776382
-0.149877 0.633991 -0.758678
-0.325576 -0.634384 -0.701111
-0.247580 0.532865 -0.809172
0.264455 -0.532731 0.803904
0.143757 0.634046 0.759816
0.944430 0.328713 0.000685
0.705556 -0.708653 0.001125
0.001491 0.438871 -0.898549
-0.888134 0.459585 -0.000241
-0.552655 0.833409 -0.001265
0.610477 -0.533709 -0.585211
-0.311983 0.227427 -0.922466
-0.456057 0.533098 0.712615
-0.657174 0.752637 0.040727
0.657544 -0.533790 0.531699
0.596720 0.533759 0.599188
0.632889 -0.752808 0.180918
0.386790 -0.543978 0.744635
-0.012691 0.439009 0.898393
0.000030 -0.772253 -0.635315
-0.001860 -0.906089 0.423083
0.000172 -0.772165 0.635422
-0.484430 -0.661148 0.572897
-0.695936 -0.646209 0.313188
-0.573164 -0.661129 -0.484140
-0.304018 -0.647771 -0.698546
-0.696574 -0.645743 -0.312731
-0.485327 -0.660844 -0.572488
0.764765 -0.641201 -0.063211
0.059921 -0.640751 -0.765407
0.304960 -0.648758 -0.697218
0.696463 -0.645824 -0.312813
0.280282 -0.946890 0.157608
0.280282 -0.946890 -0.157608
0.599306 -0.554546 0.577330
0.573277 -0.661212 -0.483892
0.059629 -0.640713 0.765462
0.328355 -0.723592 0.607123
0.692034 -0.423125 0.584854
0.771189 0.524801 -0.360350
0.019740 0.544053 0.838819
-0.170205 -0.532825 -0.828932
0.651988 0.423045 0.629241
-0.092792 0.927162 -0.362989
-0.467956 0.752766 0.462990
-0.054362 0.634263 -0.771204
-0.764765 -0.641201 0.063211
-0.157608 -0.946890 0.280282
0.157608 -0.946890 0.280282
0.764811 -0.641168 0.062982
0.157608 -0.946890 -0.280282
-0.157608 -0.946890 -0.280282
-0.764811 -0.641168 -0.062982
-0.059629 -0.640713 -0.765462
-0.280282 -0.946890 -0.157608
0.484635 -0.661077 0.572805
0.696383 -0.645872 0.312891
0.485363 -0.660832 -0.572471
-0.064356 0.707508 0.703769
-0.121355 0.707516 0.696200
-0.178642 0.707521 0.683740
-0.235122 0.707523 0.666430
-0.289335 0.707509 0.644761
-0.343357 0.707570 0.617617
-0.395980 0.707534 0.585317
-0.444189 0.707529 0.549635
-0.489081 0.707530 0.510099
-0.530520 0.707531 0.466850
-0.568177 0.707531 0.420207
-0.601753 0.707531 0.370531
-0.631001 0.707531 0.318178
-0.655709 0.707532 0.263523
-0.675697 0.707532 0.206959
-0.690817 0.707532 0.148901
-0.700956 0.707531 0.089777
-0.706044 0.707531 0.030018
-0.706048 0.707531 -0.029938
-0.700972 0.707531 -0.089655
-0.690848 0.707532 -0.148755
-0.675704 0.707534 -0.206929
-0.655726 0.707529 -0.263489
-0.631268 0.707523 -0.317667
-0.601904 0.707546 -0.370257
-0.567781 0.707537 -0.420731
-0.530093 0.707525 -0.467343
-0.489180 0.707520 -0.510018
-0.446602 0.707488 -0.547730
-0.448423 0.600459 -0.662092
-0.341239 0.707518 -0.618850
-0.289318 0.707514 -0.644763
-0.234932 0.707522 -0.666498
-0.178515 0.707521 -0.683774
-0.121297 0.707514 -0.696212
-0.064356 0.707508 -0.703769
0.064356 0.707508 -0.703769
0.121355 0.707516 -0.696200
0.178642 0.707521 -0.683740
0.235122 0.707523 -0.666430
0.289335 0.707509 -0.644761
0.343357 0.707570 -0.617617
0.395980 0.707534 -0.585317
0.444189 0.707529 -0.549635
0.489081 0.707530 -0.510099
0.530520 0.707531 -0.466850
0.568177 0.707531 -0.420207
0.601753 0.707531 -0.370531
0.631001 0.707531 -0.318178
0.655709 0.707532 -0.263523
0.675697 0.707532 -0.206959
0.690817 0.707532 -0.148901
0.700956 0.707531 -0.089777
0.706044 0.707531 -0.030018
0.706048 0.707531 0.029938
0.700972 0.707531 0.089655
0.690848 0.707532 0.148755
0.675704 0.707534 0.206929
0.655726 0.707529 0.263489
0.631268 0.707523 0.317667
0.601904 0.707546 0.370257
0.567781 0.707537 0.420731
0.530093 0.707525 0.467343
0.489180 0.707520 0.510018
0.446602 0.707488 0.547730
0.448423 0.600459 0.662092
0.341239 0.707518 0.618850
0.289318 0.707514 0.644763
0.234932 0.707522 0.666498
0.178515 0.707521 0.683774
0.121297 0.707514 0.696212
0.064356 0.707508 0.703769
-0.053718 0.924261 -0.377964
-0.100623 0.924313 -0.368132
-0.149608 0.924431 -0.350778
-0.198321 0.924466 -0.325625
-0.241559 0.924439 -0.295063
-0.279405 0.924440 -0.259508
-0.312635 0.924399 -0.218508
-0.339226 0.924296 -0.174937
-0.359195 0.924249 -0.129391
-0.373448 0.924229 -0.079601
-0.380986 0.924194 -0.026731
-0.380984 0.924194 0.026772
-0.373438 0.924230 0.079642
-0.359137 0.924252 0.129533
-0.339360 0.924285 0.174734
-0.313143 0.924395 0.217795
-0.279972 0.924444 0.258881
-0.242510 0.924430 0.294310
-0.199648 0.924475 0.324787
-0.151034 0.924427 0.350177
-0.101986 0.924319 0.367740
-0.054777 0.924266 0.377798
0.053718 0.924261 0.377964
0.100621 0.924313 0.368133
0.149606 0.924431 0.350779
0.198320 0.924466 0.325625
0.241559 0.924439 0.295063
0.279406 0.924440 0.259507
0.312635 0.924399 0.218508
0.339226 0.924296 0.174937
0.359196 0.924249 0.129389
0.373449 0.924229 0.079600
0.380986 0.924194 0.026732
0.380984 0.924194 -0.026771
0.373439 0.924230 -0.079638
0.359137 0.924252 -0.129530
0.339361 0.924285 -0.174733
0.313144 0.924395 -0.217794
0.279972 0.924444 -0.258880
0.242512 0.924430 -0.294309
0.199650 0.924475 -0.324786
0.151036 0.924427 -0.350176
0.101987 0.924319 -0.367740
0.054777 0.924266 -0.377798
-0.000009 0.000000 1.000000
-0.000018 0.000000 1.000000
-0.000007 0.000000 1.000000
0.000067 0.000000 1.000000
0.063419 -0.707476 -0.703886
0.118728 -0.707512 -0.696657
0.150343 -0.800361 -0.580362
0.236009 -0.707547 -0.666091
0.292064 -0.707527 -0.643510
0.345039 -0.707524 -0.616732
0.395907 -0.707535 -0.585365
0.444172 -0.707530 -0.549648
0.489068 -0.707530 -0.510111
0.530505 -0.707531 -0.466866
0.568182 -0.707532 -0.420199
0.601787 -0.707532 -0.370475
0.631035 -0.707531 -0.318111
0.556305 -0.800345 -0.223543
0.675699 -0.707532 -0.206954
0.690822 -0.707532 -0.148871
0.700964 -0.707532 -0.089710
0.706047 -0.707531 -0.029950
0.706044 -0.707531 0.030014
0.700939 -0.707534 0.089890
0.690712 -0.707537 0.149360
0.675598 -0.707524 0.207308
0.655711 -0.707531 0.263520
0.630993 -0.707532 0.318191
0.600872 -0.707568 0.371888
0.566966 -0.707510 0.421875
0.530189 -0.707522 0.467239
0.488101 -0.707558 0.510997
0.443027 -0.707509 0.550598
0.397358 -0.707494 0.584430
0.346604 -0.707572 0.615799
0.291777 -0.707528 0.643638
0.235718 -0.707545 0.666196
0.176956 -0.707551 0.684148
0.118528 -0.707510 0.696693
0.063464 -0.707474 0.703884
0.000009 0.000000 -1.000000
0.000018 0.000000 -1.000000
0.000007 0.000000 -1.000000
-0.000067 0.000000 -1.000000
-0.282090 -0.736336 0.615008
-0.071098 -0.074527 0.994681
-0.083515 -0.075323 0.993656
-0.087112 -0.075552 0.993329
-0.075258 -0.074795 0.994355
0.000000 -0.731354 0.681998
0.000000 -0.731354 0.681998
0.000000 -0.731354 0.681998
-0.617348 -0.369920 0.694291
-0.617348 -0.369920 0.694291
-0.617348 -0.369920 0.694291
-0.617348 -0.369920 0.694291
0.089155 -0.533766 0.840919
-0.052185 -0.533572 0.844143
-0.191909 -0.533514 0.823732
-0.325791 -0.533509 0.780530
-0.448709 -0.533510 0.716957
-0.559005 -0.533633 0.634625
-0.654403 -0.533726 0.535625
-0.732456 -0.533946 0.422385
-0.791680 -0.534092 0.296628
-0.778555 -0.607238 0.158473
-0.845741 -0.533393 0.014664
-0.836808 -0.533512 -0.122950
-0.805458 -0.533668 -0.257749
-0.752969 -0.533677 -0.385003
-0.680999 -0.533857 -0.501236
-0.589880 -0.534100 -0.605623
-0.457211 -0.607290 -0.649736
-0.352609 -0.533347 -0.768900
-0.328189 0.455814 -0.827361
-0.449814 0.533697 -0.716125
-0.560949 0.533737 -0.632820
-0.656247 0.533841 -0.533248
-0.734598 0.533985 -0.418600
-0.793539 0.533944 -0.291889
-0.830961 0.533877 -0.156458
-0.845501 0.533745 -0.015638
-0.836465 0.533685 0.124527
-0.804804 0.533727 0.259665
-0.751912 0.533836 0.386844
-0.678211 0.533983 0.504869
-0.585720 0.533913 0.609811
-0.476843 0.533860 0.698294
-0.353755 0.533726 0.768111
-0.221815 0.533668 0.816086
-0.085348 0.533716 0.841346
0.052422 0.533819 0.843973
-0.247485 0.000000 -0.968892
0.110290 -0.455862 0.883191
-0.051228 -0.533726 0.844104
-0.191169 -0.533601 0.823847
-0.323273 -0.533553 0.781547
-0.445020 -0.533748 0.719076
-0.556848 -0.533963 0.636243
-0.654282 -0.533823 0.535675
-0.733705 -0.533741 0.420473
-0.793675 -0.533675 0.292011
-0.831475 -0.533592 0.154692
-0.845703 -0.533443 0.015006
-0.836897 -0.533442 -0.122650
-0.805580 -0.533641 -0.257427
-0.752650 -0.533717 -0.385571
-0.679132 -0.533694 -0.503936
-0.585919 -0.533569 -0.609921
-0.475657 -0.533566 -0.699327
-0.352960 -0.533486 -0.768643
0.247490 0.000000 0.968891
-0.324669 0.456068 -0.828608
-0.414126 0.607304 -0.677998
-0.565349 0.533427 -0.629155
-0.659863 0.533485 -0.529127
-0.736895 0.533634 -0.414996
-0.794436 0.533741 -0.289815
-0.830813 0.533893 -0.157185
-0.845239 0.534040 -0.019314
-0.787215 0.607251 0.107419
-0.803239 0.533420 0.265085
-0.749573 0.533473 0.391850
-0.675870 0.533631 0.508367
-0.584324 0.533724 0.611313
-0.477647 0.533877 0.697731
-0.357230 0.534029 0.766289
-0.217806 0.607243 0.764078
-0.079841 0.533419 0.842075
0.057849 0.533468 0.843840
-0.269521 0.000000 -0.962995
0.107851 -0.455796 0.883526
-0.050452 -0.533738 0.844144
-0.188824 -0.533795 0.824263
-0.321249 -0.533774 0.782230
-0.443526 -0.533923 0.719868
-0.554801 -0.534109 0.637906
-0.609574 -0.607314 0.509499
-0.737173 -0.533426 0.414767
-0.794590 -0.533495 0.289845
-0.830998 -0.533646 0.157049
-0.845398 -0.533756 0.020184
-0.837378 -0.533925 -0.117143
-0.806968 -0.534079 -0.252117
-0.711523 -0.607320 -0.353407
-0.676026 -0.533434 -0.508367
-0.584768 -0.533502 -0.611083
-0.477410 -0.533689 -0.698037
-0.357743 -0.533756 -0.766240
0.223700 0.000000 0.974658
-0.328898 0.455777 -0.827100
-0.448228 0.533795 -0.717046
-0.558588 0.533942 -0.634733
-0.654602 0.534093 -0.535014
-0.686599 0.607335 -0.399657
-0.796515 0.533434 -0.284627
-0.832045 0.533510 -0.151883
-0.845557 0.533686 -0.014571
-0.836645 0.533766 0.122961
-0.805700 0.533939 0.256430
-0.753064 0.534126 0.384193
-0.641273 0.607317 0.468973
-0.579903 0.533387 0.615801
-0.472435 0.533448 0.701597
-0.352367 0.533621 0.768822
-0.223380 0.533752 0.815604
-0.088540 0.533931 0.840879
0.049754 0.534084 0.843966
-0.269527 0.000000 -0.962993
-0.382353 0.000000 -0.924016
0.106901 -0.455877 0.883600
-0.054382 -0.533875 0.843813
-0.196252 -0.533766 0.822544
-0.331719 -0.533728 0.777880
-0.456258 -0.533753 0.711994
-0.566997 -0.533860 0.627302
-0.662778 -0.534067 0.524879
-0.693527 -0.607315 0.387542
-0.801591 -0.533510 0.269849
-0.834941 -0.533621 0.134621
-0.845596 -0.533794 -0.005534
-0.832926 -0.533832 -0.145797
-0.796907 -0.533864 -0.282717
-0.737614 -0.533753 -0.413563
-0.656866 -0.533670 -0.532656
-0.558697 -0.533616 -0.634910
-0.447012 -0.533742 -0.717844
0.223029 0.000000 0.974812
-0.425258 0.455900 -0.781864
-0.535425 0.533737 -0.654557
-0.638254 0.533690 -0.554804
-0.721322 0.533686 -0.441446
-0.783948 0.533803 -0.316987
-0.825625 0.533974 -0.182251
-0.844434 0.533986 -0.042305
-0.839610 0.533981 0.099596
-0.810604 0.533850 0.240676
-0.758381 0.533770 0.374096
-0.685716 0.533744 0.494884
-0.593283 0.533789 0.602565
-0.482236 0.533672 0.694725
-0.358615 0.533547 0.765979
-0.226542 0.533592 0.814836
-0.088388 0.533682 0.841053
0.053150 0.533792 0.843944
0.925385 0.329143 -0.187959
0.847511 0.384832 -0.365554
0.761619 0.385010 -0.521252
0.646632 0.385139 -0.658434
0.506966 0.385107 -0.771154
0.349931 0.384928 -0.854037
0.183420 0.384749 -0.904613
-0.178984 0.384719 -0.905514
-0.342198 0.384855 -0.857197
-0.488516 0.439131 -0.754000
-0.644180 0.385156 -0.660823
-0.759846 0.385079 -0.523782
-0.846739 0.384879 -0.367289
-0.926812 0.329612 -0.179930
-0.999999 0.000000 -0.001530
-0.697092 0.709548 -0.102978
-0.665086 0.709472 -0.233047
-0.609025 0.709404 -0.354731
-0.530950 0.709347 -0.463595
-0.433680 0.709300 -0.555711
-0.320713 0.709264 -0.627764
-0.196131 0.709238 -0.677137
-0.054653 0.801720 -0.595196
0.058942 0.801715 -0.594793
0.201005 0.709220 -0.675725
0.325241 0.709234 -0.625464
0.437702 0.709258 -0.552604
0.719845 -0.557093 -0.414090
0.564613 -0.801852 -0.195564
0.695922 -0.708693 -0.115965
0.342145 -0.675746 -0.652920
0.284813 0.226041 -0.931551
0.088560 0.705930 -0.702724
-0.055156 0.706640 -0.705421
-0.535916 0.556812 0.634630
-0.545254 0.709020 0.447200
-0.617386 0.709046 0.340716
-0.668932 0.709125 0.222873
-0.698155 0.709256 0.097652
-0.178009 0.983811 0.020696
-0.215132 0.974597 0.062285
-0.197394 0.974582 0.105946
-0.171527 0.974592 0.144047
-0.166556 0.907951 -0.384557
-0.336333 0.710633 -0.617965
-0.467623 0.710503 -0.525846
-0.485968 0.802673 -0.345762
-0.551346 0.802740 -0.227213
-0.694591 0.710335 -0.113876
-0.305716 -0.733215 -0.607399
-0.505698 -0.533682 -0.677830
-0.610836 -0.607203 -0.508118
-0.754437 -0.533865 -0.381854
-0.820460 -0.533675 -0.205029
-0.794572 -0.607151 -0.004797
-0.826064 -0.533731 0.180968
-0.714267 -0.607070 0.348264
-0.612031 -0.607201 0.506680
-0.517932 -0.533784 0.668447
-0.322686 -0.607308 0.725982
-0.162525 -0.533848 0.829814
0.026456 -0.533756 0.845225
0.214458 -0.607187 0.765070
0.401909 -0.533612 0.744129
0.532876 -0.607391 0.589168
0.694849 -0.533864 0.481843
0.784599 -0.533675 0.315589
0.786588 -0.607204 0.112169
0.842893 -0.533608 -0.069237
0.754826 -0.607095 -0.248343
0.673695 -0.607281 -0.421123
0.601299 -0.533708 -0.594639
0.418620 -0.607168 -0.675355
0.275155 -0.533687 -0.799667
0.075413 -0.607048 -0.791079
-0.114569 -0.607282 -0.786182
-0.303428 -0.533791 -0.789302
-0.451053 -0.607161 -0.654146
-0.621863 -0.533747 -0.573062
-0.694497 -0.607093 -0.386150
-0.766059 -0.607207 -0.210839
-0.844628 -0.533860 -0.039965
-0.780057 -0.607180 0.151140
-0.774644 -0.533669 0.339300
-0.633031 -0.607163 0.480234
-0.500078 -0.607270 0.617369
-0.375743 -0.533790 0.757552
-0.185927 -0.606911 0.772716
-0.036598 -0.455598 0.889433
0.163832 -0.533522 0.829767
0.349972 -0.533508 0.769993
0.537102 -0.455588 0.709902
-0.818155 0.533519 0.214430
-0.748512 0.533641 0.393647
-0.641856 0.533872 0.550456
-0.472798 0.607278 0.638495
-0.290736 0.658235 0.694406
-0.125855 0.533535 0.836362
0.064094 0.533721 0.843228
0.252881 0.533870 0.806867
0.430811 0.533933 0.727542
0.585497 0.533982 0.609964
0.665864 0.607258 0.433431
0.797991 0.533688 0.279978
0.789457 0.607208 0.089758
0.838757 0.533688 -0.108000
0.793265 0.533914 -0.292688
0.664055 0.607304 -0.436133
0.577000 0.533712 -0.618241
0.401265 0.607301 -0.685691
0.226593 0.607048 -0.761674
0.045539 0.533656 -0.844475
-0.135920 0.607318 -0.782746
-0.340064 0.533682 -0.774300
-0.503765 0.533883 -0.679109
-0.605418 0.607337 -0.514403
-0.755834 0.533692 -0.379326
-0.771561 0.607286 -0.189466
-0.845612 0.533793 0.002163
-0.823630 0.533874 0.191344
-0.713448 0.607291 0.349557
-0.647545 0.533800 0.543823
-0.509364 0.533890 0.674915
-0.319661 0.534256 0.782552
-0.117367 0.455513 0.882458
0.074859 0.533482 0.842493
0.289479 0.455537 0.841836
0.470770 0.455756 0.755422
0.741508 0.000000 0.670944
0.222984 -0.974783 -0.008725
0.218601 -0.974770 -0.045124
0.178266 -0.981542 -0.069258
0.229624 -0.963488 -0.137710
0.169075 -0.974731 -0.145991
0.539558 -0.448687 0.712431
0.493000 -0.708794 0.504542
0.567875 -0.708739 0.418577
0.627919 -0.708695 0.321666
-0.450113 0.469160 0.759794
-0.336863 -0.226632 0.913872
-0.152731 -0.225851 0.962115
0.015744 -0.225690 0.974072
0.193098 -0.225976 0.954803
0.695017 -0.708841 0.120396
0.663238 -0.709659 0.237698
0.605022 -0.709625 0.361083
0.617572 -0.557406 0.554891
0.601132 0.000000 0.799150
0.307143 -0.709535 0.634210
0.179159 -0.709509 0.681542
0.044467 -0.709483 0.703319
-0.091881 -0.709460 0.698731
-0.224815 -0.709439 0.667948
-0.000469 0.708192 0.706020
-0.000163 0.708628 0.705582
-0.927699 0.329472 0.175566
-0.850077 0.384703 0.359684
-0.766695 0.384893 0.513845
-0.655122 0.385047 0.650042
-0.519675 0.385082 0.762660
-0.364833 0.385032 0.847731
-0.197730 0.384851 0.901550
0.000469 0.708192 -0.706020
0.000165 0.708628 -0.705582
-0.000069 -0.924971 -0.380038
0.000043 -0.925912 -0.377739
0.000264 -0.926474 -0.376359
0.006078 -0.927284 -0.374310
-0.007937 -0.927639 -0.373394
0.025442 -0.928846 -0.369590
-0.020465 -0.975195 -0.220398
-0.000838 -0.942448 0.334350
0.000302 -0.930617 0.365994
0.000041 -0.927613 0.373542
0.000189 -0.926403 0.376532
0.000611 -0.925825 0.377953
-0.009018 -0.925245 0.379263
-0.019043 -0.687212 0.726207
-0.615770 -0.736014 0.281265
-0.446486 -0.691907 0.567375
-0.518873 -0.671252 0.529331
-0.562895 -0.689799 0.455332
-0.674585 -0.738081 -0.013075
-0.673773 -0.738591 0.022674
-0.246717 -0.657794 -0.711644
-0.563858 -0.689473 -0.454632
-0.518524 -0.670996 -0.529998
-0.447103 -0.692887 -0.565691
-0.713467 -0.656332 -0.245342
-0.020116 -0.687267 -0.726126
0.609964 -0.745470 -0.268734
0.468531 -0.748986 -0.468507
0.265040 -0.745623 -0.611392
0.071098 -0.074527 -0.994681
0.083515 -0.075323 -0.993656
0.087112 -0.075552 -0.993329
0.075258 -0.074795 -0.994355
0.448553 -0.693270 -0.564071
0.526565 -0.670967 -0.522046
0.565366 -0.689060 -0.453384
0.993885 -0.075156 -0.080897
0.993635 -0.075338 -0.083747
0.993451 -0.075468 -0.085789
0.994262 -0.074868 -0.076400
0.518773 -0.854912 0.000000
0.518773 -0.854912 0.000000
0.617348 -0.369920 0.694291
0.617348 -0.369920 0.694291
0.617348 -0.369920 0.694291
0.617348 -0.369920 0.694291
0.673725 -0.738600 0.023751
0.674583 -0.738105 -0.011759
0.617348 -0.369920 -0.694291
0.617348 -0.369920 -0.694291
0.617348 -0.369920 -0.694291
0.617348 -0.369920 -0.694291
0.246741 -0.657821 -0.711611
0.000000 -0.731354 -0.681998
0.000000 -0.731354 -0.681998
0.000000 -0.731354 -0.681998
0.000000 -0.731354 0.681998
0.000000 -0.731354 0.681998
0.000000 -0.731354 0.681998
0.074687 -0.074758 0.994401
0.086019 -0.075482 0.993430
0.082995 -0.075290 0.993702
0.070843 -0.074510 0.994701
0.248185 -0.660269 0.708836
0.366348 -0.899964 0.236333
0.568410 -0.533426 0.626392
0.464858 -0.533481 0.706616
0.348480 -0.455820 0.819018
-0.095590 -0.533949 -0.840096
0.034546 -0.607136 -0.793847
0.189319 -0.533184 -0.824544
0.319333 -0.533158 -0.783434
0.441040 -0.533261 -0.721885
0.550866 -0.533311 -0.641970
0.646304 -0.533433 -0.545656
0.725857 -0.533536 -0.434131
0.737835 -0.606737 -0.295754
0.829281 -0.532864 -0.168372
0.845567 -0.532847 -0.033020
0.839813 -0.532944 0.103363
0.812237 -0.532970 0.237094
0.762801 -0.532993 0.366134
0.691845 -0.532852 0.487257
0.603201 -0.532697 0.593618
0.500746 -0.532609 0.682335
0.387601 -0.532568 0.752420
-0.255904 -0.455038 -0.852909
-0.105970 -0.533182 -0.839338
0.036917 -0.533086 -0.845255
0.178414 -0.532648 -0.827318
0.308090 -0.532683 -0.788245
0.429595 -0.532800 -0.729091
0.542479 -0.532768 -0.649519
0.642141 -0.532754 -0.551206
0.724322 -0.532716 -0.437688
0.786394 -0.532725 -0.312711
0.826989 -0.532753 -0.179618
0.845189 -0.532792 -0.042286
0.900055 -0.423366 0.103255
0.800497 -0.455846 0.389114
0.867737 -0.455372 0.199171
0.845879 -0.533285 -0.009808
0.818968 -0.533646 -0.210983
0.791676 -0.455474 -0.407176
0.639492 -0.533538 -0.553523
0.526458 -0.455630 -0.717804
0.321643 -0.533571 -0.782207
0.137513 -0.456348 -0.879112
-0.091917 -0.607257 -0.789170
-0.281652 -0.533625 -0.797444
-0.434059 -0.607368 -0.665355
-0.611890 -0.533958 -0.583507
-0.727181 -0.533670 -0.431745
-0.759790 -0.607170 -0.232519
-0.843519 -0.533719 -0.060155
-0.783038 -0.607317 0.134230
-0.779074 -0.533899 0.328626
-0.685599 -0.533756 0.495034
-0.512754 -0.607364 0.606789
-0.388168 -0.533732 0.751303
-0.187160 -0.607333 0.772086
-0.007608 -0.533910 0.845507
0.180824 -0.533665 0.826138
0.351940 -0.607390 0.712190
0.535525 -0.533799 0.654425
0.634418 -0.607222 0.478327
0.772154 -0.533977 0.344451
0.829999 -0.533725 0.161985
0.793528 -0.607254 -0.039446
0.813892 -0.533870 -0.229265
0.691657 -0.607194 -0.391058
0.626656 -0.533584 -0.567969
0.447109 -0.607175 -0.656835
0.276049 -0.607260 -0.745004
0.113703 -0.533680 -0.838008
-0.081695 -0.607315 -0.790249
-0.272666 -0.533634 -0.800555
-0.424295 -0.606981 -0.671973
-0.572066 -0.607371 -0.551218
-0.723823 -0.533692 -0.437324
-0.757367 -0.607135 -0.240380
-0.842673 -0.533776 -0.070605
-0.785173 -0.607008 0.122657
-0.733904 -0.607188 0.304480
-0.690284 -0.533844 0.488384
-0.521233 -0.607111 0.599777
-0.401145 -0.533623 0.744533
-0.198674 -0.607413 0.769141
-0.019045 -0.533825 0.845380
0.168957 -0.533662 0.828649
0.341412 -0.607309 0.717365
0.525118 -0.533619 0.662949
0.625061 -0.607033 0.490724
0.724005 -0.607308 0.327100
0.828359 -0.533724 0.170178
0.793948 -0.607292 -0.029028
0.816359 -0.533927 -0.220182
0.746271 -0.533686 -0.397817
0.591657 -0.607153 -0.530384
0.488490 -0.533709 -0.690313
0.290377 -0.607330 -0.739481
0.123211 -0.533822 -0.836573
-0.066467 -0.533709 -0.843052
-0.251686 -0.607289 -0.753561
-0.439470 -0.533576 -0.722609
-0.560426 -0.607073 -0.563370
-0.678440 -0.607257 -0.413472
-0.801012 -0.533644 -0.271300
-0.791475 -0.607369 -0.068347
-0.836976 -0.533929 0.119961
-0.789555 -0.533572 0.303156
-0.652174 -0.607271 0.453752
-0.568241 -0.533689 0.626321
-0.378791 -0.607203 0.698442
-0.224470 -0.534054 0.815107
-0.030814 -0.534003 0.844921
0.162675 -0.533787 0.829825
0.344369 -0.533713 0.772373
0.488939 -0.607027 0.626463
0.624385 -0.607338 0.491206
0.764137 -0.534219 0.361531
0.826426 -0.533775 0.179178
0.845729 -0.533515 -0.010201
0.821522 -0.533558 -0.201040
0.545354 0.809538 -0.217342
0.952607 0.227393 -0.202069
0.973859 0.227118 0.003911
0.951791 0.226983 0.206329
0.888337 0.226839 0.399251
0.800806 0.226179 0.554574
0.703424 0.225864 0.673929
0.583772 0.225807 0.779886
0.444113 0.225619 0.867099
0.286978 0.225785 0.930948
-0.104277 -0.534061 0.838991
-0.246038 -0.533426 0.809272
-0.377097 -0.533127 0.757346
-0.495639 -0.532985 0.685762
-0.600236 -0.533051 0.596300
-0.689584 -0.533138 0.490140
-0.760267 -0.533080 0.371240
-0.810864 -0.533076 0.241514
-0.839836 -0.533008 0.102854
-0.845296 -0.532924 -0.038293
-0.827729 -0.532838 -0.175925
-0.788211 -0.532910 -0.307783
-0.727167 -0.533086 -0.432490
-0.609060 -0.606314 -0.511302
-0.541307 -0.532550 -0.650674
-0.429360 -0.532630 -0.729353
-0.304059 -0.532866 -0.789685
-0.001544 -0.455833 -0.890064
0.155533 -0.533712 -0.831240
0.294572 -0.533695 -0.792715
0.423003 -0.533578 -0.732368
0.537338 -0.533638 -0.653068
0.637761 -0.533826 -0.555239
0.721126 -0.533943 -0.441456
0.784820 -0.533927 -0.314611
0.826671 -0.533775 -0.178041
0.844826 -0.533793 -0.036521
0.839038 -0.533830 0.105080
0.810311 -0.533909 0.241531
0.759546 -0.534122 0.371219
0.648778 -0.607424 0.458392
0.588007 -0.533513 0.607957
0.480583 -0.533561 0.695955
0.359126 -0.533759 0.765591
-0.107300 -0.455767 -0.883608
0.050690 -0.533708 -0.844148
0.185733 -0.533836 -0.824938
0.317366 -0.534059 -0.783620
0.411428 -0.607303 -0.679640
0.562987 -0.533377 -0.631312
0.657605 -0.533384 -0.532031
0.735131 -0.533594 -0.418161
0.793393 -0.533724 -0.292687
0.830278 -0.533827 -0.160206
0.845213 -0.533938 -0.022935
0.837471 -0.533978 0.116229
0.806425 -0.533918 0.254183
0.752724 -0.533713 0.385430
0.678837 -0.533616 0.504415
0.587222 -0.533703 0.608549
0.480027 -0.533851 0.696115
0.359369 -0.533933 0.765356
-0.147501 -0.454750 -0.878320
0.000321 -0.532723 -0.846290
0.134433 -0.532838 -0.835471
0.267090 -0.532883 -0.802931
0.393171 -0.532745 -0.749399
0.507982 -0.532815 -0.676804
0.610385 -0.532925 -0.586021
0.696620 -0.532842 -0.480417
0.763913 -0.532868 -0.363989
0.812051 -0.533091 -0.237461
0.789000 -0.606344 -0.099125
0.845248 -0.532506 0.044648
0.827258 -0.532495 0.179144
0.787447 -0.532596 0.310272
0.726301 -0.532606 0.434532
0.323546 0.533062 0.781769
0.441828 0.532958 0.721626
0.549518 0.532980 0.643399
0.644661 0.533028 0.547990
0.724070 0.533124 0.437608
0.785078 0.533231 0.315145
0.775524 0.606465 0.175394
0.845543 0.532663 0.036437
0.840440 0.532678 -0.099573
0.813469 0.532791 -0.233242
0.765425 0.532843 -0.360838
0.697671 0.532948 -0.478771
0.611294 0.533071 -0.584941
0.479311 0.606311 -0.634545
0.382397 0.532594 -0.755060
0.256346 0.532610 -0.806606
0.123408 0.532737 -0.837235
-0.012672 0.532793 -0.846151
0.684250 0.533391 0.497289
0.756343 0.533216 0.378980
0.807658 0.533198 0.251772
0.837805 0.533226 0.117272
0.845801 0.533156 -0.019129
0.831898 0.533273 -0.153510
0.796208 0.533374 -0.285597
0.739754 0.533342 -0.410256
0.664946 0.533430 -0.522781
0.572925 0.533639 -0.622083
0.441639 0.606903 -0.660775
0.336985 0.533115 -0.776035
0.209062 0.533170 -0.819770
0.075143 0.533325 -0.842566
-0.085478 0.455725 -0.886007
0.285539 0.454619 0.843676
0.397510 0.532434 0.747328
0.508978 0.532340 0.676429
0.495068 0.533964 0.685412
0.604307 0.533394 0.591865
0.694369 0.533166 0.483308
0.764260 0.533075 0.362956
0.812964 0.533042 0.234428
0.840166 0.533120 0.099522
0.845120 0.533183 -0.038560
0.827126 0.533197 -0.177662
0.785922 0.532975 -0.313472
0.723169 0.532899 -0.439369
0.641486 0.532921 -0.551807
0.543700 0.532975 -0.648327
0.431077 0.533115 -0.727984
0.289707 0.606371 -0.740530
0.163021 0.532628 -0.830501
0.026817 0.532676 -0.845894
-0.111892 0.532843 -0.838784
0.167625 0.384884 0.907616
0.332853 0.384990 0.860809
0.482377 0.439266 0.757864
0.639158 0.385299 0.665598
0.756732 0.385209 0.528177
0.845162 0.384988 0.370790
0.924624 0.329221 0.191530
0.275102 0.900058 0.337955
0.763857 0.455547 0.457165
0.846949 0.455808 0.273708
0.842196 0.533694 0.076661
0.879912 0.455732 -0.134403
0.786149 0.533714 -0.311639
0.726084 0.455563 -0.515038
0.566278 0.533688 -0.628097
0.402246 0.533362 -0.744126
0.239501 0.533090 -0.811452
0.061767 0.607312 -0.792059
-0.136467 0.533783 -0.834537
-0.298156 0.607161 -0.736518
-0.492579 0.533834 -0.687305
-0.594469 0.607306 -0.527054
-0.702786 0.607059 -0.370907
-0.819314 0.533741 -0.209392
-0.794235 0.607284 -0.019932
-0.826754 0.533730 0.177793
-0.721001 0.607325 0.333638
-0.619549 0.607149 0.497523
-0.517692 0.533616 0.668767
-0.336129 0.607188 0.719959
-0.166439 0.533870 0.829024
0.018424 0.607199 0.794336
0.206258 0.607126 0.767369
0.405820 0.533775 0.741886
0.525830 0.607164 0.595697
0.692861 0.533813 0.484755
0.735611 0.607331 0.300043
0.786063 0.607042 0.116641
0.842378 0.533718 -0.074454
0.755978 0.607282 -0.244347
0.720727 0.533728 -0.442365
0.569843 0.607278 -0.553617
0.420743 0.607172 -0.674031
0.267281 0.533633 -0.802369
0.079218 0.607222 -0.790573
-0.117471 0.533871 -0.837366
-0.280280 0.607255 -0.743427
-0.448749 0.607103 -0.655782
-0.628797 0.533776 -0.565418
-0.693455 0.607154 -0.387923
-0.814347 0.533792 -0.227826
-0.793466 0.607343 -0.039327
-0.780343 0.607042 0.150219
-0.770154 0.533695 0.349331
-0.632483 0.607292 0.480792
-0.533394 0.533728 0.656221
-0.354267 0.607267 0.711141
-0.174160 0.607173 0.775248
0.013628 0.533635 0.845605
0.186819 0.607212 0.772265
0.388377 0.533872 0.751095
0.511046 0.607232 0.608360
0.640410 0.607091 0.470442
0.780545 0.533777 0.325317
0.782788 0.607171 0.136334
0.843855 0.533779 -0.054673
0.761051 0.607451 -0.227607
0.727707 0.533655 -0.430876
0.613879 0.533904 -0.581463
0.438885 0.607403 -0.662149
0.285735 0.533741 -0.795912
0.096063 0.607352 -0.788604
-0.104361 0.533791 -0.839152
-0.289215 0.533867 -0.794569
-0.430889 0.607310 -0.667465
-0.615375 0.533882 -0.579900
-0.685153 0.607338 -0.402126
-0.810751 0.533688 -0.240542
-0.843861 0.534007 -0.052295
-0.783831 0.607295 0.129623
-0.777909 0.533776 0.331574
-0.642244 0.607471 0.467441
-0.543111 0.533665 0.648254
-0.385743 0.533895 0.752435
-0.194329 0.607415 0.770249
-0.005097 0.533764 0.845618
0.171336 0.607367 0.775725
0.377260 0.533795 0.756795
0.536964 0.533890 0.653171
0.629034 0.607341 0.485236
0.774551 0.533783 0.339333
0.830697 0.533953 0.157594
0.793837 0.607354 -0.030732
0.812375 0.533774 -0.234804
0.695475 0.607218 -0.384188
0.622719 0.533613 -0.572257
0.480132 0.533939 -0.695976
0.291773 0.607283 -0.738970
0.117758 0.533588 -0.837507
-0.068294 0.607318 -0.791518
-0.098461 0.834234 -0.542548
-0.000613 0.710619 -0.703576
0.157353 0.710410 -0.685972
0.307227 0.710497 -0.633092
0.443495 0.710461 -0.546404
0.555154 0.710251 -0.432837
-0.156460 0.983945 0.085862
-0.240028 0.967038 0.084996
-0.220858 0.974680 0.034928
-0.255492 0.966809 0.002136
-0.251471 0.966877 -0.043711
-0.208596 0.974716 -0.080099
-0.214454 0.966914 -0.138155
-0.162158 0.974646 -0.154173
-0.131849 0.974655 -0.180729
-0.094838 0.974629 -0.202742
-0.081415 0.833095 0.547105
-0.190329 0.708783 0.679266
-0.297142 0.708727 0.639853
-0.396223 0.708683 0.583760
-0.190748 0.454861 -0.869895
-0.317880 0.532732 -0.784315
-0.440468 0.532776 -0.722591
-0.552910 0.532750 -0.640677
-0.649017 0.532709 -0.543137
-0.728034 0.532780 -0.431407
-0.789307 0.532651 -0.305413
-0.828901 0.532624 -0.170980
-0.845544 0.532653 -0.036537
-0.790779 0.606286 0.084176
-0.765452 0.606354 0.215447
-0.814531 0.423287 0.396696
-0.700959 0.533655 0.473148
-0.107671 0.000000 -0.994187
0.325284 0.533980 0.780420
0.451498 0.533950 0.714876
0.565818 0.533836 0.628386
0.663593 0.533795 0.524125
0.741863 0.533762 0.405879
0.799114 0.533765 0.276607
0.834346 0.533731 0.137832
0.845704 0.533628 -0.005017
0.832945 0.533607 -0.146513
0.797327 0.533628 -0.281978
0.739560 0.533844 -0.409953
0.661020 0.533847 -0.527313
0.563748 0.533871 -0.630214
0.449201 0.533772 -0.716454
0.321233 0.533702 -0.782286
0.185380 0.533615 -0.825160
0.046887 0.533674 -0.844390
0.328340 0.455794 0.827312
0.447217 0.533874 0.717618
0.558359 0.534029 0.634861
0.612332 0.607240 0.506270
0.739145 0.533418 0.411253
0.796074 0.533463 0.285805
0.831837 0.533619 0.152635
0.845522 0.533715 0.015531
0.836801 0.533866 -0.121460
0.805647 0.534020 -0.256429
0.752441 0.534010 -0.385572
0.678120 0.533908 -0.505070
0.584436 0.533774 -0.611163
0.475192 0.533706 -0.699536
0.354325 0.533745 -0.767835
0.224840 0.533852 -0.815137
0.088323 0.533992 -0.840864
-0.051358 0.533951 -0.843954
-0.063419 -0.707476 0.703886
-0.118728 -0.707512 0.696657
-0.150343 -0.800361 0.580362
-0.236009 -0.707547 0.666091
-0.292064 -0.707527 0.643510
-0.345039 -0.707524 0.616732
-0.395907 -0.707535 0.585365
-0.444172 -0.707530 0.549648
-0.489068 -0.707530 0.510111
-0.530505 -0.707531 0.466866
-0.568182 -0.707532 0.420199
-0.601787 -0.707532 0.370475
-0.631035 -0.707531 0.318111
-0.556305 -0.800345 0.223543
-0.675699 -0.707532 0.206954
-0.690822 -0.707532 0.148871
-0.700964 -0.707532 0.089710
-0.706047 -0.707531 0.029950
-0.706044 -0.707531 -0.030014
-0.700939 -0.707534 -0.089890
-0.690712 -0.707537 -0.149360
-0.675598 -0.707524 -0.207308
-0.655711 -0.707531 -0.263520
-0.630993 -0.707532 -0.318191
-0.600872 -0.707568 -0.371888
-0.566966 -0.707510 -0.421875
-0.530189 -0.707522 -0.467239
-0.488101 -0.707558 -0.510997
-0.443027 -0.707509 -0.550598
-0.397358 -0.707494 -0.584430
-0.346604 -0.707572 -0.615799
-0.291777 -0.707528 -0.643638
-0.235718 -0.707545 -0.666196
-0.176956 -0.707551 -0.684148
-0.118528 -0.707510 -0.696693
-0.063464 -0.707474 -0.703884
-0.609964 -0.745470 0.268734
-0.468531 -0.748986 0.468507
-0.265040 -0.745623 0.611392
-0.681998 -0.731354 0.000000
-0.681998 -0.731354 0.000000
-0.681998 -0.731354 0.000000
0.000000 -0.854912 0.518773
0.000000 -0.854912 0.518773
0.681998 -0.731354 0.000000
0.681998 -0.731354 0.000000
0.681998 -0.731354 0.000000
0.264695 -0.745636 0.611526
0.468517 -0.748988 0.468519
0.610067 -0.745479 0.268475
0.681998 -0.731354 0.000000
0.681998 -0.731354 0.000000
0.681998 -0.731354 0.000000
0.000000 -0.854912 -0.518773
0.000000 -0.854912 -0.518773
-0.681998 -0.731354 0.000000
-0.681998 -0.731354 0.000000
-0.681998 -0.731354 0.000000
-0.264695 -0.745636 -0.611526
-0.468517 -0.748988 -0.468519
-0.610067 -0.745479 -0.268475
0.000000 -0.731354 -0.681998
0.000000 -0.731354 -0.681998
0.000000 -0.731354 -0.681998
-0.518773 -0.854912 0.000000
-0.518773 -0.854912 0.000000
-0.993885 -0.075156 0.080897
-0.993635 -0.075338 0.083747
-0.993451 -0.075468 0.085789
-0.994262 -0.074868 0.076400
-0.694291 -0.369920 0.617348
-0.589494 -0.405038 0.698886
-0.694291 -0.369920 0.617348
-0.694291 -0.369920 0.617348
0.019284 -0.687223 0.726190
0.694291 -0.369920 0.617348
0.694291 -0.369920 0.617348
0.694291 -0.369920 0.617348
0.694291 -0.369920 0.617348
0.713191 -0.656575 0.245494
0.994279 -0.074855 0.076200
0.993471 -0.075454 0.085567
0.993659 -0.075320 0.083474
0.993890 -0.075153 0.080841
0.564932 -0.689260 0.453621
0.526412 -0.670933 0.522245
0.446384 -0.691773 0.567618
-0.994279 -0.074855 -0.076200
-0.993471 -0.075454 -0.085567
-0.993659 -0.075320 -0.083474
-0.993890 -0.075153 -0.080841
-0.694291 -0.369920 -0.617348
-0.694291 -0.369920 -0.617348
-0.589494 -0.405038 -0.698886
-0.694291 -0.369920 -0.617348
-0.074687 -0.074758 -0.994401
-0.086019 -0.075482 -0.993430
-0.082995 -0.075290 -0.993702
-0.070843 -0.074510 -0.994701
-0.617348 -0.369920 -0.694291
-0.617348 -0.369920 -0.694291
-0.617348 -0.369920 -0.694291
-0.617348 -0.369920 -0.694291
0.020158 -0.687270 -0.726123
0.713420 -0.656372 -0.245373
0.694291 -0.369920 -0.617348
0.694291 -0.369920 -0.617348
0.694291 -0.369920 -0.617348
0.694291 -0.369920 -0.617348
0.000000 1.000000 0.000000
0.000000 1.000000 0.000000
0.000000 1.000000 0.000000
0.000000 1.000000 0.000000
0.000000 1.000000 0.000000
0.000000 1.000000 0.000000
0.000000 1.000000 0.000000
0.000000 1.000000 0.000000
0.000000 1.000000 0.000000
0.000000 1.000000 0.000000
0.000000 1.000000 0.000000
0.000000 1.000000 0.000000
0.000000 1.000000 0.000000
0.000000 1.000000 0.000000
0.000000 1.000000 0.000000
0.000000 1.000000 0.000000
0.000000 1.000000 0.000000
0.000000 1.000000 0.000000
0.000000 1.000000 0.000000
0.000000 1.000000 0.000000
0.000000 1.000000 0.000000
0.000000 1.000000 0.000000
0.000000 1.000000 0.000000
0.000000 1.000000 0.000000
0.000000 1.000000 0.000000
0.000000 1.000000 0.000000
0.000000 1.000000 0.000000
0.000000 1.000000 0.000000
0.000000 1.000000 0.000000
0.000000 1.000000 0.000000
0.000000 1.000000 0.000000
0.000000 1.000000 0.000000
0.000000 1.000000 0.000000
0.000000 1.000000 0.000000
0.000000 1.000000 0.000000
0.000000 1.000000 0.000000
0.000000 1.000000 0.000000
0.000000 1.000000 0.000000
0.000000 1.000000 0.000000
0.000000 1.000000 0.000000
0.000000 1.000000 0.000000
0.000000 1.000000 0.000000
0.000000 1.000000 0.000000
0.000000 1.000000 0.000000
0.000000 1.000000 0.000000
0.000000 1.000000 0.000000
0.000000 1.000000 0.000000
0.000000 1.000000 0.000000
0.000000 1.000000 0.000000
0.000000 1.000000 0.000000
0.000000 1.000000 0.000000
0.000000 1.000000 0.000000
0.000000 1.000000 0.000000
0.000000 1.000000 0.000000
0.000000 1.000000 0.000000
0.000000 1.000000 0.000000
0.000000 1.000000 0.000000
0.000000 1.000000 0.000000
0.000000 1.000000 0.000000
0.000000 1.000000 0.000000
0.000000 1.000000 0.000000
0.000000 1.000000 0.000000
0.000000 1.000000 0.000000
0.000000 1.000000 0.000000
0.000000 1.000000 0.000000
0.000000 1.000000 0.000000
0.000000 1.000000 0.000000
0.000000 1.000000 0.000000
0.000000 1.000000 0.000000
0.000000 1.000000 0.000000
0.000000 1.000000 0.000000
0.000000 1.000000 0.000000
0.000000 1.000000 0.000000
0.000000 1.000000 0.000000
0.000000 1.000000 0.000000
0.000000 1.000000 0.000000
0.000000 1.000000 0.000000
0.000000 1.000000 0.000000
0.000000 1.000000 0.000000
0.000000 1.000000 0.000000
0.000000 1.000000 0.000000
0.000000 1.000000 0.000000
0.000000 1.000000 0.000000
0.000000 1.000000 0.000000
0.000000 1.000000 0.000000
0.000000 1.000000 0.000000
0.000000 1.000000 0.000000
0.000000 1.000000 0.000000
0.000000 1.000000 0.000000
0.000000 1.000000 0.000000
0.000000 1.000000 0.000000
0.000000 1.000000 0.000000
0.000000 1.000000 0.000000
0.000000 1.000000 0.000000
0.000000 1.000000 0.000000
0.000000 1.000000 0.000000
0.000000 1.000000 0.000000
0.000000 1.000000 0.000000
0.000000 1.000000 0.000000
0.000000 1.000000 0.000000
0.000000 1.000000 0.000000
0.000000 1.000000 0.000000
0.000000 1.000000 0.000000
0.000000 1.000000 0.000000
0.000000 1.000000 0.000000
0.000000 1.000000 0.000000
0.000000 1.000000 0.000000
0.000000 1.000000 0.000000
0.000000 1.000000 0.000000
0.000000 1.000000 0.000000
0.000000 1.000000 0.000000
0.000000 1.000000 0.000000
0.000000 1.000000 0.000000
0.000000 1.000000 0.000000
0.000000 1.000000 0.000000
0.000000 1.000000 0.000000
0.000000 1.000000 0.000000
0.000000 1.000000 0.000000
0.000000 1.000000 0.000000
0.000000 1.000000 0.000000
0.000000 1.000000 0.000000
0.000000 1.000000 0.000000
0.000000 1.000000 0.000000
0.000000 1.000000 0.000000
0.000000 1.000000 0.000000
0.000000 1.000000 0.000000
0.000000 1.000000 0.000000
0.000000 1.000000 0.000000
0.000000 1.000000 0.000000
0.000000 1.000000 0.000000
0.000000 1.000000 0.000000
0.000000 1.000000 0.000000
0.000000 1.000000 0.000000
0.000000 1.000000 0.000000
0.000000 1.000000 0.000000
0.000000 1.000000 0.000000
0.000000 1.000000 0.000000
0.000000 1.000000 0.000000
0.000000 1.000000 0.000000
0.000000 1.000000 0.000000
0.000000 1.000000 0.000000
0.000000 1.000000 0.000000
0.000000 1.000000 0.000000
0.000000 1.000000 0.000000
0.000000 1.000000 0.000000
0.000000 1.000000 0.000000
0.000000 1.000000 0.000000
0.000000 1.000000 0.000000
0.000000 1.000000 0.000000
0.000000 1.000000 0.000000
0.000000 1.000000 0.000000
0.000000 1.000000 0.000000
0.000000 1.000000 0.000000
0.000000 1.000000 0.000000
0.000000 1.000000 0.000000
0.000000 1.000000 0.000000
0.000000 1.000000 0.000000
0.000000 1.000000 0.000000
0.000000 1.000000 0.000000
0.000000 1.000000 0.000000
0.000000 1.000000 0.000000
0.000000 1.000000 0.000000
0.000000 1.000000 0.000000
0.000000 1.000000 0.000000
0.000000 1.000000 0.000000
0.000000 1.000000 0.000000
0.000000 1.000000 0.000000
0.000000 1.000000 0.000000
0.000000 1.000000 0.000000
0.000000 1.000000 0.000000
0.000000 1.000000 0.000000
0.000000 1.000000 0.000000
0.000000 1.000000 0.000000
0.000000 1.000000 0.000000
0.000000 1.000000 0.000000
0.000000 1.000000 0.000000
0.000000 1.000000 0.000000
0.000000 1.000000 0.000000
0.000000 1.000000 0.000000
0.000000 1.000000 0.000000
0.000000 1.000000 0.000000
0.000000 1.000000 0.000000
0.000000 1.000000 0.000000
0.000000 1.000000 0.000000
0.000000 1.000000 0.000000
0.000000 1.000000 0.000000
0.000000 1.000000 0.000000
0.000000 1.000000 0.000000
0.000000 1.000000 0.000000
0.000000 1.000000 0.000000
0.000000 1.000000 0.000000
0.000000 1.000000 0.000000
0.000000 1.000000 0.000000
0.000000 1.000000 0.000000
0.000000 1.000000 0.000000
0.000000 1.000000 0.000000
0.000000 1.000000 0.000000
0.000000 1.000000 0.000000
0.000000 1.000000 0.000000
0.000000 1.000000 0.000000
0.000000 1.000000 0.000000
0.000000 1.000000 0.000000
0.000000 1.000000 0.000000
0.000000 1.000000 0.000000
0.000000 1.000000 0.000000
0.000000 1.000000 0.000000
0.000000 1.000000 0.000000
0.000000 1.000000 0.000000
0.000000 1.000000 0.000000
0.000000 1.000000 0.000000
0.000000 1.000000 0.000000
0.000000 1.000000 0.000000
0.000000 1.000000 0.000000
0.000000 1.000000 0.000000
0.000000 1.000000 0.000000
0.000000 1.000000 0.000000
0.000000 1.000000 0.000000
0.000000 1.000000 0.000000
0.000000 1.000000 0.000000
0.000000 1.000000 0.000000
0.000000 1.000000 0.000000
0.000000 1.000000 0.000000
0.000000 1.000000 0.000000
0.000000 1.000000 0.000000
0.000000 1.000000 0.000000
0.000000 1.000000 0.000000
0.000000 1.000000 0.000000
0.000000 1.000000 0.000000
0.000000 1.000000 0.000000
0.000000 1.000000 0.000000
0.000000 1.000000 0.000000
0.000000 1.000000 0.000000
0.000000 1.000000 0.000000
0.000000 1.000000 0.000000
0.000000 1.000000 0.000000
0.000000 1.000000 0.000000
0.000000 1.000000 0.000000
0.000000 1.000000 0.000000
0.000000 1.000000 0.000000
0.000000 1.000000 0.000000
0.000000 1.000000 0.000000
0.000000 1.000000 0.000000
0.000000 1.000000 0.000000
0.000000 1.000000 0.000000
0.000000 1.000000 0.000000
0.000000 1.000000 0.000000
0.000000 1.000000 0.000000
0.000000 1.000000 0.000000
0.000000 1.000000 0.000000
0.000000 1.000000 0.000000
0.000000 1.000000 0.000000
0.000000 1.000000 0.000000
0.000000 1.000000 0.000000
0.000000 1.000000 0.000000
0.000000 1.000000 0.000000
0.000000 1.000000 0.000000
0.000000 1.000000 0.000000
0.000000 1.000000 0.000000
0.000000 1.000000 0.000000
0.000000 1.000000 0.000000
0.441323 0.000000 -0.897348
0.778093 0.000000 -0.628149
0.942844 0.000000 -0.333234
0.996418 0.000000 0.084568
0.292938 0.000000 0.956132
0.662678 0.000000 0.748905
0.775240 0.000000 0.631666
0.441150 0.000000 0.897433
0.911405 0.000000 0.411510
0.996393 0.000000 -0.084862
0.967839 0.000000 0.251572
0.293136 0.000000 -0.956071
0.872975 0.000000 -0.487765
0.661204 0.000000 -0.750206
0.524484 0.000000 -0.851420
0.967724 0.000000 -0.252012
0.872548 0.000000 0.488529
0.534235 0.000000 0.845336
0.722060 0.000000 -0.691831
0.204139 0.000000 0.978942
0.204709 0.000000 -0.978823
0.985490 0.000000 0.169733
0.942281 0.000000 0.334823
0.828546 0.000000 -0.559921
0.721494 0.000000 0.692421
0.375595 0.000000 0.926784
0.911235 0.000000 -0.411887
1.000000 0.000000 0.000051
0.377856 0.000000 -0.925864
0.075458 0.000000 -0.997149
0.075323 0.000000 0.997159
0.137130 0.000000 0.990553
0.137349 0.000000 -0.990523
0.082763 0.000000 0.996569
0.151428 0.000000 0.988468
0.145574 0.000000 0.989347
0.221060 0.000000 0.975260
0.217586 0.000000 0.976041
0.293956 0.000000 0.955819
0.292010 0.000000 0.956415
0.369840 0.000000 0.929095
0.367172 0.000000 0.930153
0.434470 0.000000 0.900687
0.500772 0.000000 0.865579
0.494317 0.000000 0.869282
0.559069 0.000000 0.829121
0.562044 0.000000 0.827108
0.626361 0.000000 0.779533
0.614714 0.000000 0.788750
0.675324 0.000000 0.737522
0.666947 0.000000 0.745106
0.603858 0.000000 0.797091
0.723325 0.000000 0.690507
0.773904 0.000000 0.633303
0.772426 0.000000 0.635105
0.818243 0.000000 0.574873
0.823149 0.000000 0.567825
0.858995 0.000000 0.511984
0.863798 0.000000 0.503838
0.895460 0.000000 0.445143
0.893698 0.000000 0.448669
0.925733 0.000000 0.378177
0.926693 0.000000 0.375818
0.947861 0.000000 0.318685
0.082869 0.000000 -0.996560
0.151857 0.000000 -0.988402
0.146037 0.000000 -0.989279
0.221596 0.000000 -0.975139
0.218215 0.000000 -0.975901
0.292911 0.000000 -0.956140
0.292467 0.000000 -0.956276
0.360564 0.000000 -0.932735
0.365335 0.000000 -0.930876
0.426877 0.000000 -0.904310
0.494449 0.000000 -0.869206
0.420624 0.000000 -0.907235
0.985693 0.000000 0.168554
0.991980 0.000000 0.126395
0.999110 0.000000 0.042186
0.996424 0.000000 0.084491
1.000000 0.000000 -0.000124
0.985782 0.000000 0.168028
0.977867 0.000000 0.209225
1.000000 0.000000 -0.000109
0.999094 0.000000 -0.042553
0.991891 0.000000 -0.127090
0.985608 0.000000 -0.169049
0.977536 0.000000 -0.210767
0.985605 0.000000 -0.169062
0.967705 0.000000 -0.252086
0.967716 0.000000 -0.252043
0.956126 0.000000 -0.292957
0.927817 0.000000 -0.373037
0.911182 0.000000 -0.412005
0.828506 0.000000 -0.559981
0.804031 0.000000 -0.594587
0.750862 0.000000 -0.660459
0.778119 0.000000 -0.628117
0.722266 0.000000 -0.691616
0.828501 0.000000 -0.559988
0.851484 0.000000 -0.524381
0.872948 0.000000 -0.487814
0.892840 0.000000 -0.450373
0.722151 0.000000 -0.691735
0.692531 0.000000 -0.721388
0.661676 0.000000 -0.749790
0.629824 0.000000 -0.776738
0.597507 0.000000 -0.801864
0.629321 0.000000 -0.777146
0.595704 0.000000 -0.803204
0.942763 0.000000 0.333463
0.827832 0.000000 0.560977
0.451581 0.000000 0.892230
0.411808 0.000000 0.911270
0.292530 0.000000 -0.956256
0.451408 0.000000 -0.892317
0.942858 0.000000 -0.333195
0.927847 0.000000 -0.372960
0.721306 0.000000 0.692616
0.746799 0.000000 0.665050
0.996405 0.000000 -0.084715
0.911176 0.000000 0.412016
0.290979 0.000000 0.956729
0.996387 0.000000 0.084931
0.873054 0.000000 -0.487624
0.778063 0.000000 -0.628186
0.967157 0.000000 0.254179
0.952984 0.000000 0.303019
0.985625 0.000000 -0.168945
0.996393 0.000000 -0.084862
0.822799 0.000000 0.568333
0.549336 0.000000 0.835602
0.874969 0.000000 0.484179
0.977250 0.000000 0.212093
0.991904 0.000000 -0.126990
0.956135 0.000000 -0.292927
0.911149 0.000000 -0.412078
0.661045 0.000000 -0.750347
0.561671 0.000000 -0.827361
0.530626 0.000000 -0.847606
0.942821 0.000000 -0.333299
0.804024 0.000000 -0.594596
0.595355 0.000000 -0.803463
0.991875 0.000000 0.127213
0.892903 0.000000 -0.450249
0.999100 0.000000 -0.042426
0.851534 0.000000 -0.524300
0.977548 0.000000 -0.210714
0.999100 0.000000 0.042418
0.692280 0.000000 -0.721629
0.750758 0.000000 -0.660578
0.069940 0.000000 0.997551
0.070030 0.000000 -0.997545
0.127748 0.000000 -0.991807
0.127498 0.000000 0.991839
0.693158 0.000000 0.720785
0.524837 0.000000 -0.851203
0.483658 0.000000 -0.875257
0.563551 0.000000 -0.826081
0.511137 0.000000 0.859499
0.968418 0.000000 0.249331
0.653324 0.000000 0.757078
0.481241 0.000000 0.876589
0.369939 0.000000 0.929056
0.214112 0.000000 -0.976809
0.213750 0.000000 0.976889
0.221231 0.000000 0.975221
0.221794 0.000000 -0.975093
0.360257 0.000000 -0.932853
0.956933 0.000000 0.290307
0.853597 0.000000 0.520934
0.369973 0.000000 -0.929043
0.348782 0.000000 0.937204
0.895239 0.000000 0.445587
0.776026 0.000000 0.630701
0.790214 0.000000 0.612830
0.926839 0.000000 0.375460
0.722716 0.000000 0.691145
0.060757 0.000000 -0.998153
0.608995 0.000000 0.793174
0.060914 0.000000 0.998143
0.059387 0.000000 0.998235
0.059397 0.000000 -0.998234
0.418252 0.000000 -0.908331
0.472210 0.000000 -0.881486
0.596375 0.000000 0.802706
0.438599 0.000000 0.898683
0.158731 0.000000 -0.987322
0.158143 0.000000 0.987416
0.000000 -0.069756 0.997564
0.000000 -0.069756 0.997564
0.000000 -0.069756 0.997564
0.000000 -0.069756 0.997564
0.000000 -0.069756 0.997564
0.000000 -0.069756 0.997564
0.000000 -0.069756 0.997564
0.000000 -0.069756 0.997564
0.995634 0.000000 -0.093348
0.000000 1.000000 0.000000
0.000000 1.000000 0.000000
0.000000 1.000000 0.000000
0.000000 1.000000 0.000000
0.469902 0.000000 0.882718
0.669544 0.000000 0.742773
0.251706 0.000000 0.967804
0.024573 0.000000 0.999698
-0.199683 0.000000 0.979861
0.000000 -1.000000 0.000000
0.000000 0.000000 0.000000
-0.085316 0.708231 -0.700807
-0.549710 0.708664 0.442283
-0.547086 0.708774 -0.445350
-0.327198 0.708827 0.624904
-0.319032 0.708926 -0.629002
-0.675569 0.708001 -0.205768
-0.675357 0.708029 0.206367
-0.706175 0.708037 -0.000134
-0.086544 0.708256 0.700631
-0.446358 0.709975 0.544702
-0.458552 0.709318 -0.535348
-0.622952 0.709553 -0.329340
-0.622860 0.709500 0.329629
-0.702513 0.708732 -0.064608
-0.702563 0.708747 0.063902
-0.213345 0.709043 0.672118
-0.330459 0.709432 0.622498
-0.204020 0.708659 -0.675409
-0.302616 0.708970 -0.637013
-0.546459 0.709518 0.444934
-0.544378 0.709622 -0.447314
-0.676450 0.709018 0.199272
-0.676567 0.708979 -0.199011
-0.697609 0.708195 -0.108632
-0.697619 0.708201 0.108533
-0.647392 0.708016 0.282130
-0.647558 0.708046 -0.281672
-0.230824 0.708463 0.666933
-0.224966 0.708396 -0.669003
-0.609318 0.708564 0.355905
-0.415642 0.708988 -0.569717
-0.420447 0.709088 0.566056
-0.483903 0.708695 -0.513410
-0.608824 0.708637 -0.356604
-0.487554 0.708685 0.509958
-0.144321 0.708081 0.691225
-0.141484 0.708049 -0.691845
-0.103009 0.708795 0.697853
-0.101342 0.708702 -0.698192
-0.595601 0.708969 -0.377653
-0.484017 0.709357 0.512386
-0.477607 0.709320 -0.518418
-0.392430 0.709091 -0.585823
-0.258435 0.708503 0.656685
-0.401401 0.709266 0.579499
-0.644571 0.708715 -0.286795
-0.595993 0.708870 0.377220
-0.068646 0.707950 0.702919
-0.244145 0.708280 -0.662369
-0.644095 0.708686 0.287933
-0.066623 0.707912 -0.703151
-0.170405 0.708117 -0.685224
-0.175625 0.708318 0.683697
-0.228318 -0.934307 -0.273756
-0.132240 -0.929344 -0.344720
-0.187691 -0.933981 0.304058
-0.330840 -0.927921 0.171777
-0.327235 -0.927774 -0.179311
-0.369993 -0.926329 0.070845
-0.379620 -0.925069 0.011632
-0.108796 -0.927045 -0.358818
-0.107732 -0.927016 0.359215
-0.304694 -0.944547 0.122446
-0.135838 -0.928327 0.346059
-0.253893 -0.928347 0.271496
-0.371160 -0.927204 0.050332
-0.371486 -0.926902 -0.053388
-0.365546 -0.926747 -0.086700
-0.378880 -0.925424 0.006364
-0.233986 -0.928044 -0.289802
-0.129542 -0.928077 -0.349130
-0.248092 -0.928072 -0.277728
-0.327590 -0.930415 0.164356
-0.330266 -0.928628 0.169039
-0.367715 -0.929916 -0.006535
-0.235529 -0.928566 0.286866
-0.092245 -0.926060 -0.365928
-0.377128 -0.925265 -0.040721
-0.090538 -0.926008 0.366486
-0.262456 -0.963958 0.043615
-0.337048 -0.933071 -0.125604
-0.267805 -0.928658 -0.256663
-0.333740 -0.928008 -0.165584
-0.371634 -0.927777 0.033423
-0.175596 -0.926438 0.332985
-0.046532 -0.924883 0.377395
-0.050678 -0.924797 -0.377070
-0.323011 -0.927450 -0.188417
-0.177570 -0.926399 -0.332044
-0.370996 -0.925470 -0.076597
-0.089839 -0.925432 -0.368110
-0.061573 -0.925041 -0.374843
-0.376108 -0.925247 0.049608
-0.377467 -0.924682 -0.049827
-0.367192 -0.927076 -0.075502
-0.060828 -0.925171 0.374644
-0.087797 -0.925447 0.368565
-0.369355 -0.925285 0.086164
0.382050 -0.091024 -0.919648
0.916599 -0.091313 -0.389240
0.569180 -0.096895 -0.816484
0.557508 -0.096641 -0.824527
0.927200 -0.090257 -0.363530
0.922006 -0.090792 -0.376381
0.705452 -0.098411 -0.701892
0.716216 -0.098396 -0.690908
0.402001 -0.091816 -0.911024
0.933600 -0.089545 -0.346946
0.381949 -0.091020 -0.919690
0.822406 -0.096711 -0.560620
0.753218 -0.098151 -0.650407
0.275582 -0.086219 -0.957403
0.798139 -0.097386 -0.594551
0.703930 -0.098411 -0.703419
0.267530 -0.085818 -0.959720
0.956380 -0.086390 -0.279059
0.887011 -0.461749 0.000000
0.887011 -0.461749 0.000000
0.887011 -0.461749 0.000000
0.887011 -0.461749 0.000000
0.887011 -0.461749 0.000000
0.887011 -0.461749 0.000000
0.887011 -0.461749 0.000000
0.887011 -0.461749 0.000000
0.887011 -0.461749 0.000000
0.887011 -0.461749 0.000000
0.887011 -0.461749 0.000000
0.887011 -0.461749 0.000000
0.887011 -0.461749 0.000000
0.000000 -0.069756 -0.997564
0.000000 -0.069756 -0.997564
0.000000 -0.069756 -0.997564
0.000000 -0.069756 -0.997564
0.000000 -0.069756 -0.997564
0.000000 -0.069756 -0.997564
0.000000 -0.069756 -0.997564
0.000000 -0.069756 -0.997564
0.000000 -0.069756 0.997564
0.000000 -0.069756 0.997564
0.000000 -0.069756 0.997564
0.000000 -0.069756 0.997564
0.000000 -0.069756 0.997564
0.000000 -0.069756 0.997564
0.000000 -0.069756 0.997564
0.000000 -0.069756 0.997564
0.267528 -0.899824 0.344596
-0.149158 -0.899762 -0.410098
-0.419579 -0.899847 -0.119282
0.000320 -0.899836 0.436229
0.399416 -0.899842 0.175361
0.314284 -0.899731 -0.302837
-0.255290 -0.899613 -0.354292
0.182884 -0.899235 0.397403
-0.150784 -0.899726 -0.409583
0.075224 -0.899759 0.429854
-0.435641 -0.899721 -0.026795
-0.367902 -0.899732 0.234800
-0.199212 -0.899719 0.388355
-0.363087 -0.899730 -0.242185
-0.072368 -0.900088 -0.429656
0.076892 -0.899765 -0.429547
0.424106 -0.899766 -0.102737
-0.404578 -0.899698 0.163892
0.266045 -0.899763 0.345900
-0.268659 -0.899677 0.344099
0.323903 -0.899935 0.291896
0.203811 -0.899639 0.386148
0.148711 -0.899636 -0.410537
0.435667 -0.899629 -0.029362
-0.402412 -0.899620 0.169553
-0.310574 -0.899749 -0.306588
-0.130626 -0.899731 0.416438
-0.205955 -0.899715 0.384832
-0.317092 -0.899659 -0.300109
-0.001715 -0.899759 0.436384
-0.433797 -0.899734 0.047948
-0.218217 -0.899738 -0.377958
-0.426714 -0.899663 0.092311
0.258358 -0.899729 -0.351765
0.424944 -0.899854 0.098414
-0.414847 -0.899466 -0.137343
0.381486 -0.899465 -0.213148
0.359189 -0.899813 0.247630
-0.041411 -0.899472 -0.435012
-0.081309 -0.899775 0.428711
-0.292907 -0.899469 0.324283
0.080975 -0.899868 0.428580
-0.434354 -0.899884 -0.039314
-0.389209 -0.899847 -0.196959
-0.348111 -0.899425 0.264297
0.015341 -0.900086 -0.435442
0.091302 -0.899695 -0.426865
0.149602 -0.899699 -0.410074
-0.351433 -0.899776 -0.258645
-0.423177 -0.899619 0.107737
-0.070289 -0.899737 0.430735
-0.268095 -0.899684 -0.344519
0.208276 -0.899640 -0.383756
0.435058 -0.899650 0.036789
-0.201850 -0.899582 -0.387309
0.142202 -0.899699 0.412700
0.313920 -0.899801 0.303005
-0.148529 -0.899716 0.410426
-0.435741 -0.899735 0.024613
0.405640 -0.899665 -0.161430
0.206053 -0.899792 0.384599
0.015679 -0.899662 -0.436306
0.143424 -0.899784 0.412090
-0.393398 -0.899636 -0.189455
-0.255228 -0.899698 0.354122
-0.331851 -0.899629 0.283799
-0.426863 -0.899675 -0.091499
-0.088076 -0.899673 -0.427587
0.356150 -0.899678 -0.252462
-0.378271 -0.899571 0.218363
-0.317343 -0.899661 0.299838
0.384285 -0.899633 -0.207330
0.436126 -0.899743 0.016031
0.250656 -0.899754 -0.357230
-0.363463 -0.899772 0.241464
0.076366 -0.899849 0.429465
0.072534 -0.899803 0.430225
-0.365874 -0.899731 -0.237952
0.424211 -0.899864 0.101437
-0.359581 -0.899763 0.247242
0.058372 -0.899753 -0.432479
-0.021373 -0.899736 -0.435910
-0.026516 -0.900124 0.434826
0.272908 -0.899669 -0.340759
-0.204958 -0.899747 -0.385288
-0.370910 -0.899681 -0.230217
-0.411930 -0.899797 0.143803
0.062100 -0.899622 -0.432230
-0.204268 -0.899638 -0.385909
0.392168 -0.899770 -0.191360
-0.412396 -0.899692 -0.143120
0.427003 -0.899622 0.091367
0.421563 -0.899658 -0.113580
-0.435242 -0.899715 0.032807
-0.015973 -0.899715 -0.436186
-0.143872 -0.899806 0.411886
0.271932 -0.899750 0.341326
0.073847 -0.900265 0.429032
-0.435144 -0.899711 0.034213
-0.204256 -0.899736 0.385688
-0.137746 -0.899527 -0.414581
-0.285565 -0.899584 -0.330457
0.322080 -0.899672 0.294710
-0.296998 -0.899687 0.319931
-0.135802 -0.899616 0.415028
0.184718 -0.899725 -0.395442
0.256027 -0.899577 -0.353851
0.426806 -0.899678 0.091736
-0.434814 -0.899596 -0.040787
-0.236840 -0.899702 0.366665
0.424960 -0.899526 -0.101305
0.344252 -0.899714 -0.268339
0.191884 -0.899690 -0.392095
0.395860 -0.899750 -0.183696
0.327271 -0.899730 0.288755
-0.212123 -0.899610 0.381714
-0.224882 -0.899655 -0.374232
0.267982 -0.899567 0.344912
-0.434541 -0.899673 -0.041983
-0.135702 -0.899644 -0.415001
-0.010836 -0.899668 -0.436440
-0.404590 -0.899635 -0.164208
0.326368 -0.899548 -0.290341
-0.402995 -0.899860 -0.166873
-0.431001 -0.899671 -0.069503
0.398325 -0.899682 0.178633
-0.402763 -0.899863 0.167417
0.151299 -0.899913 0.408980
-0.312342 -0.899843 0.304507
-0.431675 -0.899816 0.063144
0.155599 -0.899847 0.407511
-0.006459 -0.899805 0.436245
-0.311686 -0.899691 0.305629
0.172658 -0.899490 -0.401380
0.421000 -0.899717 -0.115189
0.436025 -0.899754 0.018024
-0.009119 -0.899722 0.436368
-0.411529 -0.899385 0.147481
-0.100928 -0.899837 -0.424389
-0.314471 -0.899786 -0.302478
0.435571 -0.899949 0.019254
-0.298916 -0.899472 -0.318746
0.166976 -0.899817 0.403048
-0.113051 -0.899829 0.421340
-0.362093 -0.899453 -0.244689
0.061913 -0.899844 -0.431796
-0.378264 -0.899810 0.217389
0.389619 -0.899449 0.197963
0.349695 -0.899929 -0.260463
0.402746 -0.899833 0.167616
0.238990 -0.899798 0.365032
-0.075362 -0.899576 -0.430213
0.125731 -0.899740 -0.417923
0.291579 -0.899405 0.325658
-0.070600 -0.899703 -0.430756
-0.263233 -0.899839 0.347848
0.366239 -0.899646 -0.237710
0.332594 -0.899211 0.284254
-0.425169 -0.899804 0.097899
-0.423194 -0.899650 -0.107411
0.434030 -0.899744 -0.045599
-0.436476 -0.899688 -0.007044
0.133067 -0.899795 -0.415526
-0.180615 -0.899668 0.397461
0.303551 -0.899778 -0.313460
0.214704 -0.899752 0.379932
-0.080569 -0.899767 0.428868
-0.266825 -0.899585 0.345763
0.365807 -0.899592 0.238578
-0.423126 -0.899698 -0.107277
-0.259733 -0.899836 -0.350477
-0.162254 -0.899784 -0.405046
-0.076109 -0.899655 0.429916
0.433932 -0.899720 -0.046972
0.210687 -0.899692 0.382315
-0.426710 -0.899542 0.093501
0.434281 -0.899644 -0.045181
0.126429 -0.899666 -0.417872
-0.255549 -0.899561 -0.354238
-0.343266 -0.899691 0.269675
-0.331705 -0.899719 -0.283685
0.307849 -0.899695 -0.309479
0.410881 -0.899698 -0.147376
0.222897 -0.899642 -0.375449
0.359991 -0.899624 0.247149
-0.385801 -0.899699 -0.204204
-0.328086 -0.899530 -0.288455
0.408786 -0.899614 0.153588
-0.393045 -0.899679 0.189980
0.995328 0.000000 0.096548
0.138344 0.899755 0.413886
0.063276 0.899805 0.431678
-0.190121 0.899824 -0.392646
0.233022 0.900054 0.368245
0.430170 0.899872 -0.071997
-0.435744 0.899859 0.019509
-0.323012 0.899871 0.293081
0.294301 0.899680 -0.322433
0.092800 0.899660 -0.426616
-0.144071 0.899728 0.411987
-0.392726 0.899680 -0.190634
0.414163 0.899604 0.138496
0.384181 0.899787 0.206853
0.142819 0.900375 0.411008
-0.353883 0.899669 -0.255661
-0.068997 0.899733 0.430952
0.017973 0.899661 -0.436220
0.210379 0.899758 0.382331
-0.424098 0.899823 0.102272
-0.372457 0.899835 0.227094
0.344837 0.899748 -0.267471
0.409149 0.899745 -0.151841
-0.113654 0.899881 -0.421066
0.301495 0.899819 0.315319
-0.261496 0.899763 0.349352
0.201662 0.899462 -0.387687
-0.261298 0.899805 -0.349391
-0.431557 0.899907 -0.062650
0.435920 0.899926 0.010355
0.044706 0.899917 0.433764
-0.038979 0.899793 0.434573
0.000917 0.899766 0.436371
-0.252160 0.899116 0.357778
-0.402185 0.899717 0.169580
-0.112380 0.899918 0.421329
0.379747 0.899699 -0.215254
0.349517 0.899771 0.261248
-0.050923 0.899750 -0.433426
-0.313890 0.899694 -0.303355
0.430349 0.899641 0.073791
-0.417834 0.899759 -0.125891
-0.203204 0.899632 0.386484
0.150476 0.899578 -0.410021
0.242446 0.899670 -0.363061
0.806569 0.000000 0.591140
0.928218 0.000000 0.372036
0.988801 0.000000 0.149237
0.996836 0.000000 -0.079490
0.950692 0.000000 -0.310138
0.854035 0.000000 -0.520215
0.713350 0.000000 -0.700808
0.529998 0.000000 -0.847999
0.326056 0.000000 -0.945350
0.000000 1.000000 0.000000
0.000000 1.000000 0.000000
0.000000 1.000000 0.000000
0.000000 1.000000 0.000000
0.000000 1.000000 0.000000
0.000000 1.000000 0.000000
0.000000 1.000000 0.000000
0.000000 1.000000 0.000000
0.000000 1.000000 0.000000
0.000000 1.000000 0.000000
0.000000 1.000000 0.000000
0.000000 1.000000 0.000000
0.000000 1.000000 0.000000
0.000000 1.000000 0.000000
0.000000 1.000000 0.000000
0.000000 1.000000 0.000000
0.000000 1.000000 0.000000
0.000000 1.000000 0.000000
0.000000 1.000000 0.000000
0.000000 1.000000 0.000000
0.000000 1.000000 0.000000
0.000000 1.000000 0.000000
0.000000 1.000000 0.000000
0.000000 1.000000 0.000000
0.000000 1.000000 0.000000
0.000000 1.000000 0.000000
0.000000 1.000000 0.000000
0.000000 1.000000 0.000000
0.000000 1.000000 0.000000
0.000000 1.000000 0.000000
0.000000 1.000000 0.000000
0.000000 1.000000 0.000000
0.000000 1.000000 0.000000
0.000000 1.000000 0.000000
0.000000 1.000000 0.000000
0.000000 1.000000 0.000000
0.000000 1.000000 0.000000
0.000000 1.000000 0.000000
0.000000 1.000000 0.000000
0.000000 1.000000 0.000000
0.000000 1.000000 0.000000
0.000000 1.000000 0.000000
0.000000 1.000000 0.000000
0.000000 1.000000 0.000000
0.000000 1.000000 0.000000
0.000000 1.000000 0.000000
0.000000 1.000000 0.000000
0.000000 1.000000 0.000000
0.000000 1.000000 0.000000
0.000000 1.000000 0.000000
0.000000 1.000000 0.000000
0.000000 1.000000 0.000000
0.000000 1.000000 0.000000
0.000000 1.000000 0.000000
0.000000 1.000000 0.000000
0.000000 1.000000 0.000000
0.000000 1.000000 0.000000
0.000000 1.000000 0.000000
0.000000 1.000000 0.000000
0.000000 1.000000 0.000000
0.000000 1.000000 0.000000
0.000000 1.000000 0.000000
0.000000 1.000000 0.000000
0.000000 1.000000 0.000000
0.000000 1.000000 0.000000
0.000000 1.000000 0.000000
0.000000 1.000000 0.000000
0.000000 1.000000 0.000000
0.000000 1.000000 0.000000
0.000000 1.000000 0.000000
0.000000 1.000000 0.000000
0.000000 1.000000 0.000000
0.000000 1.000000 0.000000
0.000000 1.000000 0.000000
0.000000 1.000000 0.000000
0.000000 1.000000 0.000000
0.000000 1.000000 0.000000
0.000000 1.000000 0.000000
0.000000 1.000000 0.000000
0.000000 1.000000 0.000000
0.000000 1.000000 0.000000
0.000000 1.000000 0.000000
0.000000 1.000000 0.000000
0.000000 1.000000 0.000000
0.000000 1.000000 0.000000
0.000000 1.000000 0.000000
0.000000 1.000000 0.000000
0.000000 1.000000 0.000000
0.000000 1.000000 0.000000
0.000000 1.000000 0.000000
0.000000 1.000000 0.000000
0.000000 1.000000 0.000000
0.000000 1.000000 0.000000
0.000000 1.000000 0.000000
0.000000 1.000000 0.000000
0.000000 1.000000 0.000000
0.000000 1.000000 0.000000
0.000000 1.000000 0.000000
0.000000 1.000000 0.000000
0.361697 0.899719 -0.244296
0.192553 0.899749 -0.391632
0.433023 0.899771 -0.053876
-0.270112 0.899841 0.342529
-0.067841 0.899841 -0.430911
-0.421999 0.899839 -0.110483
-0.005135 0.899776 -0.436321
0.311513 0.899836 -0.305378
-0.261463 0.899733 -0.349453
0.367716 0.899847 -0.234648
0.369864 0.899752 0.231618
-0.425177 0.899722 0.098617
-0.063928 0.899749 0.431699
0.409605 0.899830 0.150098
-0.421097 0.899749 0.114582
-0.079462 0.899723 0.429167
0.049857 0.899714 -0.433623
-0.083276 0.899933 -0.428001
-0.273720 0.899745 -0.339905
0.201561 0.899745 -0.387082
0.361340 0.899716 0.244835
0.369245 0.899714 -0.232748
0.206216 0.899845 0.384387
-0.064238 0.899720 -0.431715
0.435421 0.899742 0.029532
-0.421597 0.899731 -0.112876
0.147447 0.899739 0.410766
-0.315696 0.899761 0.301274
-0.272462 0.899727 0.340964
-0.401826 0.899741 -0.170298
0.376026 0.899818 0.221204
0.203038 0.899724 0.386357
0.435350 0.899723 -0.031138
0.145626 0.899740 -0.411413
0.403205 0.899800 0.166689
-0.318504 0.899737 -0.298376
-0.002651 0.899749 0.436400
-0.400978 0.899749 0.172248
0.433737 0.899734 -0.048487
0.435853 0.899756 0.021699
-0.434513 0.899719 0.041283
0.123286 0.899657 -0.418830
-0.424707 0.899729 0.100560
-0.078477 0.899634 -0.429535
-0.077963 0.899728 0.429432
0.397509 0.899800 -0.179849
0.214384 0.899742 -0.380136
0.289449 0.899441 -0.327452
-0.424987 0.899649 -0.100085
-0.262352 0.899737 -0.348776
0.434273 0.899727 0.043574
-0.260600 0.899627 0.350371
0.134172 0.899729 0.415313
-0.326653 0.899733 0.289445
-0.396026 0.899738 -0.183398
0.124046 0.899795 -0.418308
0.419135 0.899660 -0.122221
0.434383 0.899633 -0.044404
0.009472 0.899720 -0.436365
0.314271 0.899748 0.302800
0.214654 0.899637 0.380231
-0.327344 0.899622 -0.289010
-0.151315 0.899743 0.409350
0.403435 0.899739 -0.166462
-0.435689 0.899738 0.025425
-0.197723 0.899763 -0.389014
0.010055 0.899636 0.436525
-0.395856 0.899637 0.184258
0.133391 0.899634 -0.415771
0.403969 0.899634 0.165733
0.365832 0.899841 0.237598
0.317711 0.899763 -0.299143
-0.435358 0.899754 -0.030089
-0.146801 0.899756 -0.410960
-0.201798 0.899750 0.386947
0.274674 0.899802 0.338985
0.032920 0.899473 0.435734
-0.342314 0.899476 -0.271595
-0.385025 0.899524 0.206429
0.404856 0.899960 -0.161753
-0.328987 0.899927 0.286181
0.013528 0.899940 -0.435804
0.295905 0.899446 0.321618
-0.173909 0.899469 -0.400887
-0.437024 0.899450 -0.000828
0.297553 0.899470 -0.320025
-0.393858 0.899936 -0.187058
-0.175985 0.899448 0.400028
0.412452 0.899474 0.144329
0.247921 0.899849 -0.358897
0.362581 0.899890 -0.242351
0.130891 0.899935 0.415914
0.427404 0.899806 0.087606
0.329195 0.900082 0.285452
-0.223952 0.899858 -0.374301
-0.155325 0.899772 -0.407780
-0.020615 0.899845 -0.435723
-0.285694 0.899819 -0.329704
-0.435425 0.899689 -0.031054
0.428356 0.899784 0.083066
0.057495 0.899741 -0.432621
0.184384 0.899826 -0.395367
-0.330262 0.899806 -0.285089
0.422817 0.899646 -0.108918
0.069615 0.899652 -0.431022
0.269300 0.899661 0.343640
-0.366775 0.899631 -0.236938
-0.205782 0.899634 0.385113
-0.363775 0.899654 0.241436
0.075276 0.899653 0.430068
-0.435169 0.899676 -0.034803
0.066944 0.899838 0.431057
-0.141728 0.899653 -0.412961
0.326238 0.899783 0.289756
0.424178 0.899650 0.103454
-0.368281 0.899834 0.233812
0.266805 0.899689 -0.345508
0.418998 0.899811 -0.121577
-0.361532 0.899826 -0.244148
-0.209588 0.899687 -0.382932
-0.434834 0.899684 0.038585
0.078663 0.899826 -0.429097
0.424877 0.899829 -0.098928
-0.138834 0.899678 0.413890
-0.374410 0.899644 -0.224629
0.258873 0.899680 0.351512
0.245294 0.899632 -0.361239
0.394512 0.899766 -0.186499
-0.354622 0.899648 0.254707
-0.218120 0.899680 0.378152
-0.433888 0.899682 -0.048102
0.088802 0.899636 0.427516
-0.128445 0.899708 -0.417167
0.427280 0.899630 0.089985
0.330396 0.899684 -0.285320
0.393879 0.899681 0.188239
0.253830 0.899633 -0.355291
-0.223642 0.899629 -0.375036
-0.014479 0.899683 0.436304
-0.433238 0.899629 0.054530
0.436077 0.899749 0.017009
0.321773 0.899666 -0.295065
-0.123870 0.899628 0.418720
-0.405342 0.899734 0.161793
0.333866 0.899628 0.281430
-0.310919 0.899683 -0.306431
0.547090 0.708774 0.445345
0.549715 0.708664 -0.442277
0.319017 0.708926 0.629009
0.327207 0.708828 -0.624899
0.675361 0.708029 -0.206354
0.675571 0.708001 0.205760
0.706175 0.708038 0.000155
0.085317 0.708231 0.700807
0.086545 0.708256 -0.700631
0.458553 0.709318 0.535347
0.446368 0.709975 -0.544695
0.622865 0.709500 -0.329620
0.622957 0.709553 0.329331
0.702510 0.708731 0.064648
0.702565 0.708748 -0.063868
0.204014 0.708659 0.675412
0.302588 0.708970 0.637026
0.213356 0.709043 -0.672114
0.330470 0.709432 -0.622492
0.544382 0.709622 0.447309
0.546463 0.709518 -0.444929
0.676568 0.708978 0.199012
0.676454 0.709018 -0.199256
0.697608 0.708195 0.108642
0.697622 0.708201 -0.108519
0.647394 0.708016 -0.282124
0.647560 0.708046 0.281668
0.224960 0.708396 0.669005
0.230827 0.708464 -0.666932
0.609323 0.708564 -0.355898
0.420455 0.709088 -0.566050
0.415638 0.708989 0.569719
0.483905 0.708695 0.513407
0.608827 0.708637 0.356600
0.487559 0.708685 -0.509953
0.144321 0.708081 -0.691225
0.141481 0.708049 0.691845
0.101347 0.708702 0.698191
0.103013 0.708795 -0.697852
0.595608 0.708969 0.377643
0.484027 0.709357 -0.512377
0.477608 0.709320 0.518416
0.392413 0.709092 0.585833
0.258445 0.708503 -0.656681
0.401415 0.709266 -0.579489
0.644576 0.708715 0.286783
0.596000 0.708871 -0.377208
0.068646 0.707950 -0.702919
0.244128 0.708279 0.662376
0.644101 0.708686 -0.287919
0.066623 0.707912 0.703151
0.170402 0.708117 0.685225
0.175630 0.708318 -0.683695
-0.441323 0.000000 0.897348
-0.778093 0.000000 0.628149
-0.942844 0.000000 0.333234
-0.996418 0.000000 -0.084568
-0.292938 0.000000 -0.956132
-0.662678 0.000000 -0.748905
-0.775240 0.000000 -0.631666
-0.441150 0.000000 -0.897433
-0.911405 0.000000 -0.411510
-0.996393 0.000000 0.084862
-0.967839 0.000000 -0.251572
-0.293136 0.000000 0.956071
-0.872975 0.000000 0.487765
-0.661204 0.000000 0.750206
-0.524484 0.000000 0.851420
-0.967724 0.000000 0.252012
-0.872548 0.000000 -0.488529
-0.534235 0.000000 -0.845336
-0.722060 0.000000 0.691831
-0.204139 0.000000 -0.978942
-0.204709 0.000000 0.978823
-0.985490 0.000000 -0.169733
-0.942281 0.000000 -0.334823
-0.828546 0.000000 0.559921
-0.721494 0.000000 -0.692421
-0.375595 0.000000 -0.926784
-0.911235 0.000000 0.411887
-1.000000 0.000000 -0.000051
-0.377856 0.000000 0.925864
-0.075458 0.000000 0.997149
-0.075323 0.000000 -0.997159
-0.137130 0.000000 -0.990553
-0.137349 0.000000 0.990523
-0.082763 0.000000 -0.996569
-0.151428 0.000000 -0.988468
-0.145574 0.000000 -0.989347
-0.221060 0.000000 -0.975260
-0.217586 0.000000 -0.976041
-0.293956 0.000000 -0.955819
-0.292010 0.000000 -0.956415
-0.369840 0.000000 -0.929095
-0.367172 0.000000 -0.930153
-0.434470 0.000000 -0.900687
-0.500772 0.000000 -0.865579
-0.494317 0.000000 -0.869282
-0.559069 0.000000 -0.829121
-0.562044 0.000000 -0.827108
-0.626361 0.000000 -0.779533
-0.614714 0.000000 -0.788750
-0.675324 0.000000 -0.737522
-0.666947 0.000000 -0.745106
-0.603858 0.000000 -0.797091
-0.723325 0.000000 -0.690507
-0.773904 0.000000 -0.633303
-0.772426 0.000000 -0.635105
-0.818243 0.000000 -0.574873
-0.823149 0.000000 -0.567825
-0.858995 0.000000 -0.511984
-0.863798 0.000000 -0.503838
-0.895460 0.000000 -0.445143
-0.893698 0.000000 -0.448669
-0.925733 0.000000 -0.378177
-0.926693 0.000000 -0.375818
-0.947861 0.000000 -0.318685
-0.082869 0.000000 0.996560
-0.151857 0.000000 0.988402
-0.146037 0.000000 0.989279
-0.221596 0.000000 0.975139
-0.218215 0.000000 0.975901
-0.292911 0.000000 0.956140
-0.292467 0.000000 0.956276
-0.360564 0.000000 0.932735
-0.365335 0.000000 0.930876
-0.426877 0.000000 0.904310
-0.494449 0.000000 0.869206
-0.420624 0.000000 0.907235
-0.985693 0.000000 -0.168554
-0.991980 0.000000 -0.126395
-0.999110 0.000000 -0.042186
-0.996424 0.000000 -0.084491
-1.000000 0.000000 0.000124
-0.985782 0.000000 -0.168028
-0.977867 0.000000 -0.209225
-1.000000 0.000000 0.000109
-0.999094 0.000000 0.042553
-0.991891 0.000000 0.127090
-0.985608 0.000000 0.169049
-0.977536 0.000000 0.210767
-0.985605 0.000000 0.169062
-0.967705 0.000000 0.252086
-0.967716 0.000000 0.252043
-0.956126 0.000000 0.292957
-0.927817 0.000000 0.373037
-0.911182 0.000000 0.412005
-0.828506 0.000000 0.559981
-0.804031 0.000000 0.594587
-0.750862 0.000000 0.660459
-0.778119 0.000000 0.628117
-0.722266 0.000000 0.691616
-0.828501 0.000000 0.559988
-0.851484 0.000000 0.524381
-0.872948 0.000000 0.487814
-0.892840 0.000000 0.450373
-0.722151 0.000000 0.691735
-0.692531 0.000000 0.721388
-0.661676 0.000000 0.749790
-0.629824 0.000000 0.776738
-0.597507 0.000000 0.801864
-0.629321 0.000000 0.777146
-0.595704 0.000000 0.803204
-0.942763 0.000000 -0.333463
-0.827832 0.000000 -0.560977
-0.451581 0.000000 -0.892230
-0.411808 0.000000 -0.911270
-0.292530 0.000000 0.956256
-0.451408 0.000000 0.892317
-0.942858 0.000000 0.333195
-0.927847 0.000000 0.372960
-0.721306 0.000000 -0.692616
-0.746799 0.000000 -0.665050
-0.996405 0.000000 0.084715
-0.911176 0.000000 -0.412016
-0.290979 0.000000 -0.956729
-0.996387 0.000000 -0.084931
-0.873054 0.000000 0.487624
-0.778063 0.000000 0.628186
-0.967157 0.000000 -0.254179
-0.952984 0.000000 -0.303019
-0.985625 0.000000 0.168945
-0.996393 0.000000 0.084862
-0.822799 0.000000 -0.568333
-0.549336 0.000000 -0.835602
-0.874969 0.000000 -0.484179
-0.977250 0.000000 -0.212093
-0.991904 0.000000 0.126990
-0.956135 0.000000 0.292927
-0.911149 0.000000 0.412078
-0.661045 0.000000 0.750347
-0.561671 0.000000 0.827361
-0.530626 0.000000 0.847606
-0.942821 0.000000 0.333299
-0.804024 0.000000 0.594596
-0.595355 0.000000 0.803463
-0.991875 0.000000 -0.127213
-0.892903 0.000000 0.450249
-0.999100 0.000000 0.042426
-0.851534 0.000000 0.524300
-0.977548 0.000000 0.210714
-0.999100 0.000000 -0.042418
-0.692280 0.000000 0.721629
-0.750758 0.000000 0.660578
-0.069940 0.000000 -0.997551
-0.070030 0.000000 0.997545
-0.127748 0.000000 0.991807
-0.127498 0.000000 -0.991839
-0.693158 0.000000 -0.720785
-0.524837 0.000000 0.851203
-0.483658 0.000000 0.875257
-0.563551 0.000000 0.826081
-0.511137 0.000000 -0.859499
-0.968418 0.000000 -0.249331
-0.653324 0.000000 -0.757078
-0.481241 0.000000 -0.876589
-0.369939 0.000000 -0.929056
-0.214112 0.000000 0.976809
-0.213750 0.000000 -0.976889
-0.221231 0.000000 -0.975221
-0.221794 0.000000 0.975093
-0.360257 0.000000 0.932853
-0.956933 0.000000 -0.290307
-0.853597 0.000000 -0.520934
-0.369973 0.000000 0.929043
-0.348782 0.000000 -0.937204
-0.895239 0.000000 -0.445587
-0.776026 0.000000 -0.630701
-0.790214 0.000000 -0.612830
-0.926839 0.000000 -0.375460
-0.722716 0.000000 -0.691145
-0.060757 0.000000 0.998153
-0.608995 0.000000 -0.793174
-0.060914 0.000000 -0.998143
-0.059387 0.000000 -0.998235
-0.059397 0.000000 0.998234
-0.418252 0.000000 0.908331
-0.472210 0.000000 0.881486
-0.596375 0.000000 -0.802706
-0.438599 0.000000 -0.898683
-0.158731 0.000000 0.987322
-0.158143 0.000000 -0.987416
0.000000 -1.000000 0.000000
0.000000 -1.000000 0.000000
0.000000 -1.000000 0.000000
0.000000 -1.000000 0.000000
0.000000 -1.000000 0.000000
0.000000 -1.000000 0.000000
0.000000 -1.000000 0.000000
0.000000 -1.000000 0.000000
0.000000 -1.000000 0.000000
0.000000 -1.000000 0.000000
0.000000 -1.000000 0.000000
0.000000 -1.000000 0.000000
0.000000 -1.000000 0.000000
0.000000 -1.000000 0.000000
0.000000 -1.000000 0.000000
0.000000 -1.000000 0.000000
0.000000 -1.000000 0.000000
0.000000 -1.000000 0.000000
0.000000 -1.000000 0.000000
0.000000 -1.000000 0.000000
0.000000 -1.000000 0.000000
0.000000 -1.000000 0.000000
0.000000 -1.000000 0.000000
0.000000 -1.000000 0.000000
0.000000 -1.000000 0.000000
0.000000 -1.000000 0.000000
0.000000 -1.000000 0.000000
0.000000 -1.000000 0.000000
0.000000 -1.000000 0.000000
0.000000 -1.000000 0.000000
0.000000 -1.000000 0.000000
0.000000 -1.000000 0.000000
0.000000 -1.000000 0.000000
0.000000 -1.000000 0.000000
0.000000 -1.000000 0.000000
0.000000 -1.000000 0.000000
0.000000 -1.000000 0.000000
0.000000 -1.000000 0.000000
0.000000 -1.000000 0.000000
0.000000 -1.000000 0.000000
0.000000 -1.000000 0.000000
0.000000 -1.000000 0.000000
0.000000 -1.000000 0.000000
0.000000 -1.000000 0.000000
0.000000 -1.000000 0.000000
0.000000 -1.000000 0.000000
0.000000 -1.000000 0.000000
0.000000 -1.000000 0.000000
0.000000 -1.000000 0.000000
0.000000 -1.000000 0.000000
0.000000 -1.000000 0.000000
0.000000 -1.000000 0.000000
0.000000 -1.000000 0.000000
0.000000 -1.000000 0.000000
0.000000 -1.000000 0.000000
0.000000 -1.000000 0.000000
0.000000 -1.000000 0.000000
0.000000 -1.000000 0.000000
0.000000 -1.000000 0.000000
0.000000 -1.000000 0.000000
0.000000 -1.000000 0.000000
0.000000 -1.000000 0.000000
0.000000 -1.000000 0.000000
0.000000 -1.000000 0.000000
0.000000 -1.000000 0.000000
0.000000 -1.000000 0.000000
0.000000 -1.000000 0.000000
0.000000 -1.000000 0.000000
0.000000 -1.000000 0.000000
0.000000 -1.000000 0.000000
0.000000 -1.000000 0.000000
0.000000 -1.000000 0.000000
0.000000 -1.000000 0.000000
0.000000 -1.000000 0.000000
0.000000 -1.000000 0.000000
0.000000 -1.000000 0.000000
0.000000 -1.000000 0.000000
0.000000 -1.000000 0.000000
0.000000 -1.000000 0.000000
0.000000 -1.000000 0.000000
0.000000 -1.000000 0.000000
0.000000 -1.000000 0.000000
0.000000 -1.000000 0.000000
0.000000 -1.000000 0.000000
0.000000 -1.000000 0.000000
0.000000 -1.000000 0.000000
0.000000 -1.000000 0.000000
0.000000 -1.000000 0.000000
0.000000 -1.000000 0.000000
0.000000 -1.000000 0.000000
0.000000 -1.000000 0.000000
0.000000 -1.000000 0.000000
0.000000 -1.000000 0.000000
0.000000 -1.000000 0.000000
0.000000 -1.000000 0.000000
0.000000 -1.000000 0.000000
0.000000 -1.000000 0.000000
0.000000 -1.000000 0.000000
0.000000 -1.000000 0.000000
0.000000 -1.000000 0.000000
0.000000 -1.000000 0.000000
0.000000 -1.000000 0.000000
0.000000 -1.000000 0.000000
0.000000 -1.000000 0.000000
0.000000 -1.000000 0.000000
0.000000 -1.000000 0.000000
0.000000 -1.000000 0.000000
0.000000 -1.000000 0.000000
0.000000 -1.000000 0.000000
0.000000 -1.000000 0.000000
0.000000 -1.000000 0.000000
0.000000 -1.000000 0.000000
0.000000 -1.000000 0.000000
0.000000 -1.000000 0.000000
0.000000 -1.000000 0.000000
0.000000 -1.000000 0.000000
0.000000 -1.000000 0.000000
0.000000 -1.000000 0.000000
0.000000 -1.000000 0.000000
0.000000 -1.000000 0.000000
0.000000 -1.000000 0.000000
0.000000 -1.000000 0.000000
0.000000 -1.000000 0.000000
0.000000 -1.000000 0.000000
0.000000 -1.000000 0.000000
0.000000 -1.000000 0.000000
0.000000 -1.000000 0.000000
0.000000 -1.000000 0.000000
0.000000 -1.000000 0.000000
0.000000 -1.000000 0.000000
0.000000 -1.000000 0.000000
0.000000 -1.000000 0.000000
0.000000 -1.000000 0.000000
0.000000 -1.000000 0.000000
0.000000 -1.000000 0.000000
0.000000 -1.000000 0.000000
0.000000 -1.000000 0.000000
0.000000 -1.000000 0.000000
0.000000 -1.000000 0.000000
0.000000 -1.000000 0.000000
0.000000 -1.000000 0.000000
0.000000 -1.000000 0.000000
0.000000 -1.000000 0.000000
0.000000 -1.000000 0.000000
0.000000 -1.000000 0.000000
0.000000 -1.000000 0.000000
0.000000 -1.000000 0.000000
0.000000 -1.000000 0.000000
0.000000 -1.000000 0.000000
0.000000 -1.000000 0.000000
0.000000 -1.000000 0.000000
0.000000 -1.000000 0.000000
0.000000 -1.000000 0.000000
0.000000 -1.000000 0.000000
0.000000 -1.000000 0.000000
0.000000 -1.000000 0.000000
0.000000 -1.000000 0.000000
0.000000 -1.000000 0.000000
0.000000 -1.000000 0.000000
0.000000 -1.000000 0.000000
0.000000 -1.000000 0.000000
0.000000 -1.000000 0.000000
0.000000 -1.000000 0.000000
0.000000 -1.000000 0.000000
0.000000 -1.000000 0.000000
0.000000 -1.000000 0.000000
0.000000 -1.000000 0.000000
0.000000 -1.000000 0.000000
0.000000 -1.000000 0.000000
0.000000 -1.000000 0.000000
0.000000 -1.000000 0.000000
0.000000 -1.000000 0.000000
0.000000 -1.000000 0.000000
0.000000 -1.000000 0.000000
0.000000 -1.000000 0.000000
0.000000 -1.000000 0.000000
0.000000 -1.000000 0.000000
0.000000 -1.000000 0.000000
0.000000 -1.000000 0.000000
0.000000 -1.000000 0.000000
0.000000 -1.000000 0.000000
0.000000 -1.000000 0.000000
0.000000 -1.000000 0.000000
0.000000 -1.000000 0.000000
0.000000 -1.000000 0.000000
0.000000 -1.000000 0.000000
0.000000 -1.000000 0.000000
0.000000 -1.000000 0.000000
0.000000 -1.000000 0.000000
0.000000 -1.000000 0.000000
0.000000 -1.000000 0.000000
0.000000 -1.000000 0.000000
0.000000 -1.000000 0.000000
0.000000 -1.000000 0.000000
0.000000 -1.000000 0.000000
0.000000 -1.000000 0.000000
0.000000 -1.000000 0.000000
0.000000 -1.000000 0.000000
0.000000 -1.000000 0.000000
0.000000 -1.000000 0.000000
0.000000 -1.000000 0.000000
0.000000 -1.000000 0.000000
0.000000 -1.000000 0.000000
0.000000 -1.000000 0.000000
0.000000 -1.000000 0.000000
0.000000 -1.000000 0.000000
0.000000 -1.000000 0.000000
0.000000 -1.000000 0.000000
0.000000 -1.000000 0.000000
0.000000 -1.000000 0.000000
0.000000 -1.000000 0.000000
0.000000 -1.000000 0.000000
0.000000 -1.000000 0.000000
0.000000 -1.000000 0.000000
0.000000 -1.000000 0.000000
0.000000 -1.000000 0.000000
0.000000 -1.000000 0.000000
0.000000 -1.000000 0.000000
0.000000 -1.000000 0.000000
0.000000 -1.000000 0.000000
0.000000 -1.000000 0.000000
0.000000 -1.000000 0.000000
0.000000 -1.000000 0.000000
0.000000 -1.000000 0.000000
0.000000 -1.000000 0.000000
0.000000 -1.000000 0.000000
0.000000 -1.000000 0.000000
0.000000 -1.000000 0.000000
0.000000 -1.000000 0.000000
0.000000 -1.000000 0.000000
0.000000 -1.000000 0.000000
0.000000 -1.000000 0.000000
0.000000 -1.000000 0.000000
0.000000 -1.000000 0.000000
0.000000 -1.000000 0.000000
0.000000 -1.000000 0.000000
0.000000 -1.000000 0.000000
0.000000 -1.000000 0.000000
0.000000 -1.000000 0.000000
0.000000 -1.000000 0.000000
0.000000 -1.000000 0.000000
0.000000 -1.000000 0.000000
0.000000 -1.000000 0.000000
0.000000 -1.000000 0.000000
0.000000 -1.000000 0.000000
0.000000 -1.000000 0.000000
0.000000 -1.000000 0.000000
0.000000 -1.000000 0.000000
0.000000 -1.000000 0.000000
0.000000 -1.000000 0.000000
0.000000 -1.000000 0.000000
0.000000 -1.000000 0.000000
0.000000 -1.000000 0.000000
0.000000 -1.000000 0.000000
0.000000 -1.000000 0.000000
0.000000 -1.000000 0.000000
0.000000 -1.000000 0.000000
0.000000 -1.000000 0.000000
0.000000 -1.000000 0.000000
0.000000 -1.000000 0.000000
0.000000 -1.000000 0.000000
0.000000 -1.000000 0.000000
0.000000 -1.000000 0.000000
0.000000 -1.000000 0.000000
0.000000 -1.000000 0.000000
0.000000 -1.000000 0.000000
0.000000 -1.000000 0.000000
0.000000 -1.000000 0.000000
0.000000 -1.000000 0.000000
0.000000 -1.000000 0.000000
0.000000 -1.000000 0.000000
0.000000 -1.000000 0.000000
0.000000 -1.000000 0.000000
0.000000 -1.000000 0.000000
0.000000 -1.000000 0.000000
0.000000 -1.000000 0.000000
0.000000 -1.000000 0.000000
0.000000 -1.000000 0.000000
0.000000 -1.000000 0.000000
0.000000 -1.000000 0.000000
0.000000 -1.000000 0.000000
0.000000 -1.000000 0.000000
0.000000 -1.000000 0.000000
0.000000 -1.000000 0.000000
0.000000 -1.000000 0.000000
0.000000 -1.000000 0.000000
0.000000 -1.000000 0.000000
0.000000 -1.000000 0.000000
0.000000 -1.000000 0.000000
0.000000 -1.000000 0.000000
0.000000 -1.000000 0.000000
0.000000 -1.000000 0.000000
0.000000 -1.000000 0.000000
0.000000 -1.000000 0.000000
0.000000 -1.000000 0.000000
0.000000 -1.000000 0.000000
0.000000 -1.000000 0.000000
0.000000 -1.000000 0.000000
0.000000 -1.000000 0.000000
0.000000 -1.000000 0.000000
0.000000 -1.000000 0.000000
0.000000 -1.000000 0.000000
0.000000 -1.000000 0.000000
0.000000 -1.000000 0.000000
0.000000 -1.000000 0.000000
0.000000 -1.000000 0.000000
0.000000 -1.000000 0.000000
0.000000 -1.000000 0.000000
0.000000 -1.000000 0.000000
0.000000 -1.000000 0.000000
0.000000 -1.000000 0.000000
0.000000 -1.000000 0.000000
0.000000 -1.000000 0.000000
0.000000 -1.000000 0.000000
0.000000 -1.000000 0.000000
0.000000 -1.000000 0.000000
0.000000 -1.000000 0.000000
0.000000 -1.000000 0.000000
0.000000 -1.000000 0.000000
0.000000 -1.000000 0.000000
0.000000 -1.000000 0.000000
0.000000 -1.000000 0.000000
0.000000 -1.000000 0.000000
0.000000 -1.000000 0.000000
0.000000 -1.000000 0.000000
0.000000 -1.000000 0.000000
0.000000 -1.000000 0.000000
0.000000 -1.000000 0.000000
0.000000 -1.000000 0.000000
0.000000 -1.000000 0.000000
0.000000 -1.000000 0.000000
0.000000 -1.000000 0.000000
0.000000 -1.000000 0.000000
0.000000 -1.000000 0.000000
0.000000 -1.000000 0.000000
0.000000 -1.000000 0.000000
0.000000 -1.000000 0.000000
0.000000 -1.000000 0.000000
0.000000 -1.000000 0.000000
0.000000 -1.000000 0.000000
0.000000 -1.000000 0.000000
0.000000 -1.000000 0.000000
0.000000 -1.000000 0.000000
0.000000 -1.000000 0.000000
0.000000 -1.000000 0.000000
0.000000 -1.000000 0.000000
0.000000 -1.000000 0.000000
0.000000 -1.000000 0.000000
0.000000 -1.000000 0.000000
0.000000 -1.000000 0.000000
0.000000 -1.000000 0.000000
0.000000 -1.000000 0.000000
0.000000 -1.000000 0.000000
0.000000 -1.000000 0.000000
0.000000 -1.000000 0.000000
0.000000 -1.000000 0.000000
0.000000 -1.000000 0.000000
0.000000 -1.000000 0.000000
0.000000 -1.000000 0.000000
0.000000 -1.000000 0.000000
0.000000 -1.000000 0.000000
0.000000 -1.000000 0.000000
0.000000 -1.000000 0.000000
0.000000 -1.000000 0.000000
0.000000 -1.000000 0.000000
0.000000 -1.000000 0.000000
0.000000 -1.000000 0.000000
0.000000 -1.000000 0.000000
0.000000 -1.000000 0.000000
0.000000 -1.000000 0.000000
0.000000 -1.000000 0.000000
0.000000 -1.000000 0.000000
0.000000 -1.000000 0.000000
0.000000 -1.000000 0.000000
0.000000 -1.000000 0.000000
0.000000 -1.000000 0.000000
0.000000 -1.000000 0.000000
0.000000 -1.000000 0.000000
0.000000 -1.000000 0.000000
0.000000 -1.000000 0.000000
0.000000 -1.000000 0.000000
0.000000 -1.000000 0.000000
0.000000 -1.000000 0.000000
0.000000 -1.000000 0.000000
0.000000 -1.000000 0.000000
0.000000 -1.000000 0.000000
0.000000 -1.000000 0.000000
0.000000 -1.000000 0.000000
0.000000 -1.000000 0.000000
0.000000 -1.000000 0.000000
0.000000 -1.000000 0.000000
0.000000 -1.000000 0.000000
0.000000 -1.000000 0.000000
0.000000 -1.000000 0.000000
0.000000 -1.000000 0.000000
0.000000 -1.000000 0.000000
0.000000 -1.000000 0.000000
0.000000 -1.000000 0.000000
0.000000 -1.000000 0.000000
0.000000 -1.000000 0.000000
0.000000 -1.000000 0.000000
0.000000 -1.000000 0.000000
0.000000 -1.000000 0.000000
0.000000 -1.000000 0.000000
0.000000 -1.000000 0.000000
0.000000 -1.000000 0.000000
0.000000 -1.000000 0.000000
0.000000 -1.000000 0.000000
0.000000 -1.000000 0.000000
0.000000 -1.000000 0.000000
0.000000 -1.000000 0.000000
0.000000 -1.000000 0.000000
0.000000 -1.000000 0.000000
0.000000 -1.000000 0.000000
0.000000 -1.000000 0.000000
0.000000 -1.000000 0.000000
0.000000 -1.000000 0.000000
0.000000 -1.000000 0.000000
0.000000 -1.000000 0.000000
0.000000 -1.000000 0.000000
0.000000 -1.000000 0.000000
0.000000 -1.000000 0.000000
0.000000 -1.000000 0.000000
0.000000 -1.000000 0.000000
0.000000 -1.000000 0.000000
0.000000 -1.000000 0.000000
0.000000 -1.000000 0.000000
0.000000 -1.000000 0.000000
0.000000 -1.000000 0.000000
0.000000 -1.000000 0.000000
0.000000 -1.000000 0.000000
0.000000 -1.000000 0.000000
0.000000 -1.000000 0.000000
0.000000 -1.000000 0.000000
0.000000 -1.000000 0.000000
0.000000 -1.000000 0.000000
0.000000 -1.000000 0.000000
0.000000 -1.000000 0.000000
0.000000 -1.000000 0.000000
0.000000 -1.000000 0.000000
0.000000 -1.000000 0.000000
0.000000 -1.000000 0.000000
0.000000 -1.000000 0.000000
0.000000 -1.000000 0.000000
0.000000 -1.000000 0.000000
0.000000 -1.000000 0.000000
0.000000 -1.000000 0.000000
0.000000 -1.000000 0.000000
0.000000 -1.000000 0.000000
0.000000 -1.000000 0.000000
0.000000 -1.000000 0.000000
0.000000 -1.000000 0.000000
0.000000 -1.000000 0.000000
0.000000 -1.000000 0.000000
0.000000 -1.000000 0.000000
0.000000 -1.000000 0.000000
0.000000 -1.000000 0.000000
0.000000 -1.000000 0.000000
0.000000 -1.000000 0.000000
0.000000 -1.000000 0.000000
0.000000 -1.000000 0.000000
0.000000 -1.000000 0.000000
0.000000 -1.000000 0.000000
0.000000 -1.000000 0.000000
0.000000 -1.000000 0.000000
0.000000 -1.000000 0.000000
0.000000 -1.000000 0.000000
0.000000 -1.000000 0.000000
0.000000 -1.000000 0.000000
0.000000 -1.000000 0.000000
0.000000 -1.000000 0.000000
0.000000 -1.000000 0.000000
0.000000 -1.000000 0.000000
0.000000 -1.000000 0.000000
0.000000 -1.000000 0.000000
0.000000 -1.000000 0.000000
0.000000 -1.000000 0.000000
0.000000 -1.000000 0.000000
0.000000 -1.000000 0.000000
0.000000 -1.000000 0.000000
0.000000 -1.000000 0.000000
0.000000 -1.000000 0.000000
0.000000 -1.000000 0.000000
0.000000 -1.000000 0.000000
0.000000 -1.000000 0.000000
0.000000 -1.000000 0.000000
0.000000 -1.000000 0.000000
0.000000 -1.000000 0.000000
0.000000 -1.000000 0.000000
0.000000 -1.000000 0.000000
0.000000 -1.000000 0.000000
0.000000 -1.000000 0.000000
0.000000 -1.000000 0.000000
0.000000 -1.000000 0.000000
0.000000 -1.000000 0.000000
0.000000 -1.000000 0.000000
0.000000 -1.000000 0.000000
0.000000 -1.000000 0.000000
-0.382050 -0.091024 0.919648
-0.916599 -0.091313 0.389240
-0.569180 -0.096895 0.816484
-0.557508 -0.096641 0.824527
-0.927200 -0.090257 0.363530
-0.922006 -0.090792 0.376381
-0.705452 -0.098411 0.701892
-0.716216 -0.098396 0.690908
-0.402001 -0.091816 0.911024
-0.933600 -0.089545 0.346946
-0.381949 -0.091020 0.919690
-0.822406 -0.096711 0.560620
-0.753218 -0.098151 0.650407
-0.275582 -0.086219 0.957403
-0.798139 -0.097386 0.594551
-0.703930 -0.098411 0.703419
-0.267530 -0.085818 0.959720
-0.956380 -0.086390 0.279059
-0.997564 -0.069756 0.000000
-0.997564 -0.069756 0.000000
-0.997564 -0.069756 0.000000
-0.997564 -0.069756 0.000000
-0.997564 -0.069756 0.000000
-0.997564 -0.069756 0.000000
-0.997564 -0.069756 0.000000
-0.997564 -0.069756 0.000000
0.000000 -0.461749 0.887011
0.000000 -0.461749 0.887011
0.000000 -0.461749 0.887011
0.000000 -0.461749 0.887011
0.000000 -0.461749 0.887011
0.000000 -0.461749 0.887011
0.000000 -0.461749 0.887011
0.000000 -0.461749 0.887011
0.000000 -0.461749 0.887011
0.000000 -0.461749 0.887011
0.000000 -0.461749 0.887011
0.000000 -0.461749 0.887011
0.000000 -0.461749 0.887011
0.000000 -0.461749 0.887011
0.000000 -0.461749 0.887011
0.997564 -0.069756 0.000000
0.997564 -0.069756 0.000000
0.997564 -0.069756 0.000000
0.997564 -0.069756 0.000000
0.997564 -0.069756 0.000000
0.997564 -0.069756 0.000000
0.997564 -0.069756 0.000000
0.997564 -0.069756 0.000000
0.379552 -0.090922 0.920692
0.916714 -0.091302 0.388972
0.568234 -0.096875 0.817144
0.557284 -0.096636 0.824679
0.927172 -0.090260 0.363601
0.922142 -0.090778 0.376049
0.704748 -0.098411 0.702599
0.714762 -0.098399 0.692411
0.399390 -0.091714 0.912182
0.933566 -0.089549 0.347039
0.381203 -0.090989 0.920003
0.822525 -0.096707 0.560447
0.752212 -0.098162 0.651569
0.274746 -0.086177 0.957647
0.797960 -0.097391 0.594790
0.703850 -0.098411 0.703499
0.266753 -0.085779 0.959940
0.956557 -0.086361 0.278460
-0.997564 -0.069756 0.000000
-0.997564 -0.069756 0.000000
-0.997564 -0.069756 0.000000
-0.997564 -0.069756 0.000000
-0.997564 -0.069756 0.000000
-0.997564 -0.069756 0.000000
-0.997564 -0.069756 0.000000
-0.997564 -0.069756 0.000000
-0.379552 -0.090922 -0.920692
-0.916714 -0.091302 -0.388972
-0.568234 -0.096875 -0.817144
-0.557284 -0.096636 -0.824680
-0.927172 -0.090260 -0.363601
-0.922142 -0.090778 -0.376049
-0.704748 -0.098411 -0.702599
-0.714762 -0.098399 -0.692411
-0.399390 -0.091714 -0.912182
-0.933566 -0.089549 -0.347039
-0.381203 -0.090989 -0.920003
-0.822525 -0.096707 -0.560447
-0.752212 -0.098162 -0.651569
-0.274746 -0.086177 -0.957647
-0.797960 -0.097391 -0.594790
-0.703850 -0.098411 -0.703499
-0.266753 -0.085779 -0.959940
-0.956557 -0.086361 -0.278460
0.000000 -0.069756 -0.997564
0.000000 -0.069756 -0.997564
0.000000 -0.069756 -0.997564
0.000000 -0.069756 -0.997564
0.000000 -0.069756 -0.997564
0.000000 -0.069756 -0.997564
0.000000 -0.069756 -0.997564
0.000000 -0.069756 -0.997564
-0.887011 -0.461749 0.000000
-0.887011 -0.461749 0.000000
-0.887011 -0.461749 0.000000
-0.887011 -0.461749 0.000000
-0.887011 -0.461749 0.000000
-0.887011 -0.461749 0.000000
-0.887011 -0.461749 0.000000
-0.887011 -0.461749 0.000000
-0.887011 -0.461749 0.000000
-0.887011 -0.461749 0.000000
-0.887011 -0.461749 0.000000
-0.887011 -0.461749 0.000000
-0.887011 -0.461749 0.000000
0.136879 -0.928887 -0.344142
0.190835 -0.934466 0.300591
0.336963 -0.927434 -0.162240
0.254107 -0.966643 0.032102
0.335231 -0.927705 0.164267
0.371177 -0.926797 -0.057226
0.378332 -0.925390 0.022768
0.108316 -0.926877 -0.359397
0.108154 -0.926899 0.359391
0.377518 -0.925763 0.021067
0.135562 -0.928354 0.346096
0.264402 -0.928720 0.259943
0.334350 -0.931543 0.142961
0.345033 -0.928582 0.136704
0.370827 -0.928644 -0.010377
0.359720 -0.931993 -0.044613
0.336257 -0.928271 -0.158885
0.133130 -0.927055 -0.350493
0.216466 -0.926992 -0.306315
0.370770 -0.928723 -0.001930
0.191947 -0.935234 -0.297480
0.192996 -0.926733 -0.322363
0.370084 -0.926699 0.065320
0.303540 -0.945988 0.113886
0.217587 -0.926890 0.305829
0.284572 -0.930730 -0.229699
0.376876 -0.925114 -0.046136
0.093299 -0.926239 0.365209
0.192727 -0.926775 0.322406
0.094532 -0.926233 -0.364905
0.245245 -0.928126 -0.280066
0.304111 -0.926756 -0.220544
0.049000 -0.924800 0.377286
0.050675 -0.924796 -0.377073
0.371725 -0.925623 -0.071007
0.296005 -0.926466 0.232471
0.088672 -0.925427 0.368404
0.356048 -0.926917 -0.118551
0.329360 -0.935073 -0.130996
0.061252 -0.925039 -0.374901
0.273724 -0.926494 -0.258233
0.089818 -0.925436 -0.368104
0.272250 -0.926380 0.260191
0.366838 -0.925233 0.096813
0.377501 -0.924756 -0.048152
0.061114 -0.925037 0.374928
0.068684 -0.925856 -0.371582
0.000000 -0.461749 -0.887011
0.000000 -0.461749 -0.887011
0.000000 -0.461749 -0.887011
0.000000 -0.461749 -0.887011
0.000000 -0.461749 -0.887011
0.000000 -0.461749 -0.887011
0.000000 -0.461749 -0.887011
0.000000 -0.461749 -0.887011
0.000000 -0.461749 -0.887011
0.000000 -0.461749 -0.887011
0.000000 -0.461749 -0.887011
0.000000 -0.461749 -0.887011
0.000000 -0.461749 -0.887011
0.000000 -0.461749 -0.887011
0.000000 -0.461749 -0.887011
0.997564 -0.069756 0.000000
0.997564 -0.069756 0.000000
0.997564 -0.069756 0.000000
0.997564 -0.069756 0.000000
0.997564 -0.069756 0.000000
0.997564 -0.069756 0.000000
0.997564 -0.069756 0.000000
0.997564 -0.069756 0.000000
