188 1305 1160
166 1304 1158
117 1308 118
81 1309 82
1160 1305 1225
1158 1304 1220
82 1309 1188
118 1308 1191
1306 1323 1261
1307 1321 1259
1186 1339 1314
1184 1338 1311
99 1347 100
135 1343 136
1172 1258 1236
1170 1260 1239
1311 1361 1184
1314 1360 1186
1201 1326 1253
1199 1324 1248
1261 1391 1306
1259 1390 1307
1200 1342 1299
1198 1346 1298
1223 1395 1231
1218 1394 1228
1194 1289 1288
1195 1291 1290
1292 1293 1196
1294 1295 1197
1203 1314 1313
1202 1311 1310
143 1336 144
107 1337 108
85 1334 86
121 1335 122
1330 1358 1206
1328 1359 1209
1188 1309 1271
1191 1308 1266
149 1340 150
113 1341 114
1175 1329 1325
1174 1331 1327
1258 1259 1236
1260 1261 1239
137 1344 138
101 1348 102
1253 1356 1201
1248 1357 1199
1324 1367 1325
1326 1366 1327
1204 1323 1306
1205 1321 1307
1331 1358 1330
1329 1359 1328
1221 1394 1218
1226 1395 1223
1345 1407 1208
1349 1406 1207
1222 1369 1180
1227 1368 1181
1208 1407 1350
1207 1406 1351
1201 1366 1326
1199 1367 1324
1203 1360 1314
1202 1361 1311
145 1353 146
109 1352 110
119 1355 120
83 1354 84
1169 1317 1251
1166 1316 1246
1174 1358 1331
1175 1359 1329
93 1356 94
129 1357 130
1210 1237 1213
1214 1234 1217
1218 1228 168
1223 1231 190
1216 1279 1159
1212 1278 1161
1233 1262 1173
1230 1267 1171
1240 1278 1243
1254 1279 1257
153 1258 1172
175 1260 1170
1300 1301 1182
1302 1303 1183
1256 1283 1167
1242 1280 1168
1264 1286 1163
1269 1287 1164
1272 1286 1274
1275 1287 1277
185 1316 1166
163 1317 1169
1216 1374 1279
1212 1375 1278
1278 1375 1243
1279 1374 1257
1185 1409 1315
1187 1408 1312
1269 1377 1287
1264 1376 1286
1286 1376 1274
1287 1377 1277
1198 1347 1346
1200 1343 1342
1178 1410 1296
1179 1411 1297
100 1347 1198
136 1343 1200
1185 1347 99
1187 1343 135
1271 1378 1188
1266 1379 1191
1180 1373 1222
1181 1372 1227
1186 1356 1339
1184 1357 1338
1315 1389 1185
1312 1388 1187
187 1305 188
165 1304 166
1179 1336 143
1178 1337 107
86 1334 1180
122 1335 1181
144 1336 1194
108 1337 1195
1196 1334 85
1197 1335 121
125 1359 126
89 1358 90
1194 1336 1289
1195 1337 1291
1293 1334 1196
1295 1335 1197
150 1340 1183
114 1341 1182
1288 1353 1194
1290 1352 1195
1196 1354 1292
1197 1355 1294
1205 1341 113
1204 1340 149
1306 1340 1204
1307 1341 1205
1198 1348 101
1200 1344 137
138 1344 1176
102 1348 1177
1296 1387 1178
1297 1386 1179
1370 1411 1179
1371 1410 1178
1299 1344 1200
1298 1348 1198
1295 1395 1372
1293 1394 1373
1338 1357 1248
1339 1356 1253
1182 1341 1300
1183 1340 1302
1237 1399 1213
1234 1398 1217
1303 1365 1183
1301 1364 1182
1233 1400 1262
1230 1401 1267
1320 1321 1189
1322 1323 1190
146 1353 1190
110 1352 1189
1188 1354 83
1191 1355 119
1194 1353 145
1195 1352 109
120 1355 1197
84 1354 1196
1242 1403 1280
1256 1402 1283
1199 1357 129
1201 1356 93
130 1357 1184
94 1356 1186
1208 1392 1345
1207 1393 1349
1214 1215 1159
1210 1211 1161
1170 1238 1237
1172 1235 1234
1228 1229 1171
1231 1232 1173
1249 1304 165
1244 1305 187
1267 1268 1164
1262 1263 1163
1254 1255 1167
1240 1241 1168
1272 1273 1162
1275 1276 1165
1280 1281 1156
1283 1284 1157
1372 1395 1226
1373 1394 1221
1363 1409 1185
1362 1408 1187
1247 1305 1244
1252 1304 1249
1222 1404 1369
1227 1405 1368
167 1218 168
189 1223 190
152 1258 153
174 1260 175
164 1249 165
186 1244 187
1351 1410 1207
1350 1411 1208
156 1214 1159
178 1210 1161
177 1237 1210
155 1234 1214
1170 1237 176
1172 1234 154
191 1231 1173
169 1228 1171
1159 1279 157
1161 1278 179
184 1316 185
162 1317 163
1282 1316 1156
1285 1317 1157
1171 1267 170
1173 1262 192
1304 1382 1220
1305 1383 1225
180 1278 1240
158 1279 1254
171 1267 1164
193 1262 1163
159 1254 1167
181 1240 1168
117 1384 1308
81 1385 1309
1167 1283 160
1168 1280 182
1164 1287 172
1163 1286 194
151 1272 1162
173 1275 1165
183 1280 1156
161 1283 1157
2 1286 1272
3 1287 1275
1320 1352 1290
1322 1353 1288
1206 1358 89
1209 1359 125
90 1358 1174
126 1359 1175
1325 1367 1175
1327 1366 1174
1321 1380 1189
1323 1381 1190
1259 1320 1236
1261 1322 1239
1260 1391 1261
1258 1390 1259
1300 1341 1307
1302 1340 1306
1204 1381 1323
1205 1380 1321
1317 1396 1251
1316 1397 1246
1236 1320 1290
1239 1322 1288
1189 1352 1320
1190 1353 1322
1331 1382 1327
1329 1383 1325
1229 1230 1171
1232 1233 1173
1172 1236 1235
1170 1239 1238
1211 1212 1161
1215 1216 1159
1214 1217 1215
1210 1213 1211
1241 1242 1168
1255 1256 1167
1268 1269 1164
1263 1264 1163
1254 1257 1255
1240 1243 1241
1275 1277 1276
1272 1274 1273
1281 1282 1156
1284 1285 1157
1319 1374 1349
1318 1375 1345
1310 1408 1202
1313 1409 1203
1162 1390 1258
1165 1391 1260
1318 1345 1176
1319 1349 1177
1261 1323 1322
1259 1321 1320
1229 1292 1230
1232 1294 1233
1213 1297 1211
1217 1296 1215
1239 1288 1238
1236 1290 1235
1257 1298 1255
1243 1299 1241
1277 1302 1276
1274 1300 1273
1268 1270 1269
1263 1265 1264
1284 1313 1285
1281 1310 1282
88 1206 89
124 1209 125
140 1208 141
104 1207 105
148 1204 149
112 1205 113
144 1194 145
108 1195 109
84 1196 85
120 1197 121
132 1202 133
96 1203 97
79 1193 80
115 1192 116
128 1199 129
100 1198 101
136 1200 137
92 1201 93
82 1188 83
146 1190 147
118 1191 119
110 1189 111
130 1184 131
94 1186 95
98 1185 99
134 1187 135
86 1180 87
122 1181 123
106 1178 107
142 1179 143
90 1174 91
138 1176 139
126 1175 127
102 1177 103
114 1182 1
150 1183 0
1300 1307 1273
1302 1306 1276
1281 1312 1310
1284 1315 1313
1268 1271 1270
1263 1266 1265
1232 1295 1294
1229 1293 1292
1288 1289 1238
1290 1291 1235
1277 1303 1302
1274 1301 1300
1243 1318 1299
1257 1319 1298
1310 1311 1282
1313 1314 1285
159 1167 160
163 1169 164
185 1166 186
181 1168 182
183 1156 184
161 1157 162
151 1162 152
173 1165 174
171 1164 172
193 1163 194
153 1172 154
169 1171 170
191 1173 192
175 1170 176
156 1159 157
188 1160 189
166 1158 167
178 1161 179
160 1283 161
182 1280 183
155 1214 156
177 1210 178
170 1267 171
192 1262 193
154 1234 155
176 1237 177
190 1231 191
168 1228 169
194 1286 2
172 1287 3
179 1278 180
157 1279 158
2 1272 151
3 1275 173
158 1254 159
180 1240 181
1156 1316 184
1157 1317 162
1160 1223 189
1158 1218 167
1165 1260 174
1162 1258 152
1166 1246 1245
1169 1251 1250
1166 1244 186
1169 1249 164
1158 1220 1219
1160 1225 1224
1219 1221 1218
1224 1226 1223
1271 1309 1270
1266 1308 1265
1245 1247 1244
1250 1252 1249
1246 1248 1245
1251 1253 1250
1160 1224 1223
1158 1219 1218
1169 1250 1249
1166 1245 1244
1219 1222 1221
1224 1227 1226
1225 1329 1328
1220 1331 1330
1324 1325 1247
1326 1327 1252
1225 1328 1224
1220 1330 1219
1245 1324 1247
1250 1326 1252
1248 1324 1245
1253 1326 1250
1224 1328 1227
1219 1330 1222
1270 1332 1269
1265 1333 1264
1378 1401 1230
1379 1400 1233
1282 1397 1316
1285 1396 1317
1303 1415 1365
1301 1414 1364
1252 1382 1304
1247 1383 1305
1327 1382 1252
1325 1383 1247
1176 1344 1318
1177 1348 1319
1292 1378 1230
1294 1379 1233
1185 1389 1347
1187 1388 1343
1206 1404 1330
1209 1405 1328
1318 1344 1299
1319 1348 1298
1246 1338 1248
1251 1339 1253
1241 1342 1242
1255 1346 1256
1334 1373 1180
1335 1372 1181
1332 1415 1377
1333 1414 1376
1377 1415 1303
1376 1414 1301
1215 1351 1216
1211 1350 1212
1299 1342 1241
1298 1346 1255
1297 1350 1211
1296 1351 1215
1178 1387 1337
1179 1386 1336
1271 1401 1378
1266 1400 1379
1374 1406 1349
1375 1407 1345
132 1361 1202
96 1360 1203
1202 1362 133
1203 1363 97
1184 1361 131
1186 1360 95
134 1362 1187
98 1363 1185
1182 1364 1
1183 1365 0
92 1366 1201
128 1367 1199
1180 1369 87
1181 1368 123
106 1371 1178
142 1370 1179
115 1364 1192
79 1365 1193
124 1368 1209
88 1369 1206
1208 1370 141
1207 1371 105
1174 1366 91
1175 1367 127
131 1361 132
95 1360 96
133 1362 134
97 1363 98
1 1364 115
0 1365 79
91 1366 92
127 1367 128
87 1369 88
141 1370 142
105 1371 106
123 1368 124
1227 1372 1226
1222 1373 1221
1309 1412 1270
1308 1413 1265
1238 1399 1237
1235 1398 1234
1267 1401 1268
1262 1400 1263
1283 1402 1284
1280 1403 1281
1213 1386 1297
1217 1387 1296
1293 1373 1334
1295 1372 1335
1307 1390 1273
1306 1391 1276
148 1381 1204
112 1380 1205
1189 1380 111
1190 1381 147
116 1384 117
80 1385 81
1232 1395 1295
1229 1394 1293
1349 1393 1177
1345 1392 1176
140 1392 1208
104 1393 1207
1177 1393 103
1176 1392 139
1217 1398 1387
1213 1399 1386
1257 1374 1319
1243 1375 1318
1274 1376 1301
1277 1377 1303
1333 1376 1264
1332 1377 1269
111 1380 112
147 1381 148
1188 1378 1354
1191 1379 1355
1273 1390 1162
1276 1391 1165
1314 1396 1285
1311 1397 1282
1388 1403 1242
1389 1402 1256
1192 1384 116
1193 1385 80
1225 1383 1329
1220 1382 1331
1342 1388 1242
1346 1389 1256
1385 1412 1309
1384 1413 1308
1387 1398 1291
1386 1399 1289
1228 1394 1229
1231 1395 1232
1354 1378 1292
1355 1379 1294
139 1392 140
103 1393 104
1338 1397 1311
1339 1396 1314
1203 1409 1363
1202 1408 1362
1312 1403 1388
1315 1402 1389
1336 1386 1289
1337 1387 1291
1343 1388 1342
1347 1389 1346
1207 1410 1371
1208 1411 1370
1193 1415 1332
1192 1414 1333
1291 1398 1235
1289 1399 1238
1268 1401 1271
1263 1400 1266
1284 1402 1315
1281 1403 1312
1332 1412 1193
1333 1413 1192
1246 1397 1338
1251 1396 1339
1330 1404 1222
1328 1405 1227
1312 1408 1310
1315 1409 1313
1270 1412 1332
1265 1413 1333
1216 1406 1374
1212 1407 1375
1364 1414 1192
1365 1415 1193
1368 1405 1209
1369 1404 1206
1350 1407 1212
1351 1406 1216
1297 1411 1350
1296 1410 1351
1193 1412 1385
1192 1413 1384
1474 1527 1472
1527 1591 1472
1448 1484 1482
1457 1458 1423
1451 1453 1447
1416 1489 1488
1448 1580 1484
1453 1581 1447
1423 1579 1457
1458 1459 1423
1477 1543 1479
1469 1546 1471
144 1575 1462
1462 1595 144
1454 1457 1420
1427 1485 1484
1427 1488 1485
1453 1454 1420
1440 1468 1466
1488 1587 1416
1467 1547 1433
1477 1592 1543
1416 1490 1489
1469 1590 1546
1486 1584 1530
1530 1583 1486
1421 1595 1463
1498 1585 1576
1455 1582 1538
1482 1568 1448
1447 1567 1451
1463 1571 1421
1525 1574 1572
1478 1526 1424
1440 1469 1468
1478 1585 1526
1488 1489 1487
1485 1488 1487
1576 1585 1479
1466 1577 1440
1432 1537 1476
1433 1601 1467
1538 1588 1455
1474 1548 1527
1572 1574 1490
1463 1595 1462
1458 1460 1459
1470 1591 1535
1530 1584 1444
1436 1583 1530
1538 1582 1435
1457 1579 1420
1531 1599 1573
1472 1591 1470
1469 1470 1468
1489 1491 1487
1465 1571 1463
1479 1585 1478
1460 1461 1459
1449 1450 1446
1484 1580 1427
1420 1581 1453
197 1449 1446
1445 1481 1480
1450 1451 1446
1445 1482 1481
1450 1452 1451
1482 1483 1481
1469 1471 1470
1445 1480 237
1537 1592 1476
198 1449 197
197 1446 196
236 1445 237
1452 1453 1451
1482 1484 1483
1452 1454 1453
1484 1485 1483
1461 1462 1459
1551 1563 1431
237 1480 238
206 1558 1553
1452 1455 1454
1485 1486 1483
1485 1487 1486
1455 1456 1454
1573 1599 1491
1508 1556 1552
1471 1472 1470
232 1538 1435
1456 1457 1454
204 1531 1430
218 1539 1437
213 1532 1431
1461 1463 1462
209 1541 1439
1456 1458 1457
222 1537 1432
1471 1473 1472
1461 1464 1463
1473 1474 1472
1464 1465 1463
1503 1506 1502
1493 1498 1497
1511 1516 1515
125 1510 1417
134 1492 1419
1505 1507 1503
1503 1507 1506
1510 1511 1417
1492 1493 1419
1501 1503 1502
1501 1502 1425
1473 1475 1474
1516 1517 1515
225 1440 226
202 1444 203
211 1442 212
216 1443 217
230 1441 231
135 1492 134
207 1434 208
220 1438 221
126 1510 125
1512 1519 1417
1516 1518 1517
140 1527 139
1492 1498 1493
1510 1516 1511
1522 1525 1429
1432 1546 223
1466 1468 1465
1464 1466 1465
1500 1545 1501
222 1432 223
1494 1499 1419
1477 1478 1475
228 1433 229
213 1431 214
200 1436 201
204 1430 205
232 1435 233
209 1439 210
218 1437 219
1508 1509 1418
1514 1521 1520
1477 1479 1478
1464 1467 1466
1511 1512 1417
1493 1494 1419
136 1526 1426
1476 1477 1475
1501 1504 1503
1473 1476 1475
125 1417 124
148 1420 147
141 1422 140
127 1428 126
118 1427 117
134 1419 133
136 1426 135
132 1425 131
120 1416 119
1425 1502 131
146 1423 145
143 1421 142
123 1429 122
129 1418 128
137 1526 136
1506 1507 1418
141 1534 1422
138 1424 137
142 1534 141
1426 1492 135
1428 1510 126
1504 1505 1503
1534 1535 1422
1501 1545 1504
1502 1506 130
1422 1527 140
129 1506 1418
1511 1515 1513
1429 1525 122
1513 1514 1512
1493 1497 1495
1421 1534 142
1495 1496 1494
1508 1518 1509
1507 1508 1418
1424 1526 137
1511 1513 1512
1493 1495 1494
1542 1543 1438
122 1525 121
127 1509 1428
1509 1518 1428
131 1502 130
130 1506 129
1417 1519 124
1514 1520 1512
1418 1509 128
1419 1499 133
132 1499 1425
123 1519 1429
1496 1500 1494
1426 1498 1492
128 1509 127
1428 1516 1510
1428 1518 1516
1512 1520 1519
1496 1545 1500
1500 1501 1425
124 1519 123
133 1499 132
1494 1500 1499
1519 1520 1429
1499 1500 1425
223 1546 224
1460 1547 1461
1521 1524 1523
1528 1529 1441
1520 1522 1429
1521 1523 1522
1521 1522 1520
221 1537 222
208 1541 209
212 1532 213
1438 1537 221
217 1539 218
203 1531 204
231 1538 232
1442 1533 1532
1434 1541 208
1461 1547 1464
1442 1532 212
1443 1539 217
1444 1531 203
230 1528 1441
1433 1528 229
202 1530 1444
1436 1530 201
150 1447 149
116 1448 115
1441 1538 231
216 1536 1443
1431 1544 214
211 1540 1442
220 1542 1438
1439 1540 210
1437 1542 219
1464 1547 1467
229 1528 230
201 1530 202
214 1544 215
215 1536 216
215 1544 1536
219 1542 220
210 1540 211
1505 1563 1551
1527 1548 139
138 1548 1424
1437 1559 1549
1416 1572 1490
1442 1560 1533
1451 1567 1446
1445 1568 1482
1552 1556 1533
206 1553 207
1532 1551 1431
1508 1552 1518
1505 1556 1507
1430 1558 205
1553 1558 1524
1521 1565 1524
1491 1584 1487
1549 1559 1497
1481 1603 1480
1531 1573 1430
196 1567 195
235 1568 236
139 1548 138
1449 1604 1450
1437 1549 1542
1476 1586 1432
1554 1555 1523
199 1569 200
1533 1560 1552
233 1570 234
1515 1562 1557
1496 1564 1561
1542 1549 1543
1543 1576 1479
1557 1562 1439
1517 1562 1515
1561 1564 1443
1504 1563 1505
1496 1561 1545
1544 1550 1536
1545 1550 1504
1539 1559 1437
1551 1556 1505
207 1553 1434
1541 1557 1439
1533 1551 1532
205 1558 206
1539 1564 1559
1518 1552 1517
1541 1566 1557
1524 1554 1523
1427 1587 1488
1565 1566 1434
1507 1556 1508
1524 1565 1553
1515 1557 1513
1497 1559 1495
1540 1560 1442
1514 1566 1565
1536 1561 1443
1554 1558 1430
1559 1564 1495
1557 1566 1513
1495 1564 1496
1514 1565 1521
1513 1566 1514
1439 1562 1540
1431 1563 1544
1434 1566 1541
1443 1564 1539
1550 1563 1504
1544 1563 1550
1545 1561 1550
1550 1561 1536
1490 1574 1555
1534 1571 1535
1480 1603 1569
1570 1604 1449
120 1572 1416
1525 1572 121
1560 1562 1517
1540 1562 1560
1476 1592 1477
1522 1574 1525
4 1596 198
1446 1567 196
236 1568 1445
1552 1560 1517
200 1569 1436
1555 1574 1523
238 1594 5
1533 1556 1551
1553 1565 1434
1440 1577 226
5 1594 199
1435 1570 233
234 1596 4
1424 1589 1478
1459 1575 1423
1524 1558 1554
1440 1590 1469
1420 1579 147
146 1579 1423
1450 1582 1452
1483 1583 1481
1427 1580 117
148 1581 1420
1528 1578 1529
1467 1577 1466
1426 1585 1498
116 1580 1448
1447 1581 149
1547 1578 1433
1473 1586 1476
1543 1592 1438
118 1587 1427
1416 1587 119
1441 1588 1538
145 1575 144
225 1590 1440
1422 1591 1527
1546 1590 224
1535 1593 1470
144 1595 143
1549 1576 1543
228 1601 1433
1498 1576 1497
195 1597 0
1 1598 235
1421 1571 1534
0 1597 150
115 1598 1
1529 1602 1456
1456 1588 1529
121 1572 120
1478 1589 1475
1554 1573 1555
1423 1575 145
1490 1600 1489
1470 1593 1468
1523 1574 1522
1467 1601 1577
1460 1578 1547
1456 1602 1458
1430 1573 1554
1462 1575 1459
1546 1586 1471
1455 1588 1456
226 1577 227
1433 1578 1528
1491 1599 1584
1555 1600 1490
1578 1602 1529
147 1579 146
1497 1576 1549
117 1580 116
149 1581 148
1452 1582 1455
1486 1583 1483
1487 1584 1486
1526 1585 1426
1577 1601 227
1571 1593 1535
1491 1600 1573
1432 1586 1546
1475 1589 1474
1471 1586 1473
1567 1597 195
235 1598 1568
1573 1600 1555
119 1587 118
1548 1589 1424
1529 1588 1441
1474 1589 1548
224 1590 225
1535 1591 1422
1438 1592 1537
198 1596 1449
1468 1593 1465
1480 1594 238
143 1595 1421
199 1594 1569
1583 1603 1481
1450 1604 1582
1458 1602 1460
1460 1602 1578
1570 1596 234
150 1597 1447
1448 1598 115
1447 1597 1567
1568 1598 1448
1489 1600 1491
1444 1599 1531
227 1601 228
1465 1593 1571
1569 1594 1480
1449 1596 1570
1569 1603 1436
1435 1604 1570
1584 1599 1444
1582 1604 1435
1436 1603 1583
239 1607 6
1605 1610 1609
243 1607 239
1609 1610 248
6 1607 250
1608 1609 1606
7 243 239
1605 1609 1608
250 1607 1606
1606 1612 1608
9 247 246
242 1607 243
248 1610 247
240 1608 241
250 1606 249
1607 1612 1606
1606 1609 249
245 1605 244
242 1612 1607
247 1610 246
249 1609 248
246 1610 245
1608 1612 241
8 1611 240
245 1610 1605
1608 1611 1605
244 1611 8
240 1611 1608
241 1612 242
1605 1611 244
287 268 269
286 10 12
251 10 286
11 268 287
287 269 13
285 252 251
285 251 286
284 253 252
284 252 285
283 254 253
283 253 284
282 255 254
282 254 283
281 256 255
281 255 282
280 257 256
280 256 281
279 258 257
279 257 280
278 259 258
278 258 279
277 260 259
277 259 278
276 261 260
276 260 277
275 262 261
275 261 276
263 262 274
274 262 275
264 263 273
273 263 274
272 265 264
272 264 273
266 265 271
271 265 272
267 266 270
270 266 271
268 267 269
269 267 270
288 306 324
325 305 307
14 305 325
288 15 306
324 306 16
325 307 17
289 288 323
323 288 324
290 289 322
322 289 323
291 290 321
321 290 322
292 291 320
320 291 321
293 292 319
319 292 320
294 293 318
318 293 319
317 295 294
317 294 318
316 296 295
316 295 317
315 297 296
315 296 316
314 298 297
314 297 315
313 299 298
313 298 314
312 300 299
312 299 313
311 301 300
311 300 312
310 302 301
310 301 311
309 303 302
309 302 310
308 304 303
308 303 309
305 304 307
307 304 308
363 343 345
362 326 344
326 18 344
19 343 363
362 344 20
21 363 345
361 327 326
361 326 362
360 328 327
360 327 361
359 329 328
359 328 360
358 330 329
358 329 359
357 331 330
357 330 358
356 332 331
356 331 357
355 333 332
355 332 356
354 334 333
354 333 355
353 335 334
353 334 354
352 336 335
352 335 353
351 337 336
351 336 352
350 338 337
350 337 351
349 339 338
349 338 350
348 340 339
348 339 349
347 341 340
347 340 348
346 342 341
346 341 347
345 343 342
345 342 346
365 382 399
364 381 383
364 22 381
23 364 383
365 24 382
399 382 25
366 365 398
398 365 399
367 366 397
397 366 398
368 367 396
396 367 397
369 368 395
395 368 396
370 369 394
394 369 395
371 370 393
393 370 394
372 371 392
392 371 393
373 372 391
391 372 392
374 373 390
390 373 391
375 374 389
389 374 390
376 375 388
388 375 389
377 376 387
387 376 388
378 377 386
386 377 387
379 378 385
385 378 386
380 379 384
384 379 385
381 380 383
383 380 384
416 413 415
429 400 428
412 413 416
400 401 428
417 412 416
428 401 427
411 412 417
418 411 417
401 402 427
410 411 418
427 402 31
419 410 418
402 403 31
409 410 419
31 403 426
420 409 419
408 409 420
403 404 426
421 408 420
407 408 421
426 404 425
404 405 425
28 407 422
422 407 421
405 406 424
425 405 424
406 28 423
423 28 422
424 406 423
26 1613 27
429 1613 400
400 1613 26
27 1613 429
413 29 414
415 414 30
413 414 415
448 447 415
417 446 418
418 446 445
30 34 448
437 439 438
443 421 420
433 1615 32
420 444 443
415 30 448
439 34 438
421 1617 422
445 444 419
446 1616 447
418 445 419
416 1616 417
32 1617 443
424 1614 432
419 444 420
438 34 30
433 1614 423
32 1615 422
443 1617 421
423 1615 433
417 1616 446
447 1616 416
422 1617 32
31 426 430
422 1615 423
423 1614 424
432 1614 433
442 434 33
415 447 416
432 425 424
431 426 425
431 425 432
430 426 431
442 435 434
435 441 436
442 441 435
436 440 437
436 441 440
437 440 439
528 1619 36
523 1622 487
489 1621 525
527 1619 491
490 1620 526
491 1618 527
526 1618 490
525 1620 489
524 1621 488
488 1622 524
32 443 449
491 1619 35
36 1619 527
446 451 445
452 451 446
487 1622 488
488 1621 489
489 1620 490
490 1618 491
524 1622 523
525 1621 524
526 1620 525
527 1618 526
34 454 448
455 454 34
34 492 455
35 1619 528
444 449 443
445 450 444
450 449 444
451 450 445
447 452 446
448 453 447
453 452 447
448 454 453
492 456 455
493 457 456
492 493 456
494 458 457
494 457 493
459 458 495
495 458 494
496 460 459
495 496 459
497 461 460
496 497 460
498 462 461
497 498 461
499 463 462
498 499 462
500 464 463
499 500 463
501 465 464
500 501 464
502 466 465
502 465 501
503 467 466
503 466 502
504 468 467
503 504 467
505 469 468
504 505 468
470 469 506
506 469 505
470 507 471
506 507 470
472 471 508
508 471 507
473 472 509
509 472 508
510 474 473
510 473 509
474 511 475
474 510 511
475 512 476
475 511 512
476 513 477
476 512 513
477 514 478
477 513 514
478 515 479
478 514 515
479 516 480
479 515 516
480 517 481
480 516 517
481 518 482
481 517 518
482 519 483
482 518 519
483 520 484
483 519 520
484 521 485
484 520 521
485 522 486
485 521 522
486 523 487
486 522 523
535 546 536
536 546 545
541 549 542
37 543 529
549 548 542
37 544 543
38 548 547
531 1623 429
38 547 534
537 545 544
536 545 537
542 548 38
537 544 37
546 1624 547
27 1623 530
534 1624 535
547 1624 534
535 1624 546
429 1623 27
530 1623 531
529 27 530
529 543 27
533 427 31
33 552 538
533 428 427
531 429 428
531 428 532
532 428 533
538 552 539
539 551 540
539 552 551
540 550 541
540 551 550
541 550 549
1639 1649 1646
1632 1639 1638
1646 1649 1631
1630 1648 1647
161 1648 160
1666 1667 1655
163 1649 162
1657 1666 1655
1647 1648 1638
1635 1667 1666
1656 1669 1665
1639 1646 555
1658 1670 1664
1638 1648 1632
1656 1665 1659
1651 1670 1658
1643 1667 409
160 1648 1630
409 1667 1635
1671 1674 1654
1631 1649 163
1632 1648 161
1665 1669 1634
162 1649 1632
1664 1670 1636
1654 1674 1650
1637 1674 1671
560 1641 1640
1635 1645 410
558 1644 1634
1634 1641 559
413 1647 1638
411 1645 1636
1637 1644 557
1632 1649 1639
1636 1647 412
556 1646 1637
29 1639 555
408 1643 409
1631 1674 1646
1641 1669 1628
1647 1670 1630
1662 1677 1633
1628 1668 1641
1626 1665 1644
1645 1666 1627
1640 1677 1662
1627 1664 1645
1644 1671 1626
1625 1676 1663
560 1640 561
1642 1643 408
407 1642 408
1638 1639 29
559 1641 560
1663 1676 1642
555 1646 556
412 1647 413
411 1636 412
556 1637 557
410 1645 411
557 1644 558
409 1635 410
558 1634 559
413 1638 29
164 1631 163
160 1630 159
162 1632 161
157 1627 156
167 1626 166
170 1628 169
154 1629 153
554 1633 553
1629 1667 1643
562 1625 563
1646 1674 1637
1641 1668 1640
1644 1665 1634
171 1652 170
165 1650 164
1637 1671 1644
166 1654 165
155 1655 154
1635 1666 1645
1634 1669 1641
1645 1664 1636
1636 1670 1647
1629 1653 153
1643 1673 1629
1630 1651 159
1628 1656 169
1627 1657 156
170 1652 1628
153 1653 152
159 1651 158
164 1650 1631
169 1656 168
1626 1654 166
156 1657 155
154 1655 1629
3 1672 172
165 1654 1650
39 1662 554
563 1663 28
553 1672 3
158 1658 157
168 1659 167
561 1662 39
28 1663 407
157 1658 1627
167 1659 1626
172 1660 171
1650 1674 1631
1630 1670 1651
151 1675 2
1640 1662 561
407 1663 1642
152 1661 151
2 1675 562
155 1657 1655
1655 1667 1629
1628 1669 1656
171 1660 1652
1651 1658 158
1627 1666 1657
1656 1659 168
1659 1665 1626
1629 1673 1653
1653 1661 152
554 1662 1633
1625 1663 563
1658 1664 1627
1652 1668 1628
1642 1673 1643
1626 1671 1654
562 1675 1625
1633 1672 553
172 1672 1660
1633 1677 1660
1661 1675 151
1653 1676 1661
1661 1676 1625
1625 1675 1661
1660 1672 1633
1660 1677 1652
1652 1677 1668
1668 1677 1640
1673 1676 1653
1642 1676 1673
582 1684 583
583 1684 239
6 583 239
582 1718 1684
568 1695 567
1679 1695 568
572 1680 571
42 1710 576
576 1710 578
564 1711 40
586 1694 1682
1682 1691 587
48 1711 588
1694 1712 1682
1695 1696 1694
1681 1700 580
1698 1700 1681
1680 1687 571
578 1710 43
1690 1708 1698
1686 1700 1688
43 1710 577
1690 1698 1681
1683 1690 1681
1705 1707 1706
1699 1707 1705
586 1682 587
1697 1708 1699
574 1686 573
578 1720 576
567 1685 566
575 1703 574
1689 1700 1698
1685 1695 1694
566 1701 565
579 1681 580
1684 1717 239
1715 1716 565
1693 1717 1702
1699 1705 1687
1688 1700 1689
579 1683 1681
1686 1688 573
572 1688 1680
1692 1707 1699
1678 1706 1679
1698 1708 1697
1702 1717 1684
46 1714 1702
239 1717 7
1679 1706 1696
1697 1699 1687
1696 1712 1694
1702 1714 1693
1680 1697 1687
567 1695 1685
1682 1719 1691
565 1716 564
1679 1696 1695
44 1720 578
585 1713 586
1687 1705 1704
1691 1714 587
586 1713 1694
1688 1689 1680
46 1702 584
1699 1708 1692
1700 1709 580
45 1718 582
577 1710 42
584 1718 45
1683 1691 1690
40 1711 589
1692 1719 1712
1707 1712 1696
1691 1719 1690
576 1720 575
1684 1718 1702
573 1688 572
581 1721 44
1683 1693 1691
569 1679 568
1708 1719 1692
1701 1713 585
1706 1707 1696
580 1709 581
587 1714 46
1686 1709 1700
1692 1712 1707
47 1715 585
41 1704 570
1712 1719 1682
47 1716 1715
1689 1697 1680
7 1722 579
1690 1719 1708
1685 1701 566
1694 1713 1685
574 1703 1686
1683 1722 1693
575 1721 1703
1689 1698 1697
570 1704 1678
1702 1718 584
579 1722 1683
588 1716 47
1693 1714 1691
1701 1715 565
1693 1722 1717
1685 1713 1701
585 1715 1701
1711 1716 588
1703 1721 581
1703 1709 1686
581 1709 1703
44 1721 1720
1704 1705 1678
1705 1706 1678
1717 1722 7
564 1716 1711
1720 1721 575
571 1704 41
1687 1704 571
589 1711 48
570 1679 569
1678 1679 570
1731 1736 1725
1725 1735 1731
52 1732 599
1735 1737 1732
600 1732 52
601 1728 1727
596 1731 595
1724 1728 602
603 1724 602
1728 1730 1727
1725 1737 1735
595 1731 1723
601 1727 600
1729 1733 1723
1724 1729 1728
602 1728 601
1723 1730 1729
1723 1731 1730
595 1723 594
1727 1735 1732
1729 1730 1728
594 1733 593
596 1736 1731
598 1725 597
1727 1732 600
592 1726 591
1726 1734 591
591 1734 590
1731 1735 1730
593 1739 50
1723 1733 594
1729 1738 1733
50 1739 592
49 1740 603
1730 1735 1727
597 1736 51
590 1740 49
1733 1738 1726
1725 1736 597
51 1736 596
1733 1739 593
1726 1739 1733
603 1740 1724
1724 1738 1729
1732 1737 599
599 1737 598
598 1737 1725
1724 1740 1734
1734 1738 1724
592 1739 1726
1726 1738 1734
1734 1740 590
1744 1746 1743
1743 1745 1744
1742 1746 1744
1744 1749 1742
1742 1750 1746
606 1744 607
1744 1745 607
604 1741 605
614 1743 613
607 1745 608
606 1749 1744
1743 1746 613
608 1747 609
615 1748 614
613 1746 612
53 1751 604
605 1752 54
609 1751 53
54 1752 615
1746 1750 612
612 1750 56
55 1749 606
611 1742 610
1745 1747 608
614 1748 1743
1747 1753 1741
1741 1753 1748
1747 1751 609
615 1752 1748
56 1750 611
610 1749 55
604 1751 1741
1741 1752 605
1743 1753 1745
611 1750 1742
1742 1749 610
1741 1751 1747
1748 1752 1741
1745 1753 1747
1748 1753 1743
616 1756 56
1754 1759 1758
596 1756 616
1758 1759 614
56 1756 612
1757 1758 1755
51 596 616
1754 1758 1757
612 1756 1755
1755 1761 1757
54 615 617
595 1756 596
614 1759 615
593 1757 594
612 1755 613
1756 1761 1755
1755 1758 613
618 1754 619
595 1761 1756
615 1759 617
613 1758 614
617 1759 618
1757 1761 594
50 1760 593
618 1759 1754
1757 1760 1754
619 1760 50
593 1760 1757
594 1761 595
1754 1760 619
55 1764 627
627 1764 623
1766 1767 1762
608 1767 1766
606 1764 55
1763 1766 1765
58 627 623
1765 1766 1762
1763 1764 606
1765 1769 1763
609 53 620
623 1764 624
609 1767 608
625 1765 626
607 1763 606
1763 1769 1764
607 1766 1763
622 1762 621
1764 1769 624
620 1767 609
608 1766 607
621 1767 620
625 1769 1765
626 1768 57
1762 1767 621
1762 1768 1765
57 1768 622
1765 1768 626
624 1769 625
622 1768 1762
646 1807 1774
1777 1832 489
655 656 430
651 1784 1771
652 1815 1784
651 1771 650
378 1813 1772
1772 1812 377
367 1809 1773
1773 1811 366
430 656 31
374 1802 1787
1789 1797 370
652 1784 651
647 1807 646
59 629 628
489 1832 1779
629 1790 628
628 1790 35
1774 1804 645
491 1770 490
1775 1803 638
1778 1801 19
379 1813 378
327 1799 1779
1780 1800 337
35 1790 491
368 1809 367
366 1811 365
377 1812 376
645 1804 644
334 1794 1781
1782 1796 330
430 1817 655
638 1803 637
341 1798 1783
1770 1830 490
19 1801 343
31 657 533
1774 1807 465
328 1799 327
635 1792 1785
335 1794 334
337 1800 336
330 1796 329
642 1793 1786
342 1798 341
636 1792 635
649 1791 1788
643 1793 642
24 1791 649
491 1790 1770
375 1802 374
22 1776 381
370 1797 369
657 658 533
490 1830 1777
656 657 31
630 1790 629
1784 1815 433
464 1788 463
466 1804 1774
469 1786 468
371 1789 370
374 1787 373
474 1785 473
477 1821 1801
1798 1821 477
486 1782 485
484 1781 483
479 1783 478
1776 1795 381
476 1778 475
466 1774 465
472 1822 1803
1792 1822 472
489 1779 488
1770 1790 630
481 1780 480
471 1803 1775
471 1775 470
451 1795 450
476 1801 1778
467 1823 1804
1793 1823 467
653 1816 1815
453 1812 1772
1791 1825 462
1779 1799 488
461 1811 1773
378 1772 377
1773 1809 460
1772 1813 452
481 1800 1780
462 1825 1811
367 1773 366
1787 1802 455
458 1797 1789
454 1828 1812
1802 1828 454
1781 1794 483
486 1796 1782
1783 1798 478
1785 1792 473
1786 1793 468
487 1820 1796
1799 1820 487
451 1818 1795
464 1826 1788
469 1829 1786
1794 1819 482
1782 1834 485
482 1819 1800
474 1831 1785
1780 1836 480
1788 1791 463
1778 1837 475
449 1771 32
479 1833 1783
484 1835 1781
1775 1838 470
449 1824 1771
1776 1824 449
459 1827 1797
1809 1827 459
381 1795 380
653 1815 652
453 1772 452
461 1773 460
457 1840 1814
431 1817 430
341 1783 340
642 1786 641
338 1780 337
327 1779 326
331 1782 330
334 1781 333
635 1785 634
639 1775 638
632 1778 19
649 1788 648
646 1774 645
1789 1840 457
1815 1816 432
450 1776 449
490 1777 489
450 1795 1776
470 1838 1806
32 1784 433
480 1836 1805
475 1837 1808
456 1787 455
458 1789 457
485 1834 1810
456 1839 1787
1814 1839 456
463 1791 462
468 1793 467
473 1792 472
459 1797 458
487 1796 486
654 1816 653
478 1798 477
483 1794 482
482 1800 481
455 1802 454
488 1799 487
477 1801 476
472 1803 471
631 1770 630
467 1804 466
465 1807 464
485 1810 484
480 1805 479
470 1806 469
475 1808 474
454 1812 453
462 1811 461
460 1809 459
452 1813 451
457 1814 456
433 1815 432
1805 1833 479
1771 1784 32
1810 1835 484
1806 1829 469
1808 1831 474
1807 1826 464
1771 1824 650
22 1824 1776
1813 1818 451
1805 1836 339
1806 1838 640
1810 1834 332
1808 1837 633
380 1818 379
18 1832 1830
648 1826 647
641 1829 640
634 1831 633
339 1833 1805
640 1829 1806
647 1826 1807
340 1833 339
333 1835 332
633 1831 1808
332 1835 1810
379 1818 1813
332 1834 331
339 1836 338
633 1837 632
640 1838 639
371 1840 1789
650 1824 22
1814 1840 372
1787 1839 373
1779 1832 326
373 1839 372
372 1839 1814
372 1840 371
432 1816 431
24 1825 1791
636 1822 1792
326 1832 18
335 1819 1794
1830 1832 1777
18 1830 631
1796 1820 329
643 1823 1793
328 1820 1799
1801 1821 343
342 1821 1798
1804 1823 644
1803 1822 637
1800 1819 336
1797 1827 369
368 1827 1809
375 1828 1802
1811 1825 365
1812 1828 376
369 1827 368
336 1819 335
655 1817 654
329 1820 328
365 1825 24
1795 1818 380
644 1823 643
376 1828 375
637 1822 636
343 1821 342
1788 1826 648
1786 1829 641
1785 1831 634
1783 1833 340
1781 1835 333
639 1838 1775
632 1837 1778
338 1836 1780
331 1834 1782
631 1830 1770
654 1817 1816
1816 1817 431
529 662 37
530 661 529
661 662 529
531 660 530
660 661 530
532 659 531
531 659 660
533 658 532
658 659 532
1848 1910 804
1867 1912 757
1859 1918 782
1856 1916 765
303 1909 1847
1841 1881 818
252 1906 1846
628 824 59
61 1867 757
1845 1900 288
743 752 753
296 1896 1844
744 752 743
759 1913 1852
628 1919 824
1844 1898 295
822 1877 1842
818 1881 817
776 1915 1851
35 1919 628
1852 1867 758
289 1901 1845
773 1886 1871
790 1887 1872
1846 1897 251
758 1867 61
804 1910 803
304 1909 303
1847 1893 302
823 1877 822
1851 1908 775
253 1906 252
288 1900 15
782 1918 781
765 1916 764
1843 1875 815
805 1895 1848
297 1896 296
1849 1902 258
745 751 744
295 1898 294
815 1875 814
663 1919 35
798 1892 1853
766 1899 1856
760 1913 759
290 1901 289
251 1897 10
1855 1891 265
777 1915 776
302 1893 301
783 1904 1859
806 1895 805
775 1908 62
11 1889 1858
810 1870 14
258 1902 257
1861 1905 786
1857 1890 794
14 1870 1854
1860 1894 769
799 1892 798
265 1891 264
767 1899 766
691 1910 1848
824 1919 823
792 1889 11
721 1918 1859
262 1888 1863
784 1904 783
794 1890 793
734 1916 1856
1847 1909 675
1862 1883 801
769 1894 768
667 1881 1841
801 1883 800
786 1905 785
255 1885 1865
263 1888 262
1846 1906 712
823 1919 1877
256 1885 255
686 1900 1845
745 750 751
1866 1884 808
671 1850 670
300 1878 299
808 1884 807
1844 1896 680
299 1878 1868
774 1886 773
1852 1913 738
791 1887 790
669 1843 668
1873 1879 762
681 1898 1844
1851 1915 725
665 1842 664
667 1841 666
1876 1882 779
1850 1922 670
1842 1877 664
1845 1901 685
739 1867 1852
763 1873 762
812 1864 811
674 1854 673
713 1897 1846
780 1876 779
683 1869 682
726 1908 1851
1850 1864 812
1843 1934 668
676 1893 1847
679 1868 678
790 1872 789
773 1871 772
669 1875 1843
711 1865 710
744 751 752
1848 1895 690
688 1866 687
708 1902 1849
693 1862 692
740 1912 1867
701 1858 700
698 1857 697
681 1844 680
706 1863 705
696 1853 695
691 1848 690
1869 1925 682
703 1855 702
676 1847 675
292 1874 291
713 1846 712
686 1845 685
708 1849 707
719 1930 1905
1904 1930 719
1869 1874 292
704 1929 1891
1888 1929 704
1853 1892 695
1856 1899 733
731 1860 730
734 1856 733
703 1891 1855
1866 1935 687
718 1861 717
721 1859 720
1885 1937 709
709 1937 1902
1871 1886 728
1859 1904 720
1872 1887 715
672 1921 1864
739 1852 738
726 1851 725
1878 1939 677
677 1939 1893
1841 1952 666
698 1890 1857
718 1905 1861
1886 1941 727
727 1941 1908
714 1944 1897
1858 1889 700
665 1946 1842
731 1894 1860
724 1882 723
737 1879 736
1887 1944 714
1870 1921 672
1854 1870 673
674 1940 1854
679 1928 1868
671 1864 1850
1863 1888 705
711 1936 1865
693 1883 1862
1862 1943 692
699 1924 1890
1889 1924 699
1857 1947 697
1865 1885 710
706 1945 1863
688 1884 1866
742 1920 741
742 1923 1920
701 1948 1858
1855 1950 702
1849 1958 707
672 1864 671
1868 1878 678
732 1931 1894
1899 1931 732
694 1926 1883
1892 1926 694
696 1953 1853
668 1934 1881
762 1879 761
779 1882 778
1860 1955 730
683 1874 1869
684 1942 1874
666 1952 1880
724 1932 1882
737 1933 1879
689 1938 1884
1895 1938 689
684 1874 683
1861 1957 717
670 1922 1875
736 1879 1873
723 1882 1876
1901 1942 684
735 1949 1916
14 1854 305
1873 1949 735
770 1860 769
759 1852 758
766 1856 765
787 1861 786
776 1851 775
783 1859 782
722 1951 1918
296 1844 295
299 1868 298
289 1845 288
303 1847 302
293 1869 292
798 1853 797
809 1866 808
795 1857 794
802 1862 801
805 1848 804
252 1846 251
259 1849 258
11 1858 268
266 1855 265
255 1865 254
262 1863 261
1876 1951 722
687 1935 1900
819 1841 818
822 1842 821
813 1850 812
816 1843 815
682 1925 1898
707 1958 1907
1880 1946 665
757 1912 756
729 1871 728
716 1872 715
729 1956 1871
716 1954 1872
740 1867 739
673 1870 672
697 1947 1903
723 1876 722
741 1912 740
736 1873 735
1914 1956 729
678 1878 677
1917 1954 716
702 1950 1911
670 1875 669
689 1884 688
664 1877 663
694 1883 693
710 1885 709
668 1881 667
730 1955 1914
666 1880 665
717 1957 1917
699 1890 698
705 1888 704
728 1886 727
715 1887 714
692 1943 1910
700 1889 699
704 1891 703
695 1892 694
732 1894 731
677 1893 676
719 1905 718
690 1895 689
709 1902 708
682 1898 681
685 1901 684
714 1897 713
720 1904 719
680 1896 679
687 1900 686
675 1909 674
733 1899 732
692 1910 691
697 1903 696
712 1906 711
727 1908 726
702 1911 701
707 1907 706
725 1915 724
738 1913 737
735 1916 734
722 1918 721
730 1914 729
717 1917 716
1903 1953 696
1911 1948 701
1907 1945 706
1909 1940 674
1913 1933 737
1915 1932 724
1896 1928 679
1906 1936 711
753 1927 743
1880 1952 820
820 1946 1880
1903 1947 796
1910 1943 803
1907 1958 260
1911 1950 267
1914 1955 771
1917 1957 788
298 1928 297
297 1928 1896
1875 1922 814
254 1936 253
305 1940 304
268 1948 267
261 1945 260
796 1953 1903
253 1936 1906
797 1953 796
260 1945 1907
803 1943 802
821 1946 820
1881 1934 817
304 1940 1909
788 1957 787
771 1955 770
267 1948 1911
796 1947 795
267 1950 266
260 1958 259
1877 1919 663
820 1952 819
810 1921 1870
761 1933 760
778 1932 777
1898 1925 294
1900 1935 15
756 1920 755
760 1933 1913
777 1932 1915
763 1949 1873
294 1925 293
1916 1949 764
814 1922 813
15 1935 809
1871 1956 772
780 1951 1876
1918 1951 781
817 1934 816
772 1956 771
771 1956 1914
300 1939 1878
1872 1954 789
1912 1920 756
789 1954 788
788 1954 1917
1883 1926 800
256 1937 1885
1893 1939 301
290 1942 1901
806 1938 1895
792 1924 1889
1884 1938 807
799 1926 1892
781 1951 780
1890 1924 793
764 1949 763
1891 1929 264
263 1929 1888
1897 1944 10
754 1927 753
791 1944 1887
774 1941 1886
1902 1937 257
291 1942 290
1864 1921 811
767 1931 1899
1894 1931 768
1908 1941 62
784 1930 1904
807 1938 806
741 1920 1912
811 1921 810
1905 1930 785
800 1926 799
768 1931 767
793 1924 792
10 1944 791
301 1939 300
755 1923 754
743 1927 742
1874 1942 291
62 1941 774
257 1937 256
1879 1933 761
264 1929 263
813 1922 1850
1882 1932 778
293 1925 1869
785 1930 784
1868 1928 298
809 1935 1866
1865 1936 254
1863 1945 261
787 1957 1861
770 1955 1860
1858 1948 268
816 1934 1843
1853 1953 797
802 1943 1862
259 1958 1849
795 1947 1857
266 1950 1855
1854 1940 305
1842 1946 821
819 1952 1841
1920 1923 755
1923 1927 754
742 1927 1923
60 748 747
746 750 745
747 749 746
746 749 750
747 748 749
20 631 825
839 813 840
810 14 325
810 325 17
842 810 17
344 18 631
20 344 631
629 59 827
59 824 828
827 59 828
630 629 826
826 629 827
631 630 825
825 630 826
811 810 842
812 811 841
841 811 842
813 812 840
840 812 841
814 813 839
815 814 838
838 814 839
816 815 837
837 815 838
817 816 836
836 816 837
818 817 835
835 817 836
819 818 834
834 818 835
820 819 833
833 819 834
821 820 832
832 820 833
822 821 831
831 821 832
823 822 830
830 822 831
824 823 829
829 823 830
828 824 829
634 633 855
854 634 855
857 19 363
632 19 857
857 363 21
382 24 858
24 649 858
382 858 25
647 646 63
63 646 843
860 647 63
633 632 856
856 632 857
855 633 856
635 634 854
636 635 853
853 635 854
637 636 852
852 636 853
638 637 851
851 637 852
639 638 850
850 638 851
640 639 849
849 639 850
641 640 848
848 640 849
642 641 847
847 641 848
643 642 846
846 642 847
644 643 845
845 643 846
645 644 844
844 644 845
646 645 843
843 645 844
648 647 860
649 648 859
859 648 860
858 649 859
861 535 862
534 535 861
862 536 863
535 536 862
863 537 864
536 537 863
38 534 861
875 652 876
650 22 364
650 364 23
877 650 23
537 37 864
37 662 865
864 37 865
651 650 877
652 651 876
876 651 877
653 652 875
654 653 874
874 653 875
655 654 873
873 654 874
656 655 872
872 655 873
657 656 871
871 656 872
658 657 870
870 657 871
659 658 869
869 658 870
660 659 868
868 659 869
661 660 867
867 660 868
662 661 866
866 661 867
865 662 866
544 884 543
883 884 544
545 883 544
882 883 545
438 555 437
546 882 545
881 882 546
547 881 546
880 881 547
548 880 547
33 560 552
559 560 33
555 556 437
879 880 548
549 879 548
878 879 549
550 878 549
434 559 33
437 556 436
39 878 550
551 39 550
558 559 434
561 39 551
556 557 436
552 561 551
560 561 552
557 558 435
435 558 434
436 557 435
27 1959 26
884 1959 543
26 1959 884
543 1959 27
414 29 555
414 438 30
414 555 438
1965 1987 390
395 1984 1966
495 494 442
1964 1988 868
539 1994 496
1973 1989 542
63 885 860
496 538 539
36 1977 885
862 1983 1963
885 1977 860
38 1973 542
384 1986 1962
1970 1974 387
1963 1973 861
876 1976 1968
398 1975 1969
1962 1982 383
396 1984 395
390 1987 389
868 1988 867
526 1960 527
861 1973 38
527 1977 36
33 495 442
863 1983 862
869 1981 1964
1960 1977 527
385 1986 384
391 1978 1965
1966 1979 394
383 1982 23
1967 1980 872
858 1961 25
518 1987 1965
1966 1984 522
496 1994 497
870 1981 869
525 1991 1961
505 1988 1964
392 1978 391
394 1979 393
860 1977 859
1960 1961 858
872 1980 871
859 1977 1960
1963 1983 501
877 1976 876
1975 1991 525
387 1974 386
399 1975 398
1971 1972 865
1962 1986 514
442 494 441
500 1973 1963
866 1971 865
526 1961 1960
513 1982 1962
388 1970 387
398 1969 397
876 1968 875
499 1989 1973
518 1965 519
1964 1981 506
521 1966 522
508 1967 509
1969 1975 524
505 1964 506
1968 1976 511
516 1974 1970
500 1963 501
521 1979 1966
1965 1978 519
513 1962 514
508 1980 1967
502 1972 503
1976 1997 512
512 1997 1982
525 1961 526
520 1993 1979
1978 1993 520
507 1995 1980
1981 1995 507
865 1972 864
502 1996 1972
1967 2003 509
503 1972 1971
515 1998 1974
1986 1998 515
504 1999 1988
862 1963 861
873 1967 872
395 1966 394
384 1962 383
869 1964 868
391 1965 390
1971 1999 504
517 2000 1987
1970 2000 517
542 1989 541
497 1990 498
523 2001 1969
510 2002 1968
510 1968 511
1984 2001 523
523 1969 524
516 1970 517
503 1971 504
1985 2002 510
499 1973 500
515 1974 516
524 1975 525
859 1960 858
511 1976 512
509 2003 1985
507 1980 508
520 1979 521
519 1978 520
506 1981 507
512 1982 513
501 1983 502
514 1986 515
522 1984 523
504 1988 505
517 1987 518
509 1985 510
496 1992 538
497 1994 1990
498 1989 499
1983 1996 502
1985 2003 874
495 1992 496
874 2003 873
864 1996 863
863 1996 1983
1961 1991 25
541 1990 540
388 2000 1970
25 1991 399
1987 2000 389
1989 1990 541
1988 1999 867
866 1999 1971
1968 2002 875
875 2002 874
538 1992 33
399 1991 1975
874 2002 1985
1969 2001 397
397 2001 396
396 2001 1984
389 2000 388
867 1999 866
1974 1998 386
877 1997 1976
392 1993 1978
385 1998 1986
386 1998 385
1982 1997 23
870 1995 1981
1979 1993 393
1980 1995 871
871 1995 870
393 1993 392
23 1997 877
1972 1996 864
540 1994 539
498 1990 1989
873 2003 1967
33 1992 495
1990 1994 540
492 34 439
440 492 439
441 493 440
493 492 440
441 494 493
528 2004 35
671 2012 894
892 2011 669
891 2010 668
890 2009 667
889 2008 666
888 2007 665
887 2006 664
886 2005 663
663 2004 886
664 2005 887
665 2006 888
666 2007 889
667 2008 890
668 2009 891
669 2010 892
670 2011 893
893 2012 670
35 2004 663
886 2004 36
64 978 977
663 2005 664
664 2006 665
665 2007 666
666 2008 667
667 2009 668
668 2010 669
669 2011 670
670 2012 671
887 2005 886
888 2006 887
889 2007 888
890 2008 889
891 2009 890
892 2010 891
893 2011 892
894 2012 893
975 981 974
975 980 981
36 2004 528
971 60 747
972 60 971
972 983 60
895 672 671
895 671 894
896 673 672
896 672 895
897 674 673
896 897 673
898 675 674
897 898 674
899 676 675
898 899 675
677 676 900
900 676 899
677 901 678
677 900 901
678 902 679
678 901 902
679 903 680
679 902 903
680 904 681
680 903 904
681 905 682
904 905 681
682 906 683
905 906 682
683 907 684
906 907 683
684 908 685
907 908 684
685 909 686
908 909 685
686 910 687
909 910 686
687 911 688
910 911 687
688 912 689
911 912 688
689 913 690
912 913 689
690 914 691
913 914 690
691 915 692
914 915 691
692 916 693
915 916 692
693 917 694
916 917 693
694 918 695
917 918 694
695 919 696
695 918 919
696 920 697
696 919 920
697 921 698
697 920 921
698 922 699
698 921 922
699 923 700
699 922 923
700 924 701
700 923 924
701 925 702
924 925 701
926 703 702
926 702 925
927 704 703
927 703 926
928 705 704
928 704 927
929 706 705
929 705 928
930 707 706
930 706 929
931 708 707
931 707 930
932 709 708
932 708 931
933 710 709
933 709 932
934 711 710
934 710 933
711 935 712
711 934 935
936 713 712
936 712 935
937 714 713
936 937 713
938 715 714
937 938 714
939 716 715
939 715 938
940 717 716
940 716 939
941 718 717
940 941 717
942 719 718
941 942 718
943 720 719
943 719 942
944 721 720
944 720 943
945 722 721
944 945 721
722 946 723
722 945 946
723 947 724
946 947 723
724 948 725
947 948 724
725 949 726
725 948 949
726 950 727
726 949 950
727 951 728
727 950 951
728 952 729
728 951 952
729 953 730
729 952 953
730 954 731
953 954 730
731 955 732
954 955 731
732 956 733
955 956 732
733 957 734
956 957 733
734 958 735
957 958 734
735 959 736
958 959 735
736 960 737
959 960 736
737 961 738
960 961 737
738 962 739
961 962 738
739 963 740
739 962 963
740 964 741
740 963 964
741 965 742
741 964 965
742 966 743
965 966 742
743 967 744
966 967 743
744 968 745
967 968 744
969 746 745
969 745 968
970 747 746
969 970 746
970 971 747
973 983 972
974 982 973
973 982 983
974 981 982
976 980 975
977 979 976
979 980 976
977 978 979
2014 2071 2058
2020 2061 2060
2059 2095 2018
2015 2102 2062
2063 2096 2024
2090 2096 2063
2071 2099 2025
2058 2091 2014
2062 2102 2064
2018 2090 2059
2020 2081 2061
2014 2099 2071
2082 2084 2023
2088 2098 2084
2025 2101 2071
2023 2097 2082
2084 2098 2023
2017 2067 2066
2017 2066 2065
2059 2109 2095
2067 2106 2080
983 2067 2017
2067 2080 2066
2062 2085 2015
982 2067 983
2060 2100 2020
2024 2091 2063
2083 2104 2027
2027 2104 2094
2028 2092 2029
2080 2106 2021
997 2081 2020
996 2081 997
2063 2091 2058
2075 2093 2088
2081 2085 2061
2026 2092 2028
983 2017 60
64 2016 978
980 2021 981
2088 2093 2019
997 2020 65
2029 2032 2031
2035 2072 2034
2033 2074 2036
2036 2074 2069
2065 2089 2017
2059 2077 2047
2048 2071 2053
994 2015 995
2038 2072 2035
2069 2076 2036
2048 2053 2045
2032 2075 2074
2047 2073 2041
2032 2074 2033
2053 2065 2054
2058 2071 2048
2042 2045 2038
2042 2048 2045
2037 2076 2040
2057 2059 2047
2053 2054 2045
2069 2070 2056
2052 2056 2055
2036 2076 2037
2033 2034 2031
2044 2052 2051
2049 2058 2048
2052 2069 2056
2052 2055 2051
2039 2042 2038
2033 2035 2034
990 2019 991
750 2014 751
2074 2075 2070
2037 2038 2035
988 2023 989
2040 2076 2044
2052 2076 2069
986 2013 987
2032 2033 2031
2069 2074 2070
752 2024 753
2042 2049 2048
2045 2072 2038
2049 2063 2058
2037 2039 2038
2044 2051 2050
748 2025 749
2036 2037 2035
2041 2073 2039
2033 2036 2035
984 2027 985
992 2026 993
2040 2044 2043
2046 2047 2041
2044 2076 2052
2039 2073 2042
2046 2057 2047
2054 2072 2045
754 2018 755
2044 2050 2043
2040 2041 2039
2051 2060 2050
2037 2040 2039
2062 2064 2057
2040 2043 2041
2042 2073 2049
2047 2077 2073
2049 2077 2063
756 2022 757
2073 2077 2049
2043 2046 2041
2060 2061 2050
2050 2078 2043
2046 2062 2057
2043 2078 2046
2061 2078 2050
2046 2078 2062
2072 2079 2034
2054 2079 2072
2031 2068 2030
2065 2066 2054
2034 2068 2031
2066 2079 2054
2034 2079 2068
2029 2031 2030
2066 2080 2079
2079 2080 2068
2081 2103 2085
2051 2083 2060
2029 2030 2016
2021 2086 2080
2056 2082 2055
2022 2109 2064
2078 2085 2062
2055 2083 2051
2056 2084 2082
2075 2088 2070
2016 2087 978
2070 2084 2056
2080 2086 2068
993 2028 64
2026 2028 993
60 2089 748
748 2089 2025
2059 2090 2077
2083 2100 2060
978 2087 979
2029 2092 2032
2018 2096 2090
2061 2085 2078
2095 2109 2022
2071 2101 2053
2027 2100 2083
2019 2098 2088
2065 2101 2089
2028 2029 2016
2082 2097 2013
2064 2109 2057
64 2028 2016
2017 2089 60
2064 2107 2022
2086 2087 2030
2068 2086 2030
2030 2087 2016
2013 2104 2082
2082 2104 2055
2077 2090 2063
2070 2088 2084
986 2094 2013
985 2094 986
2032 2092 2075
755 2095 756
2018 2095 755
2027 2094 985
756 2095 2022
753 2096 754
2024 2096 753
987 2097 988
988 2097 2023
754 2096 2018
2013 2097 987
61 2102 994
995 2103 996
989 2098 990
990 2098 2019
2023 2098 989
996 2103 2081
749 2099 750
2025 2099 749
750 2099 2014
2022 2107 757
984 2110 2027
982 2106 2067
752 2111 2024
2014 2111 751
2019 2108 991
2053 2101 2065
992 2108 2026
994 2102 2015
980 2105 2021
981 2106 982
2085 2103 2015
979 2105 980
2092 2093 2075
2089 2101 2025
2015 2103 995
2086 2105 2087
2055 2104 2083
2020 2110 65
2026 2093 2092
2021 2106 981
757 2107 61
991 2108 992
2057 2109 2059
65 2110 984
751 2111 752
2024 2111 2091
2091 2111 2014
2021 2105 2086
2093 2108 2019
2087 2105 979
2026 2108 2093
2027 2110 2100
61 2107 2102
2094 2104 2013
2102 2107 2064
2100 2110 2020
759 758 995
995 758 994
760 759 996
996 759 995
761 760 997
997 760 996
758 61 994
773 772 1000
1000 772 1001
62 774 998
1011 62 998
762 761 65
65 761 997
1010 762 65
66 1011 998
763 762 1010
764 763 1009
1009 763 1010
765 764 1008
1008 764 1009
766 765 1007
1007 765 1008
767 766 1006
1006 766 1007
768 767 1005
1005 767 1006
769 768 1004
1004 768 1005
770 769 1003
1003 769 1004
771 770 1002
1002 770 1003
772 771 1001
1001 771 1002
774 773 999
999 773 1000
998 774 999
1028 775 1011
12 10 791
12 791 1012
775 62 1011
1028 1011 66
1027 776 775
1027 775 1028
1026 777 776
1026 776 1027
1025 778 777
1025 777 1026
1024 779 778
1024 778 1025
1023 780 779
1023 779 1024
781 780 1022
1022 780 1023
782 781 1021
1021 781 1022
783 782 1020
1020 782 1021
1019 784 783
1019 783 1020
785 784 1018
1018 784 1019
786 785 1017
1017 785 1018
787 786 1016
1016 786 1017
788 787 1015
1015 787 1016
789 788 1014
1014 788 1015
790 789 1013
1013 789 1014
1012 791 790
1012 790 1013
306 809 1029
792 287 1046
792 11 287
1046 287 13
15 809 306
16 306 1029
793 792 1045
1045 792 1046
1044 794 793
1044 793 1045
1043 795 794
1043 794 1044
1042 796 795
1042 795 1043
797 796 1041
1041 796 1042
1040 798 797
1040 797 1041
1039 799 798
1039 798 1040
1038 800 799
1038 799 1039
1037 801 800
1037 800 1038
1036 802 801
1036 801 1037
1035 803 802
1035 802 1036
1034 804 803
1034 803 1035
1033 805 804
1033 804 1034
1032 806 805
1032 805 1033
1031 807 806
1031 806 1032
1030 808 807
1030 807 1031
809 808 1029
1029 808 1030
2121 2191 1040
2116 2193 13
1018 2204 2146
2112 2157 851
2117 2198 275
2134 2203 1013
2115 2192 282
977 2129 64
988 2210 987
1005 1006 988
1003 1004 990
851 2157 850
2119 2202 1024
855 2153 2113
2146 2182 1017
283 2186 2115
977 2208 2129
1021 2168 2150
1040 2191 1039
1019 2204 1018
1025 2201 2119
13 2193 1046
843 885 63
843 2205 885
276 2184 2117
275 2198 274
282 2192 281
269 2185 2116
856 2153 855
1041 2183 2121
2114 2151 848
2120 2177 347
1013 2203 1012
1034 2181 2122
885 2205 36
990 1004 989
2123 2176 354
324 2178 2124
848 2151 847
1014 2187 2134
990 2214 1003
2127 2174 361
317 2179 2126
284 2186 283
310 2173 2130
989 1005 988
1024 2202 1023
277 2184 276
2132 2171 829
1026 2201 1025
840 2180 2131
270 2185 269
1042 2183 1041
347 2177 346
2133 2175 836
1035 2181 1034
833 2169 2136
2135 2170 17
354 2176 353
826 2172 2138
16 2178 324
2137 2166 313
64 2207 993
361 2174 360
318 2179 317
311 2173 310
358 2163 2139
829 2171 828
2140 2165 320
945 2191 2121
1015 2187 1014
36 2205 886
834 2169 833
841 2180 840
2143 2164 1030
351 2160 2141
17 2170 842
836 2175 835
2144 2162 1037
950 2193 2116
313 2166 312
359 2163 358
827 2172 826
320 2165 319
955 2198 2117
352 2160 351
891 2157 2112
2145 2158 1044
1030 2164 1029
965 2203 2134
1017 2182 1016
1037 2162 1036
960 2192 2115
1044 2158 1043
2147 2161 272
2129 2207 64
887 2125 888
844 2205 843
1004 1005 989
272 2161 271
279 2154 278
895 2118 896
2149 2154 279
66 2128 1028
286 2156 285
2148 2156 286
889 2114 890
2125 2211 888
1022 2168 1021
893 2113 894
891 2112 892
973 2202 2119
2113 2153 894
2115 2186 961
845 2142 844
2119 2201 974
2142 2205 844
2172 2217 912
912 2217 2171
2125 2142 845
2117 2184 956
2114 2229 890
1021 2150 1020
963 2148 964
2116 2185 951
953 2147 954
958 2149 959
948 2145 949
900 2141 901
943 2144 944
889 2151 2114
938 2143 939
2121 2183 946
905 2139 906
933 2140 934
923 2135 924
898 2177 2120
928 2137 929
915 2136 916
2128 2167 1028
907 2219 2174
2163 2219 907
903 2123 904
908 2127 909
910 2138 911
345 2155 21
913 2132 914
895 2212 2118
898 2120 899
930 2126 931
2122 2181 941
925 2130 926
21 2155 2118
935 2124 936
918 2133 919
920 2131 921
945 2121 946
950 2116 951
940 2122 941
960 2115 961
1018 2146 1017
903 2176 2123
955 2117 956
975 2167 976
2124 2178 936
902 2222 2176
2160 2222 902
2134 2187 966
2148 2223 964
908 2174 2127
2155 2224 897
2126 2179 931
2147 2230 954
2149 2227 959
2130 2173 926
973 2119 974
2145 2233 949
913 2171 2132
965 2134 966
968 2182 2146
2131 2180 921
2146 2204 969
2150 2168 971
918 2175 2133
897 2224 2177
893 2238 2113
2112 2253 892
923 2170 2135
2136 2169 916
2138 2172 911
928 2166 2137
2168 2239 972
972 2239 2202
2139 2163 906
933 2165 2140
927 2218 2166
2173 2218 927
938 2164 2143
887 2142 2125
2141 2160 901
991 2214 990
2118 2155 896
943 2162 2144
2144 2234 944
2143 2237 939
975 2213 2167
2140 2241 934
948 2158 2145
2135 2244 924
922 2216 2170
900 2236 2141
2180 2216 922
2137 2242 929
917 2215 2175
953 2161 2147
2169 2215 917
905 2240 2139
2127 2250 909
2123 2255 904
2133 2246 919
2132 2247 914
910 2243 2138
915 2245 2136
2120 2257 899
932 2220 2165
2179 2220 932
942 2226 2162
967 2225 2182
937 2221 2164
2187 2225 967
896 2155 897
2181 2226 942
2178 2221 937
958 2154 2149
930 2251 2126
920 2248 2131
925 2249 2130
963 2156 2148
890 2229 2157
935 2254 2124
947 2228 2158
940 2256 2122
2183 2228 947
886 2142 887
892 2253 2159
957 2232 2154
952 2231 2161
2184 2232 957
2185 2231 952
962 2235 2156
986 2152 1008
2186 2235 962
888 2211 2151
2128 2208 977
1028 2167 1027
999 2129 998
1014 2134 1013
1025 2119 1024
1001 2206 1000
307 2135 17
314 2137 313
1031 2143 1030
1038 2144 1037
310 2130 309
355 2123 354
1034 2122 1033
362 2127 361
317 2126 316
1041 2121 1040
358 2139 357
348 2120 347
321 2140 320
351 2141 350
1045 2145 1044
324 2124 323
826 2138 825
833 2136 832
830 2132 829
280 2149 279
276 2117 275
840 2131 839
837 2133 836
12 2148 286
283 2115 282
273 2147 272
954 2230 2198
269 2116 13
949 2233 2193
976 2128 977
899 2257 2189
904 2255 2190
976 2167 2128
1007 2152 987
959 2227 2192
855 2113 854
21 2118 857
846 2125 845
852 2112 851
849 2114 848
970 2252 2150
909 2250 2188
964 2223 2203
968 2146 969
2159 2238 893
2204 2252 970
924 2244 2195
970 2150 971
919 2246 2197
992 2209 991
914 2247 2200
939 2237 2194
929 2242 2196
934 2241 2199
962 2156 963
944 2234 2191
957 2154 958
993 2207 2206
888 2151 889
952 2161 953
947 2158 948
894 2153 895
942 2162 943
937 2164 938
890 2157 891
932 2165 933
927 2166 928
901 2160 902
892 2159 893
971 2168 972
922 2170 923
906 2163 907
917 2175 918
911 2172 912
912 2171 913
916 2169 917
921 2180 922
907 2174 908
926 2173 927
902 2176 903
931 2179 932
936 2178 937
2153 2212 895
897 2177 898
967 2182 968
941 2181 942
946 2183 947
951 2185 952
956 2184 957
961 2186 962
966 2187 967
959 2192 960
954 2198 955
944 2191 945
949 2193 950
939 2194 940
929 2196 930
909 2188 910
924 2195 925
899 2189 900
914 2200 915
934 2199 935
919 2197 920
904 2190 905
972 2202 973
974 2201 975
964 2203 965
969 2204 970
2194 2256 940
2196 2251 930
2199 2254 935
2197 2248 920
2195 2249 925
2206 2207 1000
2188 2243 910
2200 2245 915
2190 2240 905
2189 2236 900
66 2208 2128
886 2205 2142
993 2206 992
1000 2207 999
2159 2253 853
2209 2214 991
2201 2213 975
856 2212 2153
2191 2234 1039
2194 2237 1032
853 2238 2159
2188 2250 20
2196 2242 315
2199 2241 322
2195 2244 308
2190 2255 356
2189 2257 349
2197 2246 838
2200 2247 831
1027 2213 1026
857 2212 856
2151 2211 847
350 2236 349
999 2207 2129
357 2240 356
349 2236 2189
356 2240 2190
20 2243 2188
309 2249 308
825 2243 20
308 2249 2195
832 2245 831
315 2251 2196
316 2251 315
1032 2256 2194
323 2254 322
322 2254 2199
1033 2256 1032
838 2248 2197
839 2248 838
2157 2229 850
854 2238 853
831 2245 2200
1026 2213 2201
1039 2234 1038
1032 2237 1031
1006 2210 988
322 2241 321
315 2242 314
308 2244 307
831 2247 830
20 2250 362
838 2246 837
356 2255 355
349 2257 348
2129 2208 998
853 2253 852
998 2208 66
2192 2227 281
2193 2233 1046
2198 2230 274
1002 2209 1001
2203 2223 1012
1012 2223 12
1001 2209 2206
2150 2252 1020
281 2227 280
847 2211 846
1046 2233 1045
274 2230 273
850 2229 849
2154 2232 278
352 2222 2160
2158 2228 1043
1020 2252 1019
2156 2235 285
359 2219 2163
1019 2252 2204
277 2232 2184
2162 2226 1036
2171 2217 828
2177 2224 346
2166 2218 312
2165 2220 319
2164 2221 1029
2161 2231 271
1042 2228 2183
834 2215 2169
1035 2226 2181
16 2221 2178
284 2235 2186
2176 2222 353
318 2220 2179
2174 2219 360
311 2218 2173
2170 2216 842
270 2231 2185
2175 2215 835
827 2217 2172
841 2216 2180
1022 2239 2168
2182 2225 1016
1015 2225 2187
987 2210 1007
285 2235 284
278 2232 277
2202 2239 1023
1043 2228 1042
271 2231 270
1036 2226 1035
1029 2221 16
319 2220 318
835 2215 834
1016 2225 1015
842 2216 841
2206 2209 992
312 2218 311
2167 2213 1027
346 2224 345
1003 2214 1002
1023 2239 1022
846 2211 2125
353 2222 352
360 2219 359
12 2223 2148
828 2217 827
280 2227 2149
345 2224 2155
2118 2212 857
273 2230 2147
1045 2233 2145
2141 2236 350
2139 2240 357
2138 2243 825
2136 2245 832
2131 2248 839
2130 2249 309
849 2229 2114
2126 2251 316
2124 2254 323
2122 2256 1033
1038 2234 2144
1031 2237 2143
321 2241 2140
314 2242 2137
348 2257 2120
355 2255 2123
362 2250 2127
307 2244 2135
837 2246 2133
830 2247 2132
2113 2238 854
1002 2214 2209
852 2253 2112
987 2152 986
1007 2210 1006
1008 2152 1007
65 984 1010
985 1010 984
986 1008 985
1008 1009 985
1009 1010 985
2272 2282 2280
2264 2272 2271
2280 2282 2262
2263 2281 2279
183 2281 182
2299 2300 2289
185 2282 184
2290 2299 2289
2279 2281 2271
2267 2300 2299
2272 2280 400
2288 2302 2298
2271 2281 2264
2291 2303 2297
2288 2298 2292
2284 2303 2291
2274 2300 880
182 2281 2263
880 2300 2267
2304 2307 2287
2262 2282 185
2264 2281 183
2298 2302 2268
184 2282 2264
2297 2303 2270
2287 2307 2283
2269 2307 2304
405 2276 2275
403 2278 2268
2267 2277 881
2268 2276 404
882 2277 2270
2269 2278 402
884 2279 2271
2264 2282 2272
401 2280 2269
2270 2279 883
26 2272 400
879 2274 880
2262 2307 2280
2276 2302 2261
2279 2303 2263
2296 2310 2266
2261 2301 2276
2259 2298 2278
2277 2299 2258
2275 2310 2296
2258 2297 2277
2278 2304 2259
2265 2309 2295
2295 2309 2273
405 2275 406
878 2273 879
2273 2274 879
2271 2272 26
404 2276 405
400 2280 401
883 2279 884
882 2270 883
401 2269 402
884 2271 26
402 2278 403
881 2277 882
880 2267 881
403 2268 404
189 2259 188
179 2258 178
186 2262 185
182 2263 181
184 2264 183
176 2260 175
192 2261 191
2260 2300 2274
553 2265 554
563 2266 562
2280 2307 2269
2276 2301 2275
2278 2298 2268
193 2286 192
187 2283 186
188 2287 187
2269 2304 2278
177 2289 176
2267 2299 2277
2268 2302 2276
2277 2297 2270
2270 2303 2279
2274 2306 2260
2260 2285 175
2263 2284 181
2261 2288 191
2258 2290 178
175 2285 174
192 2286 2261
181 2284 180
186 2283 2262
191 2288 190
2259 2287 188
178 2290 177
176 2289 2260
2 2305 194
187 2287 2283
554 2295 39
28 2296 563
562 2305 2
180 2291 179
190 2292 189
39 2295 878
406 2296 28
179 2291 2258
189 2292 2259
194 2293 193
2283 2307 2262
2263 2303 2284
173 2308 3
2275 2296 406
878 2295 2273
174 2294 173
3 2308 553
177 2290 2289
2289 2300 2260
2261 2302 2288
193 2293 2286
2284 2291 180
2258 2299 2290
2288 2292 190
2292 2298 2259
2260 2306 2285
2285 2294 174
2265 2295 554
563 2296 2266
2291 2297 2258
2273 2306 2274
2286 2301 2261
2259 2304 2287
553 2308 2265
2266 2305 562
194 2305 2293
2266 2310 2293
2294 2308 173
2294 2309 2265
2285 2309 2294
2265 2308 2294
2293 2305 2266
2293 2310 2286
2286 2310 2301
2301 2310 2275
2306 2309 2285
2273 2309 2306
2369 2422 2367
2422 2486 2367
2343 2379 2377
2352 2353 2318
2346 2348 2342
2311 2384 2383
2343 2475 2379
2348 2476 2342
2318 2474 2352
2353 2354 2318
2372 2438 2374
2364 2441 2366
108 2470 2357
2357 2490 108
2349 2352 2315
2322 2380 2379
2322 2383 2380
2348 2349 2315
2335 2363 2361
2383 2482 2311
2362 2442 2328
2372 2487 2438
2311 2385 2384
2364 2485 2441
2381 2479 2425
2425 2478 2381
2316 2490 2358
2393 2480 2471
2350 2477 2433
2377 2463 2343
2342 2462 2346
2358 2466 2316
2420 2469 2467
2373 2421 2319
2335 2364 2363
2373 2480 2421
2383 2384 2382
2380 2383 2382
2471 2480 2374
2361 2472 2335
2327 2432 2371
2328 2496 2362
2433 2483 2350
2369 2443 2422
2467 2469 2385
2358 2490 2357
2353 2355 2354
2365 2486 2430
2425 2479 2339
2331 2478 2425
2433 2477 2330
2352 2474 2315
2426 2494 2468
2367 2486 2365
2364 2365 2363
2384 2386 2382
2360 2466 2358
2374 2480 2373
2355 2356 2354
2344 2345 2341
2379 2475 2322
2315 2476 2348
237 2344 2341
2340 2376 2375
2345 2346 2341
2340 2377 2376
2345 2347 2346
2377 2378 2376
2364 2366 2365
2340 2375 197
2432 2487 2371
238 2344 237
237 2341 236
196 2340 197
2347 2348 2346
2377 2379 2378
2347 2349 2348
2379 2380 2378
2356 2357 2354
2446 2458 2326
197 2375 198
1054 2453 2448
2347 2350 2349
2380 2381 2378
2380 2382 2381
2350 2351 2349
2468 2494 2386
2403 2451 2447
2366 2367 2365
1080 2433 2330
2351 2352 2349
1052 2426 2325
1066 2434 2332
1061 2427 2326
2356 2358 2357
1057 2436 2334
2351 2353 2352
1070 2432 2327
2366 2368 2367
2356 2359 2358
2368 2369 2367
2359 2360 2358
2398 2401 2397
2388 2393 2392
2406 2411 2410
89 2405 2312
98 2387 2314
2400 2402 2398
2398 2402 2401
2405 2406 2312
2387 2388 2314
2396 2398 2397
2396 2397 2320
2368 2370 2369
2411 2412 2410
1073 2335 1074
1050 2339 1051
1059 2337 1060
1064 2338 1065
1078 2336 1079
99 2387 98
1055 2329 1056
1068 2333 1069
90 2405 89
2407 2414 2312
2411 2413 2412
104 2422 103
2387 2393 2388
2405 2411 2406
2417 2420 2324
2327 2441 1071
2361 2363 2360
2359 2361 2360
2395 2440 2396
1070 2327 1071
2389 2394 2314
2372 2373 2370
1076 2328 1077
1061 2326 1062
1048 2331 1049
1052 2325 1053
1080 2330 1081
1057 2334 1058
1066 2332 1067
2403 2404 2313
2409 2416 2415
2372 2374 2373
2359 2362 2361
2406 2407 2312
2388 2389 2314
100 2421 2321
2371 2372 2370
2396 2399 2398
2368 2371 2370
89 2312 88
112 2315 111
105 2317 104
91 2323 90
82 2322 81
98 2314 97
100 2321 99
96 2320 95
84 2311 83
2320 2397 95
110 2318 109
107 2316 106
87 2324 86
93 2313 92
101 2421 100
2401 2402 2313
105 2429 2317
102 2319 101
106 2429 105
2321 2387 99
2323 2405 90
2399 2400 2398
2429 2430 2317
2396 2440 2399
2397 2401 94
2317 2422 104
93 2401 2313
2406 2410 2408
2324 2420 86
2408 2409 2407
2388 2392 2390
2316 2429 106
2390 2391 2389
2403 2413 2404
2402 2403 2313
2319 2421 101
2406 2408 2407
2388 2390 2389
2437 2438 2333
86 2420 85
91 2404 2323
2404 2413 2323
95 2397 94
94 2401 93
2312 2414 88
2409 2415 2407
2313 2404 92
2314 2394 97
96 2394 2320
87 2414 2324
2391 2395 2389
2321 2393 2387
92 2404 91
2323 2411 2405
2323 2413 2411
2407 2415 2414
2391 2440 2395
2395 2396 2320
88 2414 87
97 2394 96
2389 2395 2394
2414 2415 2324
2394 2395 2320
1071 2441 1072
2355 2442 2356
2416 2419 2418
2423 2424 2336
2415 2417 2324
2416 2418 2417
2416 2417 2415
1069 2432 1070
1056 2436 1057
1060 2427 1061
2333 2432 1069
1065 2434 1066
1051 2426 1052
1079 2433 1080
2337 2428 2427
2329 2436 1056
2356 2442 2359
2337 2427 1060
2338 2434 1065
2339 2426 1051
1078 2423 2336
2328 2423 1077
1050 2425 2339
2331 2425 1049
114 2342 113
80 2343 79
2336 2433 1079
1064 2431 2338
2326 2439 1062
1059 2435 2337
1068 2437 2333
2334 2435 1058
2332 2437 1067
2359 2442 2362
1077 2423 1078
1049 2425 1050
1062 2439 1063
1063 2431 1064
1063 2439 2431
1067 2437 1068
1058 2435 1059
2400 2458 2446
2422 2443 103
102 2443 2319
2332 2454 2444
2311 2467 2385
2337 2455 2428
2346 2462 2341
2340 2463 2377
2447 2451 2428
1054 2448 1055
2427 2446 2326
2403 2447 2413
2400 2451 2402
2325 2453 1053
2448 2453 2419
2416 2460 2419
2386 2479 2382
2444 2454 2392
2376 2498 2375
2426 2468 2325
236 2462 235
195 2463 196
103 2443 102
2344 2499 2345
2332 2444 2437
2371 2481 2327
2449 2450 2418
1047 2464 1048
2428 2455 2447
1081 2465 1082
2410 2457 2452
2391 2459 2456
2437 2444 2438
2438 2471 2374
2452 2457 2334
2412 2457 2410
2456 2459 2338
2399 2458 2400
2391 2456 2440
2439 2445 2431
2440 2445 2399
2434 2454 2332
2446 2451 2400
1055 2448 2329
2436 2452 2334
2428 2446 2427
1053 2453 1054
2434 2459 2454
2413 2447 2412
2436 2461 2452
2419 2449 2418
2322 2482 2383
2460 2461 2329
2402 2451 2403
2419 2460 2448
2410 2452 2408
2392 2454 2390
2435 2455 2337
2409 2461 2460
2431 2456 2338
2449 2453 2325
2454 2459 2390
2452 2461 2408
2390 2459 2391
2409 2460 2416
2408 2461 2409
2334 2457 2435
2326 2458 2439
2329 2461 2436
2338 2459 2434
2445 2458 2399
2439 2458 2445
2440 2456 2445
2445 2456 2431
2385 2469 2450
2429 2466 2430
2375 2498 2464
2465 2499 2344
84 2467 2311
2420 2467 85
2455 2457 2412
2435 2457 2455
2371 2487 2372
2417 2469 2420
5 2491 238
2341 2462 236
196 2463 2340
2447 2455 2412
1048 2464 2331
2450 2469 2418
198 2489 4
2428 2451 2446
2448 2460 2329
2335 2472 1074
4 2489 1047
2330 2465 1081
1082 2491 5
2319 2484 2373
2354 2470 2318
2419 2453 2449
2335 2485 2364
2315 2474 111
110 2474 2318
2345 2477 2347
2378 2478 2376
2322 2475 81
112 2476 2315
2423 2473 2424
2362 2472 2361
2321 2480 2393
80 2475 2343
2342 2476 113
2442 2473 2328
2368 2481 2371
2438 2487 2333
82 2482 2322
2311 2482 83
2336 2483 2433
109 2470 108
1073 2485 2335
2317 2486 2422
2441 2485 1072
2430 2488 2365
108 2490 107
2444 2471 2438
1076 2496 2328
2393 2471 2392
235 2492 1
0 2493 195
2316 2466 2429
1 2492 114
79 2493 0
2424 2497 2351
2351 2483 2424
85 2467 84
2373 2484 2370
2449 2468 2450
2318 2470 109
2385 2495 2384
2365 2488 2363
2418 2469 2417
2362 2496 2472
2355 2473 2442
2351 2497 2353
2325 2468 2449
2357 2470 2354
2441 2481 2366
2350 2483 2351
1074 2472 1075
2328 2473 2423
2386 2494 2479
2450 2495 2385
2473 2497 2424
111 2474 110
2392 2471 2444
81 2475 80
113 2476 112
2347 2477 2350
2381 2478 2378
2382 2479 2381
2421 2480 2321
2472 2496 1075
2466 2488 2430
2386 2495 2468
2327 2481 2441
2370 2484 2369
2366 2481 2368
2462 2492 235
195 2493 2463
2468 2495 2450
83 2482 82
2443 2484 2319
2424 2483 2336
2369 2484 2443
1072 2485 1073
2430 2486 2317
2333 2487 2432
238 2491 2344
2363 2488 2360
2375 2489 198
107 2490 2316
1047 2489 2464
2478 2498 2376
2345 2499 2477
2353 2497 2355
2355 2497 2473
2465 2491 1082
114 2492 2342
2343 2493 79
2342 2492 2462
2463 2493 2343
2384 2495 2386
2339 2494 2426
1075 2496 1076
2360 2488 2466
2464 2489 2375
2344 2491 2465
2464 2498 2331
2330 2499 2465
2479 2494 2339
2477 2499 2330
2331 2498 2478
2556 2786 2704
2559 2787 2705
2735 2920 2699
2734 2921 2698
2702 2738 2655
2700 2739 2658
2723 2724 2510
2720 2721 2511
2735 2939 2920
2734 2938 2921
2708 2934 2673
2709 2935 2672
2704 2814 2556
2705 2815 2559
1064 2767 1063
216 2766 215
2673 2881 2708
2672 2880 2709
2668 2814 2704
2670 2815 2705
2702 2809 2738
2700 2808 2739
2668 2892 2814
2670 2893 2815
2724 2725 2510
2721 2722 2511
2509 2906 2768
2508 2907 2769
2768 2906 2701
2769 2907 2703
2711 2921 2909
2710 2920 2908
2714 2952 2512
2715 2953 2513
1063 2767 2652
215 2766 2653
2512 2873 2714
2513 2872 2715
2666 2952 2742
2667 2953 2743
2909 2921 2543
2908 2920 2542
2511 2784 2720
2510 2785 2723
2851 2898 2706
2850 2899 2707
2585 2898 2851
2587 2899 2850
2708 2881 2688
2709 2880 2689
2736 2952 2666
2737 2953 2667
2540 2916 2853
2541 2917 2852
2853 2854 2540
2852 2855 2541
219 2847 218
1067 2846 1066
2891 2985 2643
2890 2984 2642
2688 2910 2708
2689 2911 2709
1064 2989 2767
216 2988 2766
2673 2934 2825
2672 2935 2824
2920 2939 2542
2921 2938 2543
2789 2985 2891
2788 2984 2890
2732 2908 1049
2733 2909 201
1049 2967 2732
201 2966 2733
2744 2887 2652
2745 2886 2653
2522 2905 1070
2523 2904 222
2738 2982 2655
2739 2983 2658
2520 2833 2816
2521 2832 2817
2518 2845 2836
2519 2844 2837
2816 2833 2779
2817 2832 2782
2837 2844 2776
2836 2845 2773
1060 2926 2730
212 2927 2731
2730 2964 1060
2731 2965 212
2699 2984 2788
2698 2985 2789
2652 2767 2744
2653 2766 2745
2652 2887 2870
2653 2886 2871
2729 2765 2762
2727 2760 2757
2719 2750 2747
2717 2755 2752
2741 2847 219
2740 2846 1067
2687 2846 2740
2686 2847 2741
1066 2846 2540
218 2847 2541
2680 2838 2802
2681 2839 2803
2920 2984 2699
2921 2985 2698
2591 2761 2605
2593 2756 2604
2582 2746 2607
2579 2751 2606
2729 2762 2761
2727 2757 2756
2719 2747 2746
2717 2752 2751
2762 2765 2764
2757 2760 2759
2752 2755 2754
2747 2750 2749
2746 2747 2607
2751 2752 2606
2527 2780 2507
2525 2783 2506
2551 2780 2527
2546 2783 2525
2756 2757 2604
2761 2762 2605
2569 2777 2529
2564 2774 2531
2935 2949 2824
2934 2948 2825
234 2949 2935
1082 2948 2934
2529 2777 2505
2531 2774 2504
2599 2891 2643
2598 2890 2642
2779 2843 2780
2782 2842 2783
1100 2796 71
1089 2797 68
2816 2877 2520
2817 2876 2521
2711 2909 2733
2710 2908 2732
2833 2843 2779
2832 2842 2782
604 2802 53
1111 2803 75
2839 2954 2803
2838 2955 2802
2614 2761 2591
2612 2756 2593
2776 2849 2777
2773 2848 2774
2609 2746 2582
2608 2751 2579
2798 2905 2522
2800 2904 2523
2702 2987 2809
2700 2986 2808
69 2534 1090
72 2536 1101
2724 2829 2804
2721 2828 2806
2740 2993 2687
2741 2992 2686
2844 2849 2776
2845 2848 2773
2836 2879 2518
2837 2878 2519
2804 2829 2623
2806 2828 2622
2753 2772 2606
2748 2775 2607
2758 2778 2604
2763 2781 2605
2753 2773 2772
2748 2776 2775
2742 2952 2714
2743 2953 2715
2877 2945 2520
2876 2944 2521
54 2532 605
9 2533 1112
2758 2779 2778
2763 2782 2781
226 2784 2511
1074 2785 2510
2724 2804 2725
2721 2806 2722
1075 2785 1074
227 2784 226
2757 2758 2604
2762 2763 2605
2755 2810 2754
2750 2811 2749
2752 2753 2606
2747 2748 2607
2772 2774 2564
2775 2777 2569
2778 2780 2551
2781 2783 2546
2605 2781 2548
2604 2778 2553
2742 2990 2666
2743 2991 2667
2707 2728 2659
2706 2726 2656
2705 2718 2671
2704 2716 2669
2728 2729 2659
2726 2727 2656
2607 2775 2571
2606 2772 2566
2718 2719 2671
2716 2717 2669
2807 2930 2722
2805 2931 2725
2760 2830 2759
2765 2831 2764
2757 2759 2758
2762 2764 2763
2752 2754 2753
2747 2749 2748
2670 2671 2609
2668 2669 2608
2717 2856 2755
2719 2857 2750
2657 2659 2614
2654 2656 2612
2879 2943 2518
2878 2942 2519
2796 2858 2678
2797 2859 2679
2867 2897 2895
2869 2896 2894
2577 2915 2831
2576 2913 2830
2659 2761 2614
2656 2756 2612
211 2515 210
1059 2514 1058
2591 2605 2548
2593 2604 2553
69 2535 2534
72 2537 2536
2548 2781 2546
2553 2778 2551
1048 2542 1047
200 2543 199
1051 2645 1050
203 2644 202
2705 2787 2718
2704 2786 2716
2582 2607 2571
2579 2606 2566
2671 2746 2609
2669 2751 2608
2571 2775 2569
2566 2772 2564
54 2538 2532
9 2539 2533
1071 2522 1070
223 2523 222
1068 2740 1067
220 2741 219
1053 2517 1052
205 2516 204
229 2513 228
1077 2512 1076
2801 2840 2665
2799 2841 2664
1079 2770 1078
231 2771 230
1074 2510 1073
226 2511 225
2575 2914 2811
2574 2912 2810
208 2509 207
1056 2508 1055
1081 2708 1080
233 2709 232
2633 2788 2678
2632 2789 2679
2670 2705 2671
2668 2704 2669
1100 2858 2796
1089 2859 2797
2773 2774 2772
2776 2777 2775
2779 2780 2778
2782 2783 2781
1063 2652 1062
215 2653 214
1066 2540 1065
218 2541 217
2639 2681 2589
2638 2680 2588
2654 2706 2656
2657 2707 2659
2517 2897 2867
2516 2896 2869
2633 2678 2573
2632 2679 2572
2802 2861 2680
2803 2860 2681
2727 2862 2760
2729 2863 2765
2720 2784 2737
2723 2785 2736
2800 2801 2665
2798 2799 2664
2727 2756 2656
2729 2761 2659
2537 2559 2558
2535 2556 2555
2717 2751 2669
2719 2746 2671
2758 2816 2779
2763 2817 2782
1108 2519 74
622 2518 57
1088 2521 67
1097 2520 49
70 2574 1093
73 2575 1102
8 2577 244
50 2576 619
2590 2591 2548
2592 2593 2553
2753 2836 2773
2748 2837 2776
604 2861 2802
1111 2860 2803
2581 2582 2571
2578 2579 2566
2547 2548 2546
2552 2553 2551
1093 2790 1092
1102 2791 1103
619 2794 618
244 2795 245
2570 2571 2569
2565 2566 2564
2583 2609 2582
2580 2608 2579
2597 2612 2593
2596 2614 2591
1105 2682 1106
1094 2683 1095
590 2685 591
1083 2684 1084
2783 2842 2506
2780 2843 2507
2513 2953 2919
2512 2952 2918
2870 2887 2694
2871 2886 2695
1092 2500 1091
1103 2503 1104
618 2501 617
245 2502 246
2618 2668 2608
2619 2670 2609
2699 2788 2633
2698 2789 2632
2707 2899 2728
2706 2898 2726
2810 2879 2754
2811 2878 2749
2575 2791 1102
2574 2790 1093
2577 2795 244
2576 2794 619
2539 2587 2586
2538 2585 2584
2613 2654 2612
2615 2657 2614
2545 2546 2525
2550 2551 2527
1092 2790 2500
1103 2791 2503
618 2794 2501
245 2795 2502
2625 2739 2677
2624 2738 2676
2830 2877 2759
2831 2876 2764
2568 2569 2529
2563 2564 2531
2647 2743 2715
2646 2742 2714
2514 2964 2809
2515 2965 2808
2930 2958 2722
2931 2959 2725
2611 2647 2641
2610 2646 2640
246 2792 9
617 2793 54
2777 2849 2505
2774 2848 2504
2547 2590 2548
2552 2592 2553
2590 2596 2591
2592 2597 2593
2674 2768 2701
2675 2769 2703
2635 2712 2687
2634 2713 2686
2570 2581 2571
2565 2578 2566
2663 2724 2723
2662 2721 2720
2815 2893 2647
2814 2892 2646
75 2505 1110
53 2504 620
2581 2583 2582
2578 2580 2579
2501 2793 617
2502 2792 246
71 2507 1099
68 2506 1086
2580 2618 2608
2583 2619 2609
2597 2613 2612
2596 2615 2614
2559 2611 2558
2556 2610 2555
2613 2655 2654
2615 2658 2657
2545 2547 2546
2550 2552 2551
2617 2639 2589
2616 2638 2588
2739 2808 2677
2738 2809 2676
2919 2953 2737
2918 2952 2736
2651 2699 2633
2650 2698 2632
2568 2570 2569
2563 2565 2564
2621 2633 2573
2620 2632 2572
2517 2867 2866
2516 2869 2868
2621 2672 2651
2620 2673 2650
2587 2850 2625
2585 2851 2624
1097 2833 2520
1088 2832 2521
2537 2558 2557
2535 2555 2554
2759 2816 2758
2764 2817 2763
2647 2715 2641
2646 2714 2640
2573 2858 2536
2572 2859 2534
2617 2745 2661
2616 2744 2660
2587 2625 2586
2585 2624 2584
2649 2665 2601
2648 2664 2600
2539 2586 2561
2538 2584 2560
2674 2827 2768
2675 2826 2769
2617 2661 2639
2616 2660 2638
1108 2844 2519
622 2845 2518
2690 2691 2602
2692 2693 2603
2697 2800 2665
2696 2798 2664
75 2528 2505
53 2530 2504
2524 2599 2544
2526 2598 2549
2674 2700 2658
2675 2702 2655
2726 2862 2727
2728 2863 2729
2615 2674 2658
2613 2675 2655
2745 2766 2661
2744 2767 2660
2804 2805 2725
2806 2807 2722
2625 2677 2629
2624 2676 2628
2651 2735 2699
2650 2734 2698
2621 2651 2633
2620 2650 2632
2530 2594 2562
2528 2595 2567
2589 2860 2533
2588 2861 2532
2677 2731 2695
2676 2730 2694
2663 2666 2618
2662 2667 2619
2592 2627 2597
2590 2626 2596
2723 2736 2666
2720 2737 2667
2580 2663 2618
2583 2662 2619
2625 2629 2586
2624 2628 2584
2809 2964 2730
2808 2965 2731
2674 2701 2700
2675 2703 2702
2545 2636 2547
2550 2637 2552
2557 2621 2573
2554 2620 2572
2557 2573 2536
2554 2572 2534
2754 2836 2753
2749 2837 2748
2544 2545 2525
2549 2550 2527
2610 2814 2646
2611 2815 2647
1087 2832 1088
1098 2833 1097
2663 2829 2724
2662 2828 2721
2570 2622 2581
2565 2623 2578
2677 2695 2629
2676 2694 2628
2567 2568 2529
2562 2563 2531
2561 2617 2589
2560 2616 2588
2663 2723 2666
2662 2720 2667
2610 2630 2555
2611 2631 2558
2611 2641 2631
2610 2640 2630
2677 2808 2731
2676 2809 2730
2528 2529 2505
2530 2531 2504
2528 2567 2529
2530 2562 2531
2599 2643 2602
2598 2642 2603
2635 2838 2712
2634 2839 2713
71 2526 2507
68 2524 2506
2641 2689 2631
2640 2688 2630
2716 2856 2717
2718 2857 2719
1086 2842 1087
1099 2843 1098
2643 2711 2690
2642 2710 2692
2524 2544 2525
2526 2549 2527
2560 2588 2532
2561 2589 2533
2767 2989 2854
2766 2988 2855
621 2845 622
1109 2844 1108
2649 2697 2665
2648 2696 2664
2524 2525 2506
2526 2527 2507
2801 2874 2840
2799 2875 2841
2678 2858 2573
2679 2859 2572
2594 2635 2600
2595 2634 2601
2599 2602 2544
2598 2603 2549
2635 2687 2648
2634 2686 2649
2711 2733 2690
2710 2732 2692
620 2848 621
1110 2849 1109
1070 2905 1069
222 2904 221
2643 2690 2602
2642 2692 2603
2681 2860 2589
2680 2861 2588
2915 2946 2831
2913 2947 2830
2506 2842 1086
2507 2843 1099
2617 2822 2745
2616 2823 2744
2556 2814 2610
2559 2815 2611
2504 2848 620
2505 2849 1110
2634 2649 2601
2635 2648 2600
2621 2812 2672
2620 2813 2673
2595 2601 2567
2594 2600 2562
2538 2560 2532
2539 2561 2533
2558 2812 2557
2555 2813 2554
2536 2858 1101
2534 2859 1090
2537 2557 2536
2535 2554 2534
1087 2842 2832
1098 2843 2833
2533 2860 1112
2532 2861 605
2672 2824 2651
2673 2825 2650
2631 2812 2558
2630 2813 2555
2547 2818 2590
2552 2820 2592
2523 2930 2807
2522 2931 2805
2625 2850 2739
2624 2851 2738
2594 2838 2635
2595 2839 2634
1109 2849 2844
621 2848 2845
1051 2866 2645
203 2868 2644
1101 2858 1100
1090 2859 1089
2517 2866 1052
2516 2868 204
2557 2812 2621
2554 2813 2620
2586 2822 2561
2584 2823 2560
2597 2826 2613
2596 2827 2615
2790 2856 2500
2791 2857 2503
2691 2834 2602
2693 2835 2603
2581 2828 2583
2578 2829 2580
229 2872 2513
1077 2873 2512
2770 2910 2688
2771 2911 2689
2561 2822 2617
2560 2823 2616
2820 2821 2627
2818 2819 2626
2651 2824 2735
2650 2825 2734
605 2861 604
1112 2860 1111
2665 2840 2601
2664 2841 2600
2509 2882 207
2508 2884 1055
2590 2818 2626
2592 2820 2627
2771 2872 230
2770 2873 1078
1053 2885 2517
205 2883 2516
2636 2818 2547
2637 2820 2552
2629 2822 2586
2628 2823 2584
2515 2864 210
2514 2865 1058
2613 2826 2675
2615 2827 2674
2545 2834 2636
2550 2835 2637
2914 2950 2811
2912 2951 2810
2544 2834 2545
2549 2835 2550
2627 2826 2597
2626 2827 2596
2580 2829 2663
2583 2828 2662
2794 2862 2501
2795 2863 2502
2622 2828 2581
2623 2829 2578
2804 2923 2805
2806 2922 2807
2567 2840 2568
2562 2841 2563
2652 2870 1062
2653 2871 214
2725 2959 2510
2722 2958 2511
2767 2854 2660
2766 2855 2661
2602 2834 2544
2603 2835 2549
2693 2925 2903
2691 2924 2902
2661 2852 2639
2660 2853 2638
2939 2949 4
2938 2948 5
2601 2840 2567
2600 2841 2562
1052 2866 1051
204 2868 203
207 2882 206
1055 2884 1054
230 2872 229
1078 2873 1077
2570 2874 2622
2565 2875 2623
2826 2888 2769
2827 2889 2768
2788 2890 2678
2789 2891 2679
2857 2978 2503
2856 2980 2500
1054 2885 1053
206 2883 205
2631 2880 2812
2630 2881 2813
2857 2963 2750
2856 2962 2755
2796 2956 71
2797 2957 68
210 2864 209
1058 2865 1057
1062 2870 1061
214 2871 213
2812 2880 2672
2813 2881 2673
2503 2901 1104
2500 2900 1091
2568 2874 2570
2563 2875 2565
2822 2886 2745
2823 2887 2744
2718 2978 2857
2716 2980 2856
2802 2955 53
2803 2954 75
2840 2874 2568
2841 2875 2563
2627 2888 2826
2626 2889 2827
2629 2886 2822
2628 2887 2823
2646 2892 2742
2647 2893 2743
2689 2880 2631
2688 2881 2630
2895 2903 2867
2894 2902 2869
2903 2925 2867
2902 2924 2869
2660 2854 2853
2661 2855 2852
2899 2997 2728
2898 2996 2726
2759 2877 2816
2764 2876 2817
208 2906 2509
1056 2907 2508
1079 2910 2770
231 2911 2771
2685 2945 2877
2684 2944 2876
2863 2969 2765
2862 2968 2760
2708 2910 1080
2709 2911 232
2695 2886 2629
2694 2887 2628
2512 2918 1076
2513 2919 228
2678 2890 2796
2679 2891 2797
2809 2987 2514
2808 2986 2515
2749 2878 2837
2754 2879 2836
2688 2994 2770
2689 2995 2771
2821 2888 2627
2819 2889 2626
2654 2982 2706
2657 2983 2707
223 2930 2523
1071 2931 2522
2683 2943 2879
2682 2942 2878
2923 2940 2805
2922 2941 2807
2882 2883 206
2884 2885 1054
1049 2908 1048
201 2909 200
2850 2983 2739
2851 2982 2738
2707 2983 2850
2706 2982 2851
2818 2894 2819
2820 2895 2821
2636 2894 2818
2637 2895 2820
75 2954 2528
53 2955 2530
2511 2958 225
2510 2959 1073
2619 2991 2670
2618 2990 2668
2785 2918 2736
2784 2919 2737
2735 2949 2939
2734 2948 2938
71 2956 2526
68 2957 2524
2540 2989 1065
2541 2988 217
2852 2971 2639
2853 2970 2638
2701 2906 2864
2703 2907 2865
2594 2955 2838
2595 2954 2839
2713 2971 2852
2712 2970 2853
1082 2934 1081
234 2935 233
1047 2939 4
199 2938 5
220 2932 2741
1068 2933 2740
1050 2967 1049
202 2966 201
2807 2941 2523
2805 2940 2522
2701 2986 2700
2703 2987 2702
1060 2964 1059
212 2965 211
2873 2994 2714
2872 2995 2715
1061 2926 1060
213 2927 212
1075 2918 2785
227 2919 2784
2811 2950 2878
2810 2951 2879
2636 2902 2894
2637 2903 2895
2791 2963 2857
2790 2962 2856
2831 2946 2876
2830 2947 2877
1091 2900 69
1104 2901 72
2641 2995 2689
2640 2994 2688
9 2960 2539
54 2961 2538
2795 2969 2863
2794 2968 2862
2668 2990 2892
2670 2991 2893
2726 2996 2862
2728 2997 2863
2869 2924 2868
2867 2925 2866
2883 2896 2516
2885 2897 2517
1048 2908 2542
200 2909 2543
2686 2992 2649
2687 2993 2648
2865 2907 1057
2864 2906 209
2819 2928 2889
2821 2929 2888
2864 2986 2701
2865 2987 2703
2733 2936 2690
2732 2937 2692
2862 2996 2501
2863 2997 2502
2792 2960 9
2793 2961 54
2854 2989 2540
2855 2988 2541
2712 2916 2687
2713 2917 2686
209 2906 208
1057 2907 1056
2768 2972 2509
2769 2973 2508
2894 2896 2819
2895 2897 2821
1080 2910 1079
232 2911 231
72 2979 2537
69 2981 2535
2697 2904 2800
2696 2905 2798
2691 2902 2834
2693 2903 2835
2874 2922 2622
2875 2923 2623
1096 2912 70
1107 2914 73
592 2913 50
1085 2915 8
70 2912 2574
73 2914 2575
50 2913 2576
8 2915 2577
1076 2918 1075
228 2919 227
2834 2902 2636
2835 2903 2637
2846 2916 2540
2847 2917 2541
2687 2916 2846
2686 2917 2847
2892 2990 2742
2893 2991 2743
2623 2923 2804
2622 2922 2806
2770 2994 2873
2771 2995 2872
2556 2981 2786
2559 2979 2787
2868 2924 2644
2866 2925 2645
74 2942 1105
57 2943 1094
67 2944 1083
49 2945 590
2810 2962 2574
2811 2963 2575
224 2930 223
1072 2931 1071
1105 2942 2682
1094 2943 2683
1083 2944 2684
590 2945 2685
2733 2966 2936
2732 2967 2937
2730 2926 2694
2731 2927 2695
1069 2933 1068
221 2932 220
2801 2922 2874
2799 2923 2875
2932 2992 2741
2933 2993 2740
2535 2981 2556
2537 2979 2559
1081 2934 2708
233 2935 2709
2755 2962 2810
2750 2963 2811
2853 2916 2712
2852 2917 2713
2695 2927 2871
2694 2926 2870
2830 2968 2576
2831 2969 2577
2793 2996 2898
2792 2997 2899
2543 2938 199
2542 2939 1047
2538 2961 2585
2539 2960 2587
2690 2936 2691
2692 2937 2693
5 2948 1082
4 2949 234
2522 2940 2798
2523 2941 2800
2786 2980 2716
2787 2978 2718
2799 2940 2923
2801 2941 2922
2760 2968 2830
2765 2969 2831
2882 2928 2883
2884 2929 2885
1059 2964 2514
211 2965 2515
2644 2966 202
2645 2967 1050
2871 2927 213
2870 2926 1061
2519 2942 74
2518 2943 57
2521 2944 67
2520 2945 49
2798 2940 2799
2800 2941 2801
2928 2972 2889
2929 2973 2888
2878 2950 2682
2879 2951 2683
2639 2971 2681
2638 2970 2680
225 2958 224
1073 2959 1072
2876 2946 2684
2877 2947 2685
2901 2979 72
2900 2981 69
2526 2956 2598
2524 2957 2599
2528 2954 2595
2530 2955 2594
2838 2970 2712
2839 2971 2713
1106 2974 1107
1095 2975 1096
1084 2976 1085
591 2977 592
2888 2973 2769
2889 2972 2768
2896 2928 2819
2897 2929 2821
2575 2963 2791
2574 2962 2790
1065 2989 1064
217 2988 216
2577 2969 2795
2576 2968 2794
2682 2974 1106
2683 2975 1095
2685 2977 591
2684 2976 1084
224 2958 2930
1072 2959 2931
2883 2928 2896
2885 2929 2897
2697 2992 2932
2696 2993 2933
2680 2970 2838
2681 2971 2839
2655 2982 2654
2658 2983 2657
2937 2967 2645
2936 2966 2644
2503 2978 2901
2500 2980 2900
2642 2984 2710
2643 2985 2711
2666 2990 2618
2667 2991 2619
2825 2948 2734
2824 2949 2735
2890 2956 2796
2891 2957 2797
2501 2996 2793
2502 2997 2792
2714 2994 2640
2715 2995 2641
2649 2992 2697
2648 2993 2696
2598 2956 2890
2599 2957 2891
2509 2972 2882
2508 2973 2884
2697 2932 2904
2696 2933 2905
2691 2936 2924
2693 2937 2925
2905 2933 1069
2904 2932 221
2515 2986 2864
2514 2987 2865
2585 2961 2898
2587 2960 2899
2710 2984 2920
2711 2985 2921
2898 2961 2793
2899 2960 2792
2924 2936 2644
2925 2937 2645
2882 2972 2928
2884 2973 2929
2786 2981 2900
2787 2979 2901
2900 2980 2786
2901 2978 2787
1096 2975 2912
1107 2974 2914
592 2977 2913
1085 2976 2915
2946 2976 2684
2947 2977 2685
2915 2976 2946
2913 2977 2947
2950 2974 2682
2951 2975 2683
2914 2974 2950
2912 2975 2951
3006 3011 3000
3000 3010 3006
44 3007 581
3010 3012 3007
1113 3007 44
1114 3003 3002
243 3006 242
2999 3003 1115
1116 2999 1115
3003 3005 3002
3000 3012 3010
242 3006 2998
1114 3002 1113
3004 3008 2998
2999 3004 3003
1115 3003 1114
2998 3005 3004
2998 3006 3005
242 2998 241
3002 3010 3007
3004 3005 3003
241 3008 240
243 3011 3006
580 3000 579
3002 3007 1113
1085 3001 1084
3001 3009 1084
1084 3009 1083
3006 3010 3005
240 3014 8
2998 3008 241
3004 3013 3008
8 3014 1085
67 3015 1116
3005 3010 3002
579 3011 7
1083 3015 67
3008 3013 3001
3000 3011 579
7 3011 243
3008 3014 240
3001 3014 3008
1116 3015 2999
2999 3013 3004
3007 3012 581
581 3012 580
580 3012 3000
2999 3015 3009
3009 3013 2999
1085 3014 3001
3001 3013 3009
3009 3015 1083
43 3018 578
3020 3021 3016
578 3018 1113
1119 3021 3020
1117 3018 43
3017 3020 3019
44 578 1113
3019 3020 3016
3017 3018 1117
3019 3023 3017
68 1086 1120
1113 3018 1114
1120 3021 1119
1115 3019 1116
1118 3017 1117
3017 3023 3018
1118 3020 3017
1088 3016 1087
3018 3023 1114
1086 3021 1120
1119 3020 1118
1087 3021 1086
1115 3023 3019
1116 3022 67
3016 3021 1087
3016 3022 3019
67 3022 1088
3019 3022 1116
1114 3023 1115
1088 3022 3016
3029 3033 1118
1117 3029 1118
3026 3037 3027
43 3036 1117
1122 3037 76
3027 3037 1122
3027 3029 3026
1123 3028 3027
1123 3027 1122
1118 3033 3025
1124 3028 1123
1089 3024 1090
1118 3025 1119
1125 3030 1124
1119 3031 1120
3028 3033 3027
1090 3034 69
68 3035 1089
69 3034 1125
1120 3035 68
1124 3030 3028
3025 3033 3028
3025 3031 1119
3029 3032 3026
1117 3036 3029
1121 3026 42
3024 3038 3030
3031 3038 3024
42 3032 577
3029 3036 3032
577 3036 43
76 3037 1121
1125 3034 3030
3031 3035 1120
3026 3032 42
3024 3034 1090
1089 3035 3024
3028 3038 3025
3027 3033 3029
3030 3034 3024
3024 3035 3031
1121 3037 3026
3032 3036 577
3030 3038 3028
3025 3038 3031
1126 3041 76
3039 3044 3043
1130 3041 1126
3043 3044 1124
76 3041 1122
3042 3043 3040
77 1130 1126
3039 3043 3042
1122 3041 3040
3040 3046 3042
69 1125 1091
1129 3041 1130
1124 3044 1125
1127 3042 1128
1122 3040 1123
3041 3046 3040
3040 3043 1123
1092 3039 1093
1129 3046 3041
1125 3044 1091
1123 3043 1124
1091 3044 1092
3042 3046 1128
70 3045 1127
1092 3044 3039
3042 3045 3039
1093 3045 70
1127 3045 3042
1128 3046 1129
3039 3045 1093
3049 3060 3055
3055 3059 3049
1131 3056 77
77 3056 1130
3056 3061 3059
3051 3052 1129
3051 3054 3052
1128 3052 3048
1128 3048 1127
3053 3054 3047
3054 3055 3047
1130 3051 1129
3047 3057 3053
3052 3053 3048
1129 3052 1128
3059 3061 3049
624 3055 623
3047 3055 624
3052 3054 3053
625 3047 624
626 3057 625
1133 3049 1132
3056 3059 3051
1130 3056 3051
1095 3050 1094
3054 3059 3055
3055 3060 623
1095 3058 3050
1096 3058 1095
625 3057 3047
1127 3064 70
3057 3062 3053
57 3063 626
70 3064 1096
58 3060 1133
3051 3059 3054
1094 3063 57
3050 3062 3057
626 3063 3057
1133 3060 3049
623 3060 58
3057 3063 3050
3048 3064 1127
3053 3062 3048
1131 3061 3056
1132 3061 1131
3049 3061 1132
3048 3062 3058
3058 3062 3050
3058 3064 3048
3050 3063 1094
1096 3064 3058
588 3067 48
3065 3070 3069
1137 3067 588
3069 3070 1139
48 3067 1141
3068 3069 3066
47 1137 588
3065 3069 3068
1141 3067 3066
3066 3072 3068
72 1138 1104
1136 3067 1137
1139 3070 1138
1134 3068 1135
1141 3066 1140
3067 3072 3066
3066 3069 1140
1103 3065 1102
1136 3072 3067
1138 3070 1104
1140 3069 1139
1104 3070 1103
3068 3072 1135
73 3071 1134
1103 3070 3065
3068 3071 3065
1102 3071 73
1134 3071 3068
1135 3072 1136
3065 3071 1102
3075 3086 3081
3081 3085 3075
585 3082 47
47 3082 1137
3082 3087 3085
3077 3078 1136
3077 3080 3078
1135 3078 3074
1135 3074 1134
3079 3080 3073
3080 3081 3073
1137 3077 1136
3073 3083 3079
3078 3079 3074
1136 3078 1135
3085 3087 3075
1143 3081 1142
3073 3081 1143
3078 3080 3079
1144 3073 1143
1145 3083 1144
587 3075 586
3082 3085 3077
1137 3082 3077
1106 3076 1105
3080 3085 3081
3081 3086 1142
1106 3084 3076
1107 3084 1106
1144 3083 3073
1134 3090 73
3083 3088 3079
74 3089 1145
73 3090 1107
46 3086 587
3077 3085 3080
1105 3089 74
3076 3088 3083
1145 3089 3083
587 3086 3075
1142 3086 46
3083 3089 3076
3074 3090 1134
3079 3088 3074
585 3087 3082
586 3087 585
3075 3087 586
3074 3088 3084
3084 3088 3076
3084 3090 3074
3076 3089 1105
1107 3090 3084
45 3093 584
3095 3096 3091
584 3093 1142
1147 3096 3095
1149 3093 45
3092 3095 3094
584 1142 46
3094 3095 3091
3092 3093 1149
3094 3098 3092
1146 75 1110
1142 3093 1143
1146 3096 1147
1144 3094 1145
1148 3092 1149
3092 3098 3093
1148 3095 3092
1108 3091 1109
3093 3098 1143
1110 3096 1146
1147 3095 1148
1109 3096 1110
1144 3098 3094
1145 3097 74
3091 3096 1109
3091 3097 3094
74 3097 1108
3094 3097 1145
1143 3098 1144
1108 3097 3091
3102 3104 3101
3101 3103 3102
3100 3104 3102
3102 3108 3100
3100 3107 3104
1149 3102 1148
3102 3103 1148
1111 3099 1112
248 3101 249
1148 3103 1147
1149 3108 3102
3101 3104 249
1147 3105 1146
247 3106 248
249 3104 250
1112 3109 9
75 3110 1111
9 3109 247
1146 3110 75
3104 3107 250
45 3108 1149
250 3107 6
583 3100 582
3103 3105 1147
248 3106 3101
3105 3111 3099
3099 3111 3106
3105 3110 1146
247 3109 3106
6 3107 583
582 3108 45
3099 3109 1112
1111 3110 3099
3101 3111 3103
583 3107 3100
3100 3108 582
3099 3110 3105
3106 3109 3099
3103 3111 3105
3106 3111 3101
3125 3131 3116
58 3121 3118
610 3118 611
627 3118 610
58 3118 627
3121 3134 3117
627 610 55
3118 3156 611
3122 3136 3120
3129 3158 567
571 3113 572
3126 3131 3125
576 3144 42
573 3122 3120
40 3145 564
1151 3145 78
569 3132 570
3130 3142 3129
3115 3150 3135
3121 3155 3134
3123 3136 3122
1132 3154 3116
571 3135 3113
76 3144 1126
1121 3144 76
3119 3129 567
3151 3153 565
3131 3134 3116
3124 3135 3127
3117 3146 3121
3127 3137 3128
3129 3142 3112
3117 3131 3114
3135 3150 3127
3114 3152 598
3124 3127 3126
573 3120 574
566 3119 567
597 3114 598
574 3139 575
1132 3116 1133
3131 3149 3114
565 3141 566
51 3146 597
3121 3138 3118
3112 3142 3137
3116 3134 1133
597 3117 3114
3130 3143 3142
3113 3135 3124
564 3151 565
567 3158 568
3133 3152 3130
597 3146 3117
3117 3134 3131
611 3156 56
3127 3128 3126
3137 3142 3128
56 3156 616
572 3122 573
616 3138 51
3119 3133 3130
42 3144 1121
3113 3124 3123
3128 3149 3126
58 3155 3121
3126 3149 3131
3124 3126 3125
1150 3145 40
570 3132 3115
575 3157 576
3121 3146 3138
3119 3130 3129
3134 3155 1133
3112 3132 569
3113 3122 572
1131 3140 1132
52 3153 3151
3112 3158 3129
568 3112 569
3112 3137 3132
3124 3125 3123
3138 3156 3118
3119 3141 3133
1133 3155 58
3148 3157 575
3138 3146 51
3141 3153 599
3144 3157 1126
570 3115 41
599 3153 52
598 3152 3133
3113 3123 3122
3133 3141 599
598 3133 599
77 3148 1131
565 3153 3141
3120 3139 574
3136 3140 3120
568 3158 3112
616 3156 3138
3132 3150 3115
52 3151 1151
3139 3140 1131
3139 3148 575
3116 3147 3125
3136 3154 3140
3120 3140 3139
1126 3157 77
3127 3150 3137
3140 3154 1132
566 3141 3119
576 3157 3144
1131 3148 3139
3137 3150 3132
3123 3147 3136
3125 3147 3123
1151 3151 3145
3130 3152 3143
3142 3143 3128
77 3157 3148
3143 3149 3128
3114 3149 3143
3143 3152 3114
3116 3154 3147
3145 3151 564
3147 3154 3136
41 3115 571
3115 3135 571
78 3145 1150
3162 3167 3161
1140 3170 3164
1140 3164 1141
78 3167 1155
1141 3168 48
3161 3164 3162
1155 3167 3162
1155 3162 1154
3162 3163 1154
1100 3159 1101
1139 3160 1140
1154 3163 1153
3160 3170 1140
1153 3165 1152
1138 3166 1139
3162 3170 3163
71 3171 1100
1101 3172 72
1152 3171 71
72 3172 1138
3163 3170 3160
3163 3165 1153
3161 3169 3164
1139 3166 3160
3165 3173 3159
3159 3173 3166
48 3168 589
3165 3171 1152
40 3161 1150
1150 3167 78
1138 3172 3166
3160 3173 3163
3164 3168 1141
1100 3171 3159
3159 3172 1101
3164 3170 3162
3164 3169 3168
589 3169 40
3159 3171 3165
3166 3172 3159
3161 3167 1150
3168 3169 589
3163 3173 3165
3166 3173 3160
40 3169 3161
78 3176 1151
3178 3179 3174
1151 3176 600
1153 3179 3178
1155 3176 78
3175 3178 3177
1151 600 52
3177 3178 3174
3175 3176 1155
3177 3181 3175
71 1099 1152
600 3176 601
1152 3179 1153
602 3177 603
1154 3175 1155
3175 3181 3176
1154 3178 3175
1097 3174 1098
3176 3181 601
1099 3179 1152
1153 3178 1154
1098 3179 1099
602 3181 3177
603 3180 49
3174 3179 1098
3174 3180 3177
49 3180 1097
3177 3180 603
601 3181 602
1097 3180 3174
