17.410000 1.410000 0.963652
17.610001 1.610000 0.903613
17.410000 1.360000 1.898899
17.610001 1.559990 1.969993
17.610001 -1.540000 4.050000
18.510000 -1.540000 4.050000
18.510000 1.560000 4.050000
17.610001 1.560000 4.050000
17.410000 1.360000 4.050000
17.410000 -1.340000 4.050000
17.410000 -1.340000 4.032686
17.610001 -1.540000 4.032686
17.610001 1.560000 -4.050000
18.510000 1.560000 -4.050000
18.510000 -1.540000 -4.050000
17.610001 -1.540000 -4.050000
17.410000 1.410000 -0.963652
17.610001 1.609992 -0.903618
17.610001 1.560000 -1.970000
17.410000 1.360000 -1.898899
18.910000 -0.471286 0.991398
18.610001 -0.494380 1.058860
18.610001 0.302475 0.335712
18.910000 0.233094 0.352171
19.410000 -0.088490 0.502266
19.410000 -0.290780 0.685845
19.410000 0.190805 0.904875
18.910000 0.362317 0.824824
17.410000 0.510000 0.805000
17.410000 0.510000 1.925000
18.610001 0.510000 0.805000
18.610001 0.399320 0.816047
19.410000 0.082918 1.002784
18.910000 -0.013352 1.165745
18.610001 -0.025669 1.201725
18.610001 0.089830 1.735212
18.672958 0.095149 1.741163
18.910000 0.115925 1.762876
19.410000 0.270977 1.871427
19.410000 0.409700 1.915945
19.298334 0.510000 1.925000
18.610001 0.126385 -3.451206
18.610001 0.311455 -2.499025
18.610001 1.518099 -3.578793
18.610001 0.592241 -3.868078
18.610001 0.470490 -4.450061
18.610001 1.202744 -5.086225
18.610001 1.560000 -3.743572
18.610001 1.560000 -1.970000
18.610001 1.610000 -0.903613
18.610001 1.610000 -0.297509
18.610001 1.610000 0.297509
18.610001 1.610000 0.903613
18.610001 1.560000 1.970000
18.610001 1.560000 3.743571
18.610001 1.199697 5.089722
18.610001 0.469313 4.451412
18.610001 0.592772 3.869788
18.610001 1.519476 3.583222
18.610001 0.316007 2.499916
18.610001 0.128142 3.451550
18.610001 -0.437684 3.635659
18.610001 -1.149575 2.976787
18.610001 -1.116231 2.941849
18.610001 -0.690000 2.300000
18.610001 -0.690000 -2.300000
18.610001 -1.116223 -2.941841
18.610001 -1.151830 -2.979229
18.610001 -0.438555 -3.636601
18.610001 0.277075 -0.341161
18.610001 1.300429 -0.673826
18.610001 0.931562 -0.996374
18.610001 1.044912 -1.530737
18.610001 1.512961 -1.675757
18.610001 0.712788 -2.395231
18.610001 0.618153 -1.914457
18.610001 0.510000 -1.925000
18.610001 0.099117 -1.745493
18.610001 -0.260406 -2.078425
18.610001 -0.483695 -1.025779
18.610001 -0.019971 -1.184082
18.610001 0.385773 -0.818953
18.610001 -0.277819 2.059147
18.610001 0.746781 2.387954
18.610001 0.636283 1.910575
18.610001 1.040797 1.543478
18.610001 1.505245 1.699646
18.610001 1.277116 0.648039
18.610001 0.919128 0.982621
19.319332 0.267802 -3.497153
18.910000 0.166757 -3.460485
19.410000 0.354187 -3.546378
19.410000 0.901500 -2.745535
18.910000 0.416027 -2.523061
18.672958 0.464740 -4.456585
18.672958 1.187852 -5.103121
17.410000 -0.247797 -4.602848
17.410000 0.267797 -3.497152
19.410000 0.472449 -3.652205
18.910000 0.578551 -3.828980
18.910000 0.442275 -4.480393
19.410000 0.274209 -4.599813
19.410000 0.123442 -4.649359
18.910000 -0.082700 -4.652915
18.610001 -0.123406 -4.645233
18.610001 -0.247797 -4.602848
17.410000 -1.122965 3.313529
17.410000 1.410000 0.265842
17.410000 1.410000 -0.265842
17.410000 1.360000 -4.050000
17.410000 -1.340000 -4.050000
17.410000 -1.340000 -4.032686
17.410000 -1.122965 -3.313529
17.410000 -0.490000 -2.360358
17.410000 -0.490000 2.360358
17.410000 -0.499592 4.385284
17.410000 0.519592 3.714715
17.410000 0.640000 0.600000
17.410000 0.640000 -0.600000
17.410000 0.510000 -1.925000
17.410000 0.510000 -0.805000
18.610001 -0.335544 -5.591752
18.910000 -0.230107 -5.611650
18.610001 -0.566818 -4.248445
18.610001 -1.484054 -4.564005
18.610001 -0.443425 -5.563544
17.610001 -1.540000 -4.032686
15.910000 0.640000 0.600000
15.910000 0.640000 -0.600000
18.510000 -1.540000 4.032686
19.410000 1.498457 1.010808
18.910000 1.324008 0.701757
18.676636 1.287845 0.659693
18.910000 1.525663 1.631325
19.410000 1.556370 1.277769
18.910000 1.051687 1.507040
18.910000 0.598963 1.917888
19.410000 1.068064 1.318477
19.410000 1.037177 1.176098
18.910000 0.944138 1.011270
18.676636 0.924851 0.988836
18.910000 0.676806 2.401666
19.410000 0.321937 2.398021
17.610001 -1.289575 3.202890
18.510000 -1.289575 3.202890
17.610001 -0.690000 2.300000
19.410000 -0.565244 3.847035
18.910000 -0.464774 3.666999
19.410000 -1.479975 3.524287
18.910000 -1.219742 3.057964
18.672958 0.291693 -0.337945
18.910000 0.347101 -0.327713
19.410000 0.701954 -0.332695
19.410000 0.961743 -0.417145
18.910000 1.251696 -0.621772
18.910000 0.905571 -0.968612
19.410000 0.750929 -0.859478
18.910000 0.655196 -1.905849
19.410000 0.827074 -1.826588
18.910000 0.782243 -2.379092
19.410000 1.104515 -2.230478
18.910000 1.032430 -1.566660
18.910000 1.489556 -1.743113
18.910000 0.423121 -0.811780
18.672958 0.393569 -0.817237
18.676636 -0.444740 -3.643415
18.676636 -1.167852 -2.996879
17.610001 -1.289575 -3.202890
17.610001 -0.690000 -2.300000
18.910000 -0.465578 -3.667998
19.410000 -0.565669 -3.848245
18.910000 -1.221826 -3.060553
19.410000 -1.481078 -3.527422
18.910000 -0.578957 -4.208838
18.910000 -1.515496 -4.461416
19.410000 -0.598230 -4.003568
19.410000 -1.565416 -3.929734
19.293301 0.510000 -0.805000
19.410000 0.612375 -0.814437
18.676636 0.626431 -1.912763
18.676636 0.728307 -2.392055
19.410000 1.307647 -2.047832
19.410000 0.935412 -1.729177
18.910000 -0.031028 -1.220469
19.410000 -0.048272 -1.408955
18.910000 -0.504427 -1.094005
19.410000 -0.536761 -1.447416
19.410000 -0.480076 -1.714641
19.410000 -0.018041 -1.551475
19.357399 0.519591 3.714714
18.910000 0.579198 3.830650
19.410000 0.473615 3.653564
19.410000 1.210838 3.023166
18.910000 1.484315 3.481848
18.910000 0.168487 3.460948
18.910000 0.420508 2.524260
18.672958 1.512669 3.561753
19.410000 0.905326 2.748158
18.610001 -0.499592 4.385284
18.610001 -0.125153 4.644839
18.910000 -0.084469 4.652640
19.410000 0.121682 4.649689
19.410000 0.272594 4.600585
18.910000 0.441010 4.481660
18.672958 0.590144 3.861500
19.410000 0.299276 5.603293
18.910000 -0.234690 5.610938
18.910000 -0.579290 4.207599
19.410000 -0.598131 4.002289
18.910000 -1.516358 4.458207
19.410000 -1.565160 3.926420
18.610001 -0.567235 4.247231
18.676636 -0.570144 4.238501
18.610001 -1.485132 4.560862
18.676636 -1.492669 4.538247
18.510000 -0.443444 5.563605
18.610001 -0.443424 5.563541
18.510000 -1.116217 2.941832
18.910000 0.074240 -1.716729
18.910000 -0.307050 -2.024491
17.610001 1.609991 0.297506
18.510000 -1.540000 -4.032686
17.610001 1.610000 -0.297509
18.510000 1.560000 3.743569
18.610001 -0.340069 5.590731
19.410000 0.690161 5.476107
18.910000 1.126386 5.168071
19.410000 0.355664 3.547390
18.510000 -1.289575 -3.202890
18.510000 -1.116217 -2.941832
18.510000 -0.443424 -5.563541
18.672958 -0.267845 2.070307
18.910000 -0.228890 2.111017
19.410000 0.061832 2.314550
19.410000 1.207819 -3.019645
18.910000 1.482640 -3.477523
19.410000 0.303835 -5.602437
19.410000 0.694345 -5.474104
18.910000 1.129663 -5.164789
18.510000 1.560000 -3.743569
17.467188 1.550017 0.922629
17.410000 1.520013 1.190021
17.410000 1.548939 1.440040
17.410000 1.493521 1.685549
17.466442 1.499248 1.949373
17.610001 1.719818 1.163690
17.610001 1.748958 1.444494
17.610001 1.693671 1.721340
17.910000 -1.540000 4.050000
18.209999 -1.540000 4.050000
18.510000 -1.513515 4.334794
18.510000 -1.435327 4.609924
18.510000 -1.307761 4.865921
18.510000 -1.135450 5.094219
18.510000 -0.924037 5.286861
18.510000 -0.680878 5.437476
18.510000 -0.414162 5.540766
18.510000 -0.133008 5.593339
18.510000 0.153008 5.593339
18.510000 0.434162 5.540766
18.510000 0.700878 5.437476
18.510000 0.944037 5.286861
18.510000 1.155450 5.094219
18.510000 1.327761 4.865921
18.510000 1.455327 4.609924
18.510000 1.533515 4.334794
18.209999 1.560000 4.050000
17.910000 1.560000 4.050000
17.610001 -1.513962 4.334972
17.610001 -1.436552 4.610455
17.610001 -1.309805 4.866993
17.610001 -1.137572 5.095487
17.610001 -0.925717 5.287817
17.610001 -0.681805 5.437428
17.610001 -0.414515 5.539598
17.610001 -0.133081 5.591378
17.610001 0.153081 5.591378
17.610001 0.434515 5.539598
17.610001 0.701805 5.437428
17.610001 0.945717 5.287817
17.610001 1.157572 5.095487
17.610001 1.329805 4.866993
17.610001 1.456552 4.610455
17.610001 1.533962 4.334972
17.468578 1.501421 4.050000
17.410000 1.330412 4.330606
17.410000 1.243141 4.598934
17.410000 1.102001 4.843259
17.410000 0.913157 5.052910
17.410000 0.684859 5.218729
17.410000 0.427080 5.333469
17.410000 0.151081 5.392121
17.410000 -0.131081 5.392121
17.410000 -0.407080 5.333469
17.410000 -0.664859 5.218729
17.410000 -0.893157 5.052910
17.410000 -1.082001 4.843259
17.410000 -1.223141 4.598934
17.410000 -1.310411 4.330606
17.468578 -1.481421 4.050000
17.468578 -1.481421 4.032686
17.910000 1.560000 -4.050000
18.209999 1.560000 -4.050000
18.510000 1.533515 -4.334794
18.510000 1.455327 -4.609924
18.510000 1.327761 -4.865921
18.510000 1.155450 -5.094219
18.510000 0.944037 -5.286861
18.510000 0.700878 -5.437476
18.510000 0.434162 -5.540766
18.510000 0.153008 -5.593339
18.510000 -0.133008 -5.593339
18.510000 -0.414162 -5.540766
18.510000 -0.680878 -5.437476
18.510000 -0.924037 -5.286861
18.510000 -1.135450 -5.094219
18.510000 -1.307761 -4.865921
18.510000 -1.435327 -4.609924
18.510000 -1.513515 -4.334794
18.209999 -1.540000 -4.050000
17.910000 -1.540000 -4.050000
17.610001 1.533962 -4.334972
17.610001 1.456552 -4.610455
17.610001 1.329805 -4.866993
17.610001 1.157572 -5.095487
17.610001 0.945717 -5.287817
17.610001 0.701805 -5.437428
17.610001 0.434515 -5.539598
17.610001 0.153081 -5.591378
17.610001 -0.133081 -5.591378
17.610001 -0.414515 -5.539598
17.610001 -0.681805 -5.437428
17.610001 -0.925717 -5.287817
17.610001 -1.137572 -5.095487
17.610001 -1.309805 -4.866993
17.610001 -1.436552 -4.610455
17.610001 -1.513962 -4.334972
17.466972 1.549553 -0.920502
17.610001 1.693671 -1.721340
17.610001 1.748958 -1.444494
17.610001 1.719818 -1.163690
17.466274 1.499081 -1.949301
17.410000 1.493502 -1.685544
17.410000 1.548913 -1.440038
17.410000 1.519993 -1.190024
18.760000 -0.483405 1.024933
18.610001 -0.376900 0.802942
18.610001 -0.195630 0.587449
18.610001 0.036390 0.427880
18.760000 0.267645 0.343352
19.118526 0.171573 0.371034
19.307878 0.072000 0.410739
19.306646 -0.396776 0.835607
19.117918 -0.446244 0.931270
19.185825 0.315729 0.839777
19.410000 0.051158 0.703571
18.910000 0.297706 0.588498
17.410000 0.230001 0.880026
17.410000 0.025027 1.085001
17.410000 -0.049998 1.365000
17.410000 0.025027 1.644999
17.410000 0.230001 1.849974
18.309999 0.510000 0.805000
18.010000 0.510000 0.805000
17.709999 0.510000 0.805000
18.610001 0.454660 0.810523
18.760000 0.380744 0.820121
19.410000 0.136861 0.953830
19.184809 0.006417 1.120047
18.760000 -0.019816 1.183631
18.610001 -0.037439 1.483532
18.641479 0.092479 1.738197
18.791479 0.105392 1.752159
19.185825 0.152159 1.795756
19.410000 0.340338 1.893686
19.367252 0.474083 1.923847
17.679762 0.510000 1.925000
17.949524 0.510000 1.925000
18.219286 0.510000 1.925000
18.489048 0.510000 1.925000
18.758810 0.510000 1.925000
19.028572 0.510000 1.925000
18.610001 0.172652 -3.213161
18.610001 0.218920 -2.975115
18.610001 0.265188 -2.737070
18.610001 1.409866 -3.317348
18.610001 1.256733 -3.079401
18.610001 1.063613 -2.872585
18.610001 0.836699 -2.703533
18.610001 0.583271 -2.577667
18.610001 1.286635 -3.651114
18.610001 1.055170 -3.723435
18.610001 0.823705 -3.795757
18.610001 0.619874 -4.072293
18.610001 0.577742 -4.274095
18.610001 0.653553 -4.609102
18.610001 0.836617 -4.768143
18.610001 1.019680 -4.927184
18.610001 1.589702 -4.029325
18.610001 1.567416 -4.315760
18.610001 1.493545 -4.593387
18.610001 1.370532 -4.853020
18.610001 1.560000 -3.447976
18.610001 1.560000 -3.152381
18.610001 1.560000 -2.856786
18.610001 1.560000 -2.561191
18.610001 1.560000 -2.265595
18.610001 1.693958 -1.721444
18.610001 1.748949 -1.444494
18.610001 1.720114 -1.163613
18.610001 1.610000 -0.701578
18.610001 1.610000 -0.499543
18.610001 1.649612 0.100484
18.610001 1.649612 -0.100484
18.610001 1.610000 0.499543
18.610001 1.610000 0.701578
18.610001 1.720120 1.163612
18.610001 1.748958 1.444494
18.610001 1.693965 1.721445
18.610001 1.560000 2.265595
18.610001 1.560000 2.561190
18.610001 1.560000 2.856785
18.610001 1.560000 3.152380
18.610001 1.560000 3.447976
18.610001 1.368783 4.856292
18.610001 1.492650 4.596029
18.610001 1.567174 4.317594
18.610001 1.589876 4.030254
18.610001 1.017101 4.930144
18.610001 0.834505 4.770567
18.610001 0.651909 4.610989
18.610001 0.576900 4.275679
18.610001 0.619782 4.074062
18.610001 0.824448 3.798147
18.610001 1.056124 3.726505
18.610001 1.287800 3.654864
18.610001 1.412204 3.321331
18.610001 1.259870 3.082809
18.610001 1.067309 2.875407
18.610001 0.840857 2.705664
18.610001 0.587712 2.579107
18.610001 0.269041 2.737825
18.610001 0.222075 2.975733
18.610001 0.175108 3.213642
18.610001 -0.078036 3.446068
18.610001 -0.274264 3.509829
18.610001 -0.615657 3.470941
18.610001 -0.793630 3.306223
18.610001 -0.971602 3.141505
18.610001 -1.133037 2.959190
18.610001 -0.832077 2.513950
18.610001 -0.974154 2.727900
18.610001 -0.690000 2.012500
18.610001 -0.690000 1.725000
18.610001 -0.690000 1.437500
18.610001 -0.690000 1.150000
18.610001 -0.690000 0.862500
18.610001 -0.690000 0.575000
18.610001 -0.690000 0.287500
18.610001 -0.690000 -0.000000
18.610001 -0.690000 -0.287500
18.610001 -0.690000 -0.575000
18.610001 -0.690000 -0.862500
18.610001 -0.690000 -1.150000
18.610001 -0.690000 -1.437500
18.610001 -0.690000 -1.725000
18.610001 -0.690000 -2.012500
18.610001 -0.974149 -2.727894
18.610001 -0.832074 -2.513947
18.610001 -1.134180 -2.960389
18.610001 -0.973511 -3.143572
18.610001 -0.795192 -3.307915
18.610001 -0.616874 -3.472258
18.610001 -0.275500 -3.510565
18.610001 -0.079642 -3.446203
18.610001 0.557622 -0.315135
18.610001 0.834734 -0.366089
18.610001 1.088863 -0.487749
18.610001 1.115996 -0.835100
18.610001 1.057770 -1.248819
18.610001 1.278937 -1.603247
18.610001 1.395122 -1.931694
18.610001 1.212321 -2.146115
18.610001 0.979791 -2.305231
18.610001 0.665471 -2.154844
18.610001 0.564077 -1.919728
18.610001 0.285758 -1.878260
18.610001 -0.080645 -1.911959
18.610001 -0.537885 -1.302080
18.610001 -0.517146 -1.582880
18.610001 -0.422101 -1.847918
18.610001 -0.251833 -1.104931
18.610001 0.135236 -0.948531
18.610001 0.331424 -0.580057
18.610001 -0.065092 2.243722
18.610001 0.189087 2.365014
18.610001 0.466381 2.414276
18.610001 0.691532 2.149265
18.610001 0.886336 1.779694
18.610001 1.273021 1.621562
18.610001 1.558359 1.423109
18.610001 1.536090 1.142403
18.610001 1.440040 0.877703
18.610001 1.098122 0.815330
18.610001 0.733043 0.851225
18.610001 0.350897 0.575879
18.610001 -0.260024 1.130293
18.610001 -0.093995 1.897180
19.118980 0.202593 -3.471202
19.378355 0.301108 -3.513944
19.410000 0.764672 -2.945746
19.410000 0.627843 -3.145957
19.410000 0.491015 -3.346167
19.142941 0.525739 -2.556543
19.330671 0.690501 -2.624080
18.910000 0.229075 -3.226129
18.910000 0.291392 -2.991773
18.910000 0.353710 -2.757417
18.641479 0.467627 -4.453333
18.672958 0.645518 -4.618219
18.672958 0.826296 -4.779853
18.672958 1.007074 -4.941487
18.641479 1.195328 -5.094700
17.410000 0.017648 -4.660074
17.410000 0.281641 -4.596437
17.410000 0.491860 -4.424514
17.410000 0.606615 -4.178380
17.410000 0.603162 -3.906845
17.410000 0.482221 -3.663725
17.682762 0.267798 -3.497152
17.955523 0.267799 -3.497152
18.228285 0.267799 -3.497152
18.501047 0.267800 -3.497152
18.773808 0.267801 -3.497152
19.046570 0.267802 -3.497152
19.187555 0.556522 -3.779050
18.760000 0.585728 -3.848413
18.791479 0.453667 -4.468640
19.187571 0.400744 -4.518422
19.187555 -0.028443 -4.658788
18.760000 -0.103118 -4.649420
18.610001 -0.185602 -4.624041
18.309999 -0.247797 -4.602848
18.010000 -0.247797 -4.602848
17.709999 -0.247797 -4.602848
17.410000 -1.315090 3.780320
17.410000 -1.241822 3.537543
17.410000 1.360000 2.167786
17.410000 1.360000 2.436674
17.410000 1.360000 2.705562
17.410000 1.360000 2.974449
17.410000 1.360000 3.243337
17.410000 1.360000 3.512225
17.410000 1.360000 3.781112
17.410000 1.410000 0.498445
17.410000 1.410000 0.731048
17.410000 1.454602 0.000000
17.410000 1.410000 -0.731048
17.410000 1.410000 -0.498445
17.410000 1.360000 -3.781112
17.410000 1.360000 -3.512225
17.410000 1.360000 -3.243337
17.410000 1.360000 -2.974449
17.410000 1.360000 -2.705562
17.410000 1.360000 -2.436674
17.410000 1.360000 -2.167786
17.410000 -1.310407 -4.330603
17.410000 -1.223134 -4.598926
17.410000 -1.081993 -4.843248
17.410000 -0.893149 -5.052895
17.410000 -0.664853 -5.218709
17.410000 -0.407076 -5.333448
17.410000 -0.131080 -5.392098
17.410000 0.151080 -5.392098
17.410000 0.427076 -5.333448
17.410000 0.684853 -5.218709
17.410000 0.913149 -5.052895
17.410000 1.101993 -4.843248
17.410000 1.243134 -4.598926
17.410000 1.330407 -4.330603
17.410000 -1.241986 -3.537482
17.410000 -1.315261 -3.780281
17.410000 -0.648241 -2.598651
17.410000 -0.806483 -2.836944
17.410000 -0.964724 -3.075237
17.410000 -0.490000 2.065313
17.410000 -0.490000 1.770269
17.410000 -0.490000 1.475224
17.410000 -0.490000 1.180179
17.410000 -0.490000 0.885134
17.410000 -0.490000 0.590090
17.410000 -0.490000 0.295045
17.410000 -0.490000 -0.000000
17.410000 -0.490000 -0.295045
17.410000 -0.490000 -0.590090
17.410000 -0.490000 -0.885134
17.410000 -0.490000 -1.180179
17.410000 -0.490000 -1.475224
17.410000 -0.490000 -1.770269
17.410000 -0.490000 -2.065313
17.410000 -0.964724 3.075237
17.410000 -0.806483 2.836944
17.410000 -0.648241 2.598651
17.410000 0.002367 -3.439959
17.410000 -0.261601 -3.503610
17.410000 -0.471798 -3.675526
17.410000 -0.586544 -3.921641
17.410000 -0.583101 -4.193156
17.410000 -0.462187 -4.436265
17.410000 -0.594669 4.130968
17.410000 -0.569981 3.860574
17.410000 -0.430383 3.627673
17.410000 -0.203535 3.478440
17.410000 0.065591 3.442446
17.410000 0.323662 3.526789
17.410000 0.614669 3.969032
17.410000 0.589981 4.239426
17.410000 0.450383 4.472327
17.410000 0.223535 4.621560
17.410000 -0.045591 4.657554
17.410000 -0.303662 4.573211
17.410000 0.900329 0.540581
17.410000 1.109097 0.374093
17.410000 1.224955 0.133512
17.410000 1.224955 -0.133512
17.410000 1.109097 -0.374093
17.410000 0.900329 -0.540581
17.410000 0.379672 -0.540580
17.410000 0.170905 -0.374092
17.410000 0.055049 -0.133512
17.410000 0.055049 0.133512
17.410000 0.170905 0.374092
17.410000 0.379672 0.540580
17.410000 0.789999 1.849974
17.410000 0.994973 1.644999
17.410000 1.069998 1.365000
17.410000 0.994973 1.085001
17.410000 0.789999 0.880026
17.410000 0.230001 -1.849974
17.410000 0.025027 -1.644999
17.410000 -0.049998 -1.365000
17.410000 0.025027 -1.085001
17.410000 0.230001 -0.880026
17.410000 0.789999 -0.880026
17.410000 0.994973 -1.085001
17.410000 1.069998 -1.365000
17.410000 0.994973 -1.644999
17.410000 0.789999 -1.849974
18.610001 -0.282510 -5.355122
18.610001 -0.229475 -5.118493
18.610001 -0.176441 -4.881863
18.760000 -0.282995 -5.602596
18.910000 -0.119551 -4.892599
18.910000 -0.156403 -5.132282
18.910000 -0.193255 -5.371966
18.610001 -0.443372 -4.458110
18.610001 -0.796127 -4.327335
18.610001 -1.025437 -4.406225
18.610001 -1.254745 -4.485115
18.610001 -0.720655 -5.450908
18.610001 -0.971677 -5.288024
18.610001 -1.187488 -5.080735
18.610001 -1.360347 -4.836475
18.610001 -0.389733 -5.578598
17.468578 1.501421 -4.050000
17.610001 1.560000 -2.267143
17.610001 1.560000 -2.564286
17.610001 1.560000 -2.861428
17.610001 1.560000 -3.158571
17.610001 1.560000 -3.455714
17.610001 1.560000 -3.752857
17.468578 -1.481421 -4.032686
17.468578 -1.481421 -4.050000
17.110001 0.640000 0.600000
16.809999 0.640000 0.600000
16.510000 0.640000 0.600000
16.209999 0.640000 0.600000
15.910000 0.379521 -0.540723
15.910000 0.170573 -0.374260
15.910000 0.054599 -0.133580
15.910000 0.054615 0.133585
15.910000 0.170608 0.374245
15.910000 0.379547 0.540697
17.110001 0.640000 -0.600000
16.809999 0.640000 -0.600000
16.510000 0.640000 -0.600000
16.209999 0.640000 -0.600000
18.209999 -1.540000 4.032686
17.910000 -1.540000 4.032686
19.410000 -0.103931 0.844314
19.306646 1.421711 0.844152
19.117918 1.363573 0.753497
18.793318 1.306204 0.680486
18.643318 1.282502 0.653846
18.760000 1.516034 1.665659
19.118526 1.540070 1.568611
19.307878 1.555441 1.462522
18.760000 1.046551 1.525351
18.910000 1.288675 1.569183
19.107004 0.566897 1.922102
18.760000 0.617685 1.914549
19.185825 1.062018 1.459215
19.410000 1.052621 1.247287
19.184809 0.973840 1.051232
18.793318 0.934642 0.999926
18.643318 0.922001 0.985718
18.910000 0.637885 2.159777
19.306646 0.504629 2.414986
19.117918 0.612211 2.410024
19.410000 0.365819 2.156983
17.910000 -1.289575 3.202890
18.209999 -1.289575 3.202890
18.510000 -1.511455 3.741449
18.510000 -1.426908 3.461296
17.610001 -1.426567 3.461417
17.610001 -1.511104 3.741536
17.468578 -1.240776 3.235296
17.467310 -0.630108 2.319903
17.610001 -0.839894 2.525723
17.610001 -0.989788 2.751445
17.610001 -1.139681 2.977167
19.187571 -0.498070 3.712413
19.410000 -1.251292 3.604974
19.410000 -1.022609 3.685661
19.410000 -0.793926 3.766348
19.143501 -1.288058 3.149200
19.330984 -1.381355 3.301361
18.910000 -0.653516 3.514740
18.910000 -0.842258 3.362481
18.910000 -1.031000 3.210223
18.641479 0.284378 -0.339527
18.791479 0.319328 -0.332457
19.118526 0.410946 -0.319682
19.307878 0.518043 -0.315051
19.306646 1.119842 -0.510253
19.117918 1.204195 -0.577208
18.760000 1.276505 -0.647386
19.184809 0.868797 -0.935044
18.910000 1.078634 -0.795192
19.410000 0.856336 -0.638311
19.184809 0.702663 -1.890812
18.910000 0.718720 -2.142471
19.306646 0.944782 -2.320753
19.117918 0.844599 -2.360272
19.410000 0.965795 -2.028533
18.760000 1.038976 -1.548805
18.910000 1.260993 -1.654886
18.760000 1.501830 -1.709634
18.791479 0.408309 -0.814311
18.910000 0.385111 -0.569747
18.672958 0.342631 -0.577591
18.676636 1.106348 0.824265
18.910000 1.134073 0.856514
19.410000 1.267817 1.093453
18.760000 0.146650 -3.455503
18.760000 0.363945 -2.510155
18.643318 -0.441660 -3.639997
18.643318 -1.159874 -2.988024
18.676636 -0.625518 -3.481781
18.676636 -0.806296 -3.320147
18.676636 -0.987074 -3.158513
17.468578 -1.240776 -3.235296
17.610001 -1.139681 -2.977167
17.610001 -0.989788 -2.751445
17.610001 -0.839894 -2.525723
17.467310 -0.629096 -2.316552
19.187555 -0.497817 -3.712032
18.910000 -0.654640 -3.516137
18.910000 -0.843702 -3.364276
18.910000 -1.032764 -3.212414
19.330221 -1.383190 -3.304734
19.143406 -1.289917 -3.151862
19.410000 -0.794521 -3.768039
19.410000 -1.023373 -3.687834
19.410000 -1.252226 -3.607628
18.760000 -0.573224 -4.228745
18.910000 -0.813092 -4.271983
18.910000 -1.047226 -4.335127
18.910000 -1.281361 -4.398272
18.760000 -1.500646 -4.512978
19.187571 -0.591095 -4.153849
19.410000 -1.323620 -3.948192
19.410000 -1.081823 -3.966651
19.410000 -0.840027 -3.985110
19.143501 -1.541184 -4.350370
19.330984 -1.565143 -4.173500
19.410000 -1.536386 -3.725824
18.793318 -0.455322 -3.655569
18.793318 -1.195259 -3.028359
19.104410 0.454350 -0.807772
19.365513 0.545750 -0.806143
19.410000 0.657165 -0.573566
19.410000 0.681652 -0.836957
18.793318 0.640859 -1.909496
18.676636 0.677369 -2.152409
18.793318 0.755361 -2.385930
19.410000 1.121529 -1.888505
19.410000 0.881243 -1.777883
19.185825 1.012833 -1.611493
19.118526 1.464556 -1.802406
19.307878 1.414966 -1.897443
19.184809 -0.041725 -1.269098
18.910000 -0.267727 -1.157237
19.306646 -0.535126 -1.263945
19.117918 -0.519288 -1.157420
19.410000 -0.292516 -1.428186
19.410000 -0.249059 -1.633058
19.410000 -0.033157 -1.480215
19.410000 1.312217 1.298123
19.140406 0.562599 3.791697
19.393539 0.501610 3.688831
19.410000 1.026532 3.180766
19.410000 0.842227 3.338365
19.410000 0.657921 3.495965
19.142941 1.439209 3.376382
19.330671 1.354316 3.219854
18.910000 0.805477 3.743450
18.910000 1.031756 3.656249
18.910000 1.258035 3.569049
18.760000 0.148395 3.455907
18.760000 0.368464 2.511201
18.910000 0.231493 3.226776
18.910000 0.294498 2.992604
18.910000 0.357503 2.758432
18.641479 1.516111 3.572475
18.791479 1.499028 3.521610
19.410000 1.067063 2.875684
19.330238 0.694875 2.626152
19.143396 0.529380 2.557794
17.709999 -0.499592 4.385284
18.010000 -0.499592 4.385284
18.309999 -0.499592 4.385284
18.610001 -0.337514 4.551332
18.760000 -0.104877 4.649085
19.187571 -0.028493 4.658784
19.187555 0.400705 4.518455
18.760000 0.455418 4.466776
18.641479 0.591473 3.865639
18.791479 0.584878 3.846002
19.079199 0.519591 3.714714
18.800999 0.519591 3.714714
18.522799 0.519591 3.714714
18.244600 0.519591 3.714714
17.966400 0.519591 3.714714
17.688200 0.519591 3.714714
19.410000 0.254877 5.364892
19.410000 0.210479 5.126491
19.410000 0.166081 4.888090
19.143501 -0.121523 5.624514
19.330984 0.056899 5.629282
18.910000 -0.122024 4.892215
18.910000 -0.159580 5.131789
18.910000 -0.197135 5.371364
19.187555 -0.591017 4.154300
18.910000 -0.813557 4.270251
18.910000 -1.047824 4.332903
18.910000 -1.282091 4.395555
19.330221 -1.565461 4.169673
19.143406 -1.541811 4.347185
19.410000 -0.839888 3.983322
19.410000 -1.081645 3.964355
19.410000 -1.323403 3.945387
18.643318 -0.568706 4.242871
18.610001 -1.255658 4.482454
18.610001 -1.026183 4.404047
18.610001 -0.796709 4.325639
18.643318 -1.488943 4.549568
18.676636 -0.800776 4.313437
18.676636 -1.031407 4.388373
18.676636 -1.262038 4.463310
18.559999 -0.443424 5.563541
18.510000 -1.302617 3.170533
18.510000 -1.443279 3.429892
18.510000 -1.533207 3.710901
18.510000 -1.569313 4.003724
18.510000 -1.550427 4.298160
18.510000 -1.477107 4.583954
18.510000 -1.351883 4.851108
18.510000 -1.179204 5.090335
18.510000 -0.965093 5.293333
18.510000 -0.716950 5.452956
18.760000 -1.185348 3.016780
19.410000 -1.535701 3.722572
18.793318 -1.505042 4.498383
18.610001 -1.361672 4.834170
18.610001 -1.188792 5.079226
18.610001 -0.972722 5.287201
18.610001 -0.721246 5.450602
19.185825 0.045201 -1.677349
19.118526 -0.345914 -1.973204
19.307878 -0.403448 -1.882756
18.910000 -0.116405 -1.870610
18.760000 0.086434 -1.731322
18.760000 -0.284186 -2.051854
18.760000 -0.494640 -1.059716
18.309999 0.510000 -1.925000
18.010000 0.510000 -1.925000
17.709999 0.510000 -1.925000
18.760000 -0.025808 -1.202182
18.641479 0.389668 -0.818081
17.679043 0.510000 -0.805000
17.948086 0.510000 -0.805000
18.217129 0.510000 -0.805000
18.486172 0.510000 -0.805000
18.755215 0.510000 -0.805000
19.024258 0.510000 -0.805000
17.610001 1.559999 3.752856
17.610001 1.559997 3.455712
17.610001 1.559996 3.158568
17.610001 1.559994 2.861424
17.610001 1.559993 2.564281
17.610001 1.559992 2.267137
17.610001 1.609997 0.701577
17.610001 1.609994 0.499542
17.468119 1.550894 0.288749
17.610001 -1.511104 -3.741536
17.610001 -1.426567 -3.461417
15.910000 0.900479 0.540723
15.910000 1.109427 0.374260
15.910000 1.225401 0.133580
15.910000 1.225385 -0.133585
15.910000 1.109392 -0.374245
15.910000 0.900453 -0.540697
17.910000 -1.540000 -4.032686
18.209999 -1.540000 -4.032686
17.468056 1.550896 -0.288518
17.610001 1.609997 -0.499545
17.610001 1.609995 -0.701581
17.610001 1.649187 0.100460
17.610001 1.649187 -0.100460
18.510000 -1.202896 3.072361
18.510000 -0.154133 5.621565
18.510000 0.140914 5.624749
18.510000 0.431399 5.572950
18.510000 0.707174 5.468033
18.510000 0.958673 5.313734
18.510000 1.177086 5.115340
18.510000 1.354753 4.879761
18.510000 1.485541 4.615274
18.510000 1.564924 4.331091
18.510000 1.590043 4.037094
18.510000 1.560000 3.896785
18.610001 -0.178882 4.881312
18.610001 -0.232611 5.117785
18.610001 -0.286340 5.354258
18.610001 -0.391977 5.578010
18.610001 -0.533413 4.316258
18.760000 -0.287551 5.601729
19.410000 0.376986 4.819466
19.410000 0.481377 5.038346
19.410000 0.585769 5.257226
19.410000 0.498872 5.552466
18.910000 0.612354 4.653263
18.910000 0.783698 4.824865
18.910000 0.955042 4.996468
19.330221 0.901008 5.354800
19.143406 1.042943 5.245602
18.672958 0.820776 3.786563
18.672958 1.051407 3.711626
18.672958 1.282038 3.636690
19.410000 0.493079 3.347582
19.410000 0.630495 3.147774
19.410000 0.767910 2.947966
19.187555 0.220500 3.477470
18.793318 -0.574921 4.223110
17.860001 -0.690000 2.300000
18.110001 -0.690000 2.300000
18.360001 -0.690000 2.300000
17.610001 -0.690000 -2.012500
17.610001 -0.690000 -1.725000
17.610001 -0.690000 -1.437500
17.610001 -0.690000 -1.150000
17.610001 -0.690000 -0.862500
17.610001 -0.690000 -0.575000
17.610001 -0.690000 -0.287500
17.610001 -0.690000 -0.000000
17.610001 -0.690000 0.287500
17.610001 -0.690000 0.575000
17.610001 -0.690000 0.862500
17.610001 -0.690000 1.150000
17.610001 -0.690000 1.437500
17.610001 -0.690000 1.725000
17.610001 -0.690000 2.012500
18.360001 -0.690000 -2.300000
18.110001 -0.690000 -2.300000
17.860001 -0.690000 -2.300000
18.209999 -1.289575 -3.202890
17.910000 -1.289575 -3.202890
18.510000 -1.202896 -3.072361
18.643318 0.622295 -1.913625
18.643318 0.720554 -2.393672
18.760000 0.918802 -0.982272
18.510000 -0.716910 -5.452857
18.510000 -0.965071 -5.293282
18.510000 -1.179195 -5.090303
18.510000 -1.351836 -4.851054
18.510000 -1.477059 -4.583913
18.510000 -1.550414 -4.298135
18.510000 -1.569304 -4.003701
18.510000 -1.533158 -3.710891
18.510000 -1.443255 -3.429885
18.510000 -1.302641 -3.170505
18.641479 -0.272852 2.064745
18.791479 -0.248641 2.090923
19.118526 -0.181805 2.154877
19.307878 -0.097652 2.221281
18.760000 0.711910 2.395404
18.672958 -0.086348 1.905735
19.410000 0.166405 2.092988
18.910000 -0.056482 1.936946
19.410000 0.656291 -3.494065
19.410000 0.840134 -3.335925
19.410000 1.023976 -3.177785
19.410000 1.063611 -2.872586
18.910000 0.804573 -3.741116
18.910000 1.030596 -3.653251
18.910000 1.256618 -3.565387
19.330238 1.351786 -3.215729
19.143396 1.437574 -3.372896
19.330221 0.062052 -5.629142
19.143406 -0.116978 -5.624901
19.410000 0.168541 -4.887628
19.410000 0.213639 -5.125898
19.410000 0.258737 -5.364168
19.410000 0.503281 -5.551024
19.410000 0.589311 -5.255531
19.410000 0.484277 -5.036958
19.410000 0.379243 -4.818385
19.143501 1.046382 -5.242604
19.330984 0.905248 -5.351868
18.910000 0.614122 -4.651492
18.910000 0.785969 -4.822591
18.910000 0.957816 -4.993690
18.791479 1.159171 -5.134346
18.510000 1.560000 -3.896785
18.510000 1.589974 -4.037086
18.510000 1.564881 -4.331067
18.510000 1.485504 -4.615240
18.510000 1.354667 -4.879686
18.510000 1.177007 -5.115244
18.510000 0.958626 -5.313652
18.510000 0.707137 -5.467946
18.510000 0.431362 -5.572818
18.510000 0.140903 -5.624642
18.510000 -0.154133 -5.621520
18.510000 -1.511455 -3.741449
18.510000 -1.426908 -3.461296
18.760000 -0.451495 3.651099
18.760000 1.163707 5.129519
17.860001 1.560000 1.970000
18.110001 1.560000 1.970000
18.360001 1.560000 1.970000
18.360001 1.610000 0.903613
18.110001 1.610000 0.903613
17.860001 1.610000 0.903613
18.360001 1.609998 0.297508
18.110001 1.609995 0.297507
17.860001 1.609993 0.297507
18.360001 1.610000 -0.297509
18.110001 1.610000 -0.297509
17.860001 1.610000 -0.297509
17.860001 1.609994 -0.903617
18.110001 1.609996 -0.903615
18.360001 1.609998 -0.903614
18.360001 1.560000 -1.970000
18.110001 1.560000 -1.970000
17.860001 1.560000 -1.970000
18.760000 1.501230 -3.527857
18.910000 -0.242319 1.078572
17.511053 1.613094 1.838281
17.515949 1.653020 1.038672
17.460670 1.678478 1.310603
17.466448 1.668898 1.589059
18.274673 -1.377365 4.741172
18.266241 1.397413 4.741076
18.262392 0.010000 5.600000
18.265522 -1.034245 5.195448
18.262390 1.054229 5.195463
18.262392 -0.549925 5.495332
18.262392 0.569925 5.495332
17.833569 1.499856 4.477584
17.833649 -1.479853 4.477597
17.854597 -1.227105 4.983847
17.854591 1.247113 4.983838
17.857683 -0.275276 5.573522
17.857683 0.295276 5.573522
17.857740 -0.806687 5.367393
17.857740 0.826687 5.367393
17.857861 0.010361 5.600000
17.857821 0.570466 5.495122
17.857821 -0.550466 5.495122
18.262379 -0.274811 5.573608
18.262392 0.294811 5.573608
18.262390 0.825969 5.367837
18.262379 -0.805970 5.367836
18.268335 -1.226911 4.984104
18.262390 1.246925 4.984085
18.285580 1.499872 4.477530
18.286747 -1.479799 4.477784
17.857580 1.054921 5.194832
17.857580 -1.034921 5.194832
17.850357 1.397457 4.740986
17.850439 -1.377305 4.741292
18.060007 -1.520545 4.294809
18.060013 1.540546 4.294803
18.060158 -0.133035 5.593386
18.059603 1.327964 4.865765
18.061256 -1.308141 4.865478
18.060102 0.434424 5.540760
18.060162 -0.414364 5.540777
18.060162 0.153161 5.593375
18.060131 0.701191 5.437355
18.060425 1.155463 5.094229
18.061172 -1.135654 5.094020
18.060217 -0.681132 5.437385
18.060188 0.944366 5.286714
18.060184 -0.924367 5.286713
18.059778 1.456695 4.606393
18.060184 -1.436820 4.606068
18.312775 1.547430 4.247004
18.312759 -1.527420 4.247082
17.807261 -1.527418 4.247096
17.807188 1.547427 4.247024
17.427458 -1.415612 4.181945
17.465714 0.010000 5.536463
18.274673 1.397365 -4.741172
18.266241 -1.377413 -4.741076
18.262392 0.010000 -5.600000
18.265522 1.054245 -5.195448
18.262390 -1.034229 -5.195463
18.262392 0.569925 -5.495332
18.262392 -0.549925 -5.495332
17.833569 -1.479856 -4.477584
17.833649 1.499853 -4.477597
17.854597 1.247105 -4.983847
17.854591 -1.227112 -4.983838
17.857683 0.295276 -5.573522
17.857683 -0.275276 -5.573522
17.857740 0.826687 -5.367393
17.857740 -0.806687 -5.367393
17.857861 0.009639 -5.600000
17.857821 -0.550466 -5.495122
17.857821 0.570466 -5.495122
18.262379 0.294811 -5.573608
18.262392 -0.274811 -5.573608
18.262390 -0.805969 -5.367837
18.262379 0.825970 -5.367836
18.268335 1.246911 -4.984104
18.262390 -1.226925 -4.984085
18.285580 -1.479872 -4.477530
18.286747 1.499799 -4.477784
17.857580 1.054921 -5.194832
17.857580 -1.034921 -5.194832
17.850439 1.397305 -4.741292
17.850357 -1.377457 -4.740986
18.060007 1.540545 -4.294809
18.060013 -1.520546 -4.294803
18.060158 0.153035 -5.593386
18.059603 -1.307963 -4.865765
18.061256 1.328141 -4.865478
18.060102 -0.414424 -5.540760
18.060162 0.434364 -5.540777
18.060162 -0.133161 -5.593375
18.060131 -0.681191 -5.437355
18.060425 -1.135463 -5.094229
18.061172 1.155654 -5.094020
18.060217 0.701132 -5.437385
18.060188 -0.924366 -5.286714
18.060184 0.944367 -5.286713
18.059778 -1.436695 -4.606393
18.060184 1.456820 -4.606068
18.312775 -1.527430 -4.247004
18.312759 1.547420 -4.247082
17.807261 1.547418 -4.247096
17.807188 -1.527427 -4.247024
17.512556 1.615065 -1.836400
17.514854 1.654435 -1.043556
17.455902 1.671640 -1.299163
17.457825 1.660939 -1.580946
19.115889 -0.357178 0.772968
18.961069 0.026553 0.432917
19.160387 -0.041665 0.471599
18.970823 -0.151734 0.549765
18.808331 -0.410512 0.859869
18.802809 0.093157 0.401287
18.804031 -0.293522 0.689091
18.956816 -0.383291 0.813157
19.195059 -0.238590 0.628717
18.772966 -0.080263 0.496617
19.001837 -0.286615 0.680965
19.229691 0.195174 0.581018
19.071878 0.239039 0.526464
19.080881 0.283678 0.672092
19.318329 0.213525 0.739260
18.454969 0.006856 1.610859
18.676460 0.292715 0.848873
17.693712 -0.033937 1.231837
18.547283 0.307360 0.842949
18.206005 0.279255 0.854748
18.809456 0.040063 1.060437
18.604086 0.195345 0.901759
18.618879 0.140356 1.785670
19.281487 0.409419 1.915893
18.059275 0.253043 1.862567
19.015467 0.188334 0.906600
17.660049 0.114978 1.761935
18.746574 0.200102 0.898563
18.502417 0.106856 1.753684
18.520897 0.187570 1.822864
18.395477 0.171134 1.810836
18.633369 0.229752 1.849831
18.841930 0.209734 1.837695
18.383930 -0.047225 1.420683
18.245237 -0.004010 1.587247
18.175816 -0.049316 1.337340
18.020964 -0.034863 1.494321
18.320976 -0.026846 1.205637
18.113558 0.000514 1.132569
18.714119 0.167309 1.807903
18.435249 0.211103 0.891438
18.532862 0.094219 0.989865
19.304123 0.158062 0.929409
18.511019 0.425863 0.811357
18.307123 0.078594 1.007944
18.055515 0.051319 1.686266
18.695482 0.101610 0.981833
17.876568 0.255929 0.865953
19.006693 0.257152 1.864668
17.649710 0.109299 0.973799
18.985119 0.062247 1.028671
17.640038 -0.030302 1.512221
18.865105 0.131212 0.952544
17.812319 0.291182 1.880479
17.869404 0.024724 1.085523
18.406055 0.342829 0.830534
18.452078 0.311697 1.888714
19.292694 0.296034 1.882512
18.270763 0.265073 1.868598
18.239624 0.122310 1.769099
18.868046 0.238091 0.875443
19.161516 0.318672 1.891302
18.480677 0.003716 1.125674
17.850269 0.007906 1.612995
18.882666 0.358725 1.904181
17.974266 -0.041136 1.265758
18.059017 0.115318 0.967727
18.609049 0.362350 1.905185
18.648876 0.024022 1.086746
18.477419 -0.043441 1.279544
18.743917 0.274458 1.873055
17.837276 -0.046323 1.429066
17.615864 0.307335 0.842959
19.167458 0.163782 0.924849
19.239378 0.095767 0.988157
17.600422 0.318712 1.891316
17.877665 0.128388 1.774844
18.779989 0.283775 0.852728
18.380207 0.077210 1.720377
19.118708 0.094759 0.989268
18.610001 -0.227270 3.320272
18.610001 -0.233585 -3.313279
18.610001 0.042078 -2.833707
18.610001 1.467607 0.166883
18.610001 0.050986 2.815698
18.610001 0.767933 -4.188117
18.610001 0.761122 4.209582
18.610001 0.567568 0.426716
18.610001 -0.730385 2.751148
18.610001 -0.750090 -2.751231
18.610001 -0.440798 -0.123493
18.610001 0.090987 -0.511539
18.610001 0.903624 2.215278
18.610001 0.070046 0.146985
18.610001 1.039056 0.573733
18.610001 1.468729 -0.172907
18.610001 0.367522 -2.047273
18.610001 -0.273620 -0.848347
18.610001 0.740711 -0.109029
18.610001 1.362762 -4.182649
18.610001 1.355685 4.120664
18.610001 -0.029330 -2.157908
18.610001 -0.191549 -2.325763
18.610001 0.036565 -0.279720
18.610001 1.000691 -0.173581
18.610001 0.919876 0.105081
18.610001 1.106953 2.582731
18.610001 -0.152139 -0.443784
18.610001 -0.194336 0.300249
18.610001 1.462699 -1.091652
18.610001 0.467308 -0.053175
18.610001 1.162728 -4.631652
18.610001 1.041100 4.698742
18.610001 0.990088 3.960803
18.610001 0.985861 -3.925294
18.610001 -0.571518 3.218907
18.610001 -0.580539 -3.203979
18.610001 -0.276244 2.318639
18.610001 1.180242 0.396405
18.610001 0.667082 0.667564
18.610001 1.323991 2.137967
18.610001 -0.067750 2.464168
18.610001 -0.315977 2.576015
18.610001 1.409559 -1.463145
18.610001 -0.463039 1.568645
18.610001 1.449448 -0.380152
18.610001 1.145332 0.015962
18.610001 0.921063 -4.512119
18.610001 -0.202368 0.031515
18.610001 0.036277 -2.392685
18.610001 -0.147855 -2.542247
18.610001 -0.327848 -2.485126
18.610001 -0.324126 -2.710628
18.610001 0.820241 0.508055
18.610001 1.304720 -2.389612
18.610001 1.150309 -4.352520
18.610001 0.659384 0.145084
18.610001 -0.875036 -2.942121
18.610001 1.308082 1.867402
18.610001 0.210797 -2.231414
18.610001 0.438832 -2.265199
18.610001 -0.468541 1.281847
18.610001 -0.652869 -2.966295
18.610001 0.542033 -2.000840
18.610001 -0.867061 2.943925
18.610001 -0.638817 2.976509
18.610001 -0.482413 2.791830
18.610001 1.428897 3.911112
18.610001 -0.088643 -0.690604
18.610001 -0.417785 -0.427185
18.610001 1.368186 -3.892231
18.610001 1.070489 2.010677
18.610001 1.328114 2.416971
18.610001 -0.588055 2.552416
18.610001 -0.208338 2.863791
18.610001 -0.412908 3.031099
18.610001 1.373787 -0.900523
18.610001 0.978561 0.343804
18.610001 -0.440362 0.155863
18.610001 0.000192 -3.045181
18.610001 1.321974 -2.769504
18.610001 -0.420131 -2.298185
18.610001 -0.474165 1.872928
18.610001 1.253861 -0.243084
18.610001 0.003578 3.041775
18.610001 0.881039 4.545042
18.610001 1.089061 4.462843
18.610001 1.411100 0.404229
18.610001 -0.431205 0.451500
18.610001 -0.180328 -2.897497
18.610001 0.210417 -0.091331
18.610001 1.330889 2.767249
18.610001 0.731304 -4.406438
18.610001 -0.483853 2.154832
18.610001 -0.474272 -0.724946
18.610001 0.065478 -2.621473
18.610001 1.206628 -1.052666
18.610001 -0.555579 -2.548808
18.610001 1.406433 -2.140603
18.610001 0.960241 -4.287051
18.610001 0.140029 -2.026393
18.610001 1.222831 -1.416581
18.610001 0.788409 -3.992866
18.610001 0.880053 0.730766
18.610001 0.803529 4.014346
18.610001 -0.042678 -3.250248
18.610001 -0.421208 -3.374794
18.610001 -0.416981 3.385021
18.610001 0.727591 4.406012
18.610001 -0.211455 -3.102564
18.610001 -0.408347 -2.981897
18.610001 -0.222693 1.713155
18.610001 -0.040685 3.250411
18.610001 1.065593 -2.590516
18.610001 -0.068534 -0.927701
18.610001 -0.204272 -0.213649
18.610001 -0.246234 1.396533
18.610001 1.330936 4.387357
18.610001 1.109455 4.184994
18.610001 0.302028 0.105978
18.610001 1.626631 1.572173
18.610001 0.838393 2.012679
18.610001 0.133625 2.590070
18.610001 0.141232 -0.738272
18.610001 1.455500 0.600561
18.610001 1.115745 1.764563
18.610001 -0.534651 -2.794720
18.610001 1.518006 -0.002130
18.610001 1.169354 -3.856505
18.610001 -0.371027 -3.195303
18.610001 1.249632 4.640732
18.610001 0.957296 2.433936
18.610001 1.453512 -0.589289
18.610001 0.915637 4.324727
18.610001 1.233074 3.902096
18.610001 -0.208855 3.120415
18.610001 0.491588 0.683621
18.610001 1.117252 2.297160
18.610001 0.858032 -2.509263
18.610001 1.354472 -0.004626
18.610001 1.273299 0.207522
18.610001 0.503718 -2.118302
18.610001 1.543815 -1.317943
18.610001 1.427740 -3.696863
18.610001 0.459753 0.192063
18.610001 0.789126 0.305748
18.610001 -0.483059 -2.083793
18.610001 1.347352 -4.415194
18.610001 -0.274956 -0.612007
18.610001 1.147706 -4.086456
18.610001 -0.092779 2.669701
18.610001 -0.779925 -3.116356
18.610001 -0.770247 3.119695
18.610001 -0.002676 -0.076858
18.610001 0.930030 -4.095956
18.610001 -0.114278 -2.724101
18.610001 1.300586 -0.478580
18.610001 1.581848 -1.524557
18.610001 0.913899 4.138727
18.610001 1.097219 0.204540
18.610001 0.545471 -2.396494
18.610001 -0.470826 2.380380
18.610001 1.435152 -3.004584
18.610001 1.405849 3.758973
18.610001 1.431825 2.984288
18.610001 1.316965 -1.240788
18.610001 1.465979 -0.757049
18.610001 -0.367507 3.215143
18.610001 1.175263 4.843126
18.610001 1.474208 0.740607
19.081324 0.310492 -3.108286
19.294401 0.553225 -2.821984
19.221378 0.280232 -3.353873
19.349566 0.317722 -3.437018
19.103062 0.386623 -2.901340
19.293724 0.446798 -3.061228
19.331133 0.363359 -3.312589
19.065302 0.241300 -3.310931
19.080229 0.435208 -2.715645
19.217686 0.328870 -3.223691
19.381441 0.483864 -3.195878
19.376831 0.703078 -2.779519
18.646662 0.443081 -4.479583
18.671585 -0.016582 -4.659420
18.467791 0.538562 -4.354503
18.450239 0.615077 -3.972661
17.638573 0.415497 -4.505711
18.848158 0.360347 -4.549357
18.476669 0.434179 -4.488374
17.654203 0.619712 -4.068727
18.312092 0.494007 -4.421265
18.313612 0.355091 -4.553003
18.092924 0.449490 -3.626976
18.471901 0.273285 -4.600255
18.151596 0.434384 -4.488176
18.150993 0.547978 -4.337542
19.263842 0.389071 -3.572082
18.476225 0.568453 -3.804581
19.015995 0.142028 -4.645541
18.150852 0.261329 -4.605818
18.283514 0.601106 -3.899357
18.645792 0.538494 -3.745378
17.983210 0.505312 -4.406042
17.994497 0.593973 -4.226283
18.844097 0.107428 -4.652169
17.847647 0.002607 -4.659955
19.272661 0.200444 -4.629509
17.784935 0.560287 -4.313220
18.287636 0.619318 -4.078841
18.081345 0.618904 -4.013454
18.511583 -0.168625 -4.633261
18.532396 -0.065430 -4.655318
18.740467 0.378865 -4.535838
18.758976 0.295252 -4.589195
18.891708 0.243857 -4.613392
18.666059 0.322139 -4.574089
18.677294 0.227520 -4.619899
18.908297 0.426340 -3.604174
17.827187 0.434156 -3.611604
18.324438 0.415891 -3.594640
17.681143 0.556074 -3.778148
17.874960 0.603355 -3.908473
17.619877 0.160447 -4.641156
17.821428 0.265665 -4.603837
18.137802 -0.001147 -4.659898
18.993803 0.333443 -4.567189
18.304352 0.581783 -4.262518
19.110756 0.262148 -4.605447
18.314135 0.178867 -4.636160
18.457720 0.115540 -4.650801
18.501404 0.473838 -3.653825
18.340675 0.016676 -4.659964
18.438627 -0.094231 -4.651029
18.774385 0.196487 -4.630795
18.695715 0.108660 -4.651968
18.821861 0.522782 -3.719614
18.589693 0.421876 -4.499954
18.703859 0.430878 -4.491545
19.095198 0.447755 -3.625181
18.697336 0.429991 -3.607612
18.571545 0.039186 -4.659301
18.097546 0.572728 -3.814548
18.580088 0.168534 -4.639039
18.453362 0.607693 -4.171912
18.662634 0.396043 -4.522304
18.158855 0.606257 -4.178756
19.004484 0.521341 -3.717388
17.571798 0.562849 -4.307794
17.853846 0.618003 -4.099315
18.756413 0.027897 -4.659738
17.616289 0.434415 -3.611854
17.995270 0.154985 -4.642519
17.602751 -0.062049 -4.655730
17.842854 0.435321 -4.487267
17.990759 0.355110 -4.552990
17.917738 0.538455 -3.745311
19.147776 0.139945 -4.645998
18.567179 0.352019 -4.555097
18.306349 0.535626 -3.740456
18.469969 0.004040 -4.659971
19.002167 0.248401 -4.611485
18.936949 0.033046 -4.659564
18.841381 -0.007841 -4.659739
18.589800 0.271109 -4.601291
18.597527 -0.041316 -4.657838
17.410000 0.269301 3.265380
17.410000 0.175643 -3.242261
17.410000 0.319236 2.130817
17.410000 1.158040 -2.852089
17.410000 0.319246 -2.130817
17.410000 1.095751 2.801084
17.410000 -1.226635 -4.045812
17.410000 -1.231391 4.036757
17.410000 -0.367823 2.609218
17.410000 -0.350903 -2.614684
17.410000 0.566005 -2.203365
17.410000 0.379594 -2.383161
17.410000 0.568420 2.217446
17.410000 0.375091 2.403003
17.410000 1.133324 3.361826
17.410000 1.137280 -3.362424
17.410000 -0.004199 3.198494
17.410000 0.447810 -3.286487
17.410000 -0.187572 -3.253444
17.410000 -0.235710 3.228577
17.410000 0.343105 -3.047383
17.410000 0.514587 3.321263
17.410000 0.468933 3.083560
17.410000 0.635830 -2.448012
17.410000 0.652545 2.503544
17.410000 -0.993464 -3.547801
17.410000 -0.978061 3.545056
17.410000 0.624707 -3.117177
17.410000 -0.485007 -3.397629
17.410000 -0.812212 3.998472
17.410000 -0.837743 4.203632
17.410000 -0.202802 -2.376397
17.410000 -0.036438 -2.646120
17.410000 -0.202287 2.378213
17.410000 -0.085797 2.621920
17.410000 0.866975 4.166949
17.410000 0.872128 3.845668
17.410000 1.094901 -3.918723
17.410000 -0.166714 -4.883438
17.410000 0.731756 4.484473
17.410000 0.202074 -4.878656
17.410000 -0.498692 -4.747727
17.410000 0.471777 4.745868
17.410000 -0.850998 -4.054559
17.410000 -0.824618 -4.296051
17.410000 0.535947 -4.725880
17.410000 -0.550974 4.654768
17.410000 0.122794 4.874362
17.410000 0.822131 -2.269743
17.410000 0.824130 2.278790
17.410000 0.778574 -4.461043
17.410000 -0.251152 4.839373
17.410000 0.725909 -3.647458
17.410000 0.699374 3.154459
17.410000 -0.470922 -3.140117
17.410000 -0.017854 0.807249
17.410000 -0.017854 -0.807249
17.410000 -0.044495 -1.874851
17.410000 -0.043510 1.875100
17.410000 0.648264 2.923034
17.410000 0.433432 2.839894
17.410000 -0.296098 -0.404946
17.410000 -0.296154 0.404957
17.410000 1.160600 -2.003385
17.410000 1.164302 2.004426
17.410000 -0.002959 -3.003282
17.410000 -0.689856 3.088556
17.410000 0.781341 3.591405
17.410000 -0.975628 4.602581
17.410000 0.446334 -2.626454
17.410000 0.704527 -2.693054
17.410000 0.950053 2.537936
17.410000 -0.874985 -3.787413
17.410000 1.030798 4.392029
17.410000 -0.992263 -4.215510
17.410000 1.215153 -0.886773
17.410000 1.215156 0.886775
17.410000 0.920892 -4.169338
17.410000 0.018818 -5.119038
17.410000 0.718241 -3.352824
17.410000 0.906544 -3.187267
17.410000 -0.435076 -5.027016
17.410000 0.782817 4.780865
17.410000 0.469463 -5.023499
17.410000 -1.016857 -3.907559
17.410000 0.396690 5.039459
17.410000 0.839148 -4.758595
17.410000 -0.564005 4.943850
17.410000 -0.087620 5.070422
17.410000 -0.265225 2.857428
17.410000 -0.803762 -4.793735
17.410000 -0.701851 3.584666
17.410000 -0.582184 3.340665
17.410000 -0.994279 4.100900
17.410000 -1.012527 3.927439
17.410000 0.095720 -2.327509
17.410000 0.099793 2.335526
17.410000 -0.153145 0.000000
17.410000 1.044533 -4.380108
17.410000 1.085622 3.623867
17.410000 -0.015339 2.903451
17.410000 0.223045 -2.801691
17.410000 1.261924 -1.137091
17.410000 1.261931 1.137091
17.410000 1.080756 4.022048
17.410000 0.895010 -2.510750
17.410000 -0.538035 2.841808
17.410000 -1.033931 4.344335
17.410000 1.280553 1.535812
17.410000 1.280536 -1.535820
17.410000 1.095290 -2.289693
17.410000 1.118214 2.295537
17.410000 -0.701235 -3.251264
17.410000 1.137511 -3.636524
17.410000 1.127111 3.102290
17.410000 -0.496228 -2.870243
17.410000 -0.231706 -2.836334
17.410000 -0.839905 3.324536
17.410000 -1.034057 -4.402742
17.410000 1.188215 -0.595827
17.410000 1.188215 0.595827
17.410000 0.203891 2.669779
17.410000 -0.227415 1.053858
17.410000 -0.227415 -1.053858
17.410000 -0.234090 -1.627534
17.410000 -0.234089 1.627533
17.410000 -0.785443 4.782893
17.410000 -0.717007 -3.555617
17.410000 0.175550 -0.632964
17.410000 0.175549 0.632964
17.410000 1.148533 -3.108893
17.410000 0.884477 2.993301
17.410000 -0.716202 -4.522774
17.410000 -0.224226 -5.151008
17.410000 -0.753623 4.443485
17.410000 0.850581 -3.908017
17.410000 0.971182 4.625995
17.410000 0.257717 -5.142229
17.410000 1.150147 -4.169755
17.410000 0.927058 -3.505250
17.410000 0.637717 4.968873
17.410000 0.688871 -4.938414
17.410000 0.156530 5.144642
17.410000 1.145615 -2.585540
17.410000 1.176803 2.555358
17.410000 1.017734 -0.797642
17.410000 1.017734 0.797642
17.410000 0.214429 -2.562805
17.410000 0.235355 3.016661
17.410000 -0.334962 5.101527
17.410000 -0.106740 -2.126671
17.410000 -0.104647 2.127630
17.410000 -1.103963 -3.744077
17.410000 1.214406 -1.747247
17.410000 1.214441 1.747191
17.410000 -0.659106 -4.968017
17.410000 -0.269706 0.713811
17.410000 -0.269706 -0.713811
17.410000 0.929113 3.239741
17.410000 -0.299378 -1.340630
17.410000 -0.299378 1.340629
17.410000 0.923676 -2.053972
17.410000 0.926024 2.054761
17.410000 -0.283915 -1.933332
17.410000 -0.282588 1.934394
17.410000 -0.153718 -0.228082
17.410000 -0.153718 0.228082
17.410000 -0.864071 3.767321
17.410000 -0.899879 -3.348690
17.410000 -1.099181 3.745222
17.410000 0.520576 -2.870004
17.410000 0.805973 2.741304
17.410000 0.781741 -2.934265
17.410000 -1.171534 4.148383
17.410000 -1.186230 3.925020
17.410000 -0.047990 0.470667
17.410000 -0.047982 -0.470665
17.410000 0.597394 2.725684
17.410000 1.148736 4.215966
17.410000 1.007134 1.862379
17.410000 1.007031 -1.862420
17.410000 1.361426 -1.332094
17.410000 1.361446 1.332095
17.410000 1.013185 -4.598910
17.410000 -0.407802 3.112148
17.410000 -0.975109 -4.648289
17.410000 -0.303066 -2.176597
17.410000 -0.298967 2.177749
17.410000 -0.678061 -3.018155
17.410000 1.155941 3.831659
17.410000 0.939049 -2.760015
17.410000 0.743753 3.378597
17.410000 -1.196664 -4.207045
17.410000 0.552909 -3.472350
17.410000 0.934631 3.439087
17.410000 -1.078616 -4.060585
17.410000 -1.180222 -3.928500
17.410000 0.947192 -3.723194
17.410000 0.102748 -2.066593
17.410000 0.105237 2.066071
17.410000 -0.176061 3.056422
17.410000 0.446755 2.620645
17.410000 0.729228 -2.063457
17.410000 0.729522 2.063519
17.410000 0.582498 3.518793
17.410000 -0.325510 0.132049
17.410000 -0.325184 -0.131981
17.410000 0.995040 -2.978075
17.410000 1.281917 -0.382143
17.410000 1.281917 0.382143
17.410000 -1.119192 4.027700
17.410000 -0.367611 3.371457
17.410000 0.338559 -0.725172
17.410000 0.338559 0.725172
17.410000 -0.270523 -3.047250
18.760353 -0.215576 -5.245866
18.760000 -0.170455 -5.006240
18.760126 -0.253480 -5.446415
18.760000 -0.132758 -4.806484
18.610001 -0.396041 -4.896603
18.610001 -0.849449 -4.563527
18.610001 -0.906878 -5.004857
18.610001 -0.429322 -4.665548
18.610001 -1.073260 -4.731701
18.610001 -0.518939 -5.344230
18.610001 -0.700895 -5.199562
18.610001 -0.641471 -4.967854
18.610001 -0.640349 -4.545277
18.610001 -0.799762 -4.777704
18.610001 -0.259768 -4.719356
18.610001 -0.447211 -5.152014
18.610001 -0.588602 -4.771094
17.515856 1.536456 -2.094012
17.184937 0.040177 0.014572
16.123526 0.100528 0.262622
16.128126 0.100266 -0.262082
16.657093 0.385408 0.543307
16.666990 0.409390 -0.553912
17.179241 0.265907 0.469100
17.185974 0.272753 -0.474478
16.349348 0.379105 0.540309
16.527304 0.184806 0.390894
16.780624 0.183278 0.389108
16.657206 0.067504 0.179579
16.937740 0.062401 0.162417
16.771664 0.042326 -0.052782
16.553505 0.040607 -0.026977
16.611965 0.100240 -0.262030
16.887909 0.102463 -0.266559
16.364382 0.388704 -0.544840
17.179811 0.099419 0.260331
16.965183 0.377053 0.539313
16.965305 0.398088 -0.549071
16.126240 0.040066 0.008874
16.135122 0.261157 -0.465272
17.146862 0.101870 -0.265361
16.375753 0.062196 0.161685
16.357065 0.166255 -0.368193
16.116713 0.259952 0.464288
16.782402 0.226957 -0.435196
16.332899 0.055103 -0.133774
17.010616 0.170677 0.373812
16.984518 0.046167 -0.085806
16.301985 0.170502 0.373593
17.214384 0.449610 0.568992
17.213686 0.456074 -0.571114
16.102453 0.449700 0.569022
16.107002 0.451399 -0.569587
16.571342 0.227704 -0.435904
16.991570 0.208708 -0.417117
19.410000 -0.108011 0.683999
19.410000 0.060153 0.869302
19.117453 1.454610 0.906511
18.961069 1.558944 1.412074
19.161587 1.559475 1.331814
18.975544 1.546026 1.194265
18.796143 1.396432 0.802205
18.687487 1.336137 0.716928
18.815870 1.496341 1.004957
18.802809 1.553055 1.485570
18.960005 1.430320 0.859518
19.197639 1.520269 1.078894
18.772966 1.557152 1.287720
19.004190 1.499403 1.013457
18.637764 0.952041 1.021199
17.646097 1.054228 1.233031
18.668591 1.067908 1.413360
18.523506 1.066874 1.424090
18.051851 0.761704 1.865245
18.581211 1.064856 1.289272
18.435545 1.067845 1.315918
18.383160 1.064851 1.440763
18.286352 1.069065 1.332655
18.349226 1.044389 1.197582
18.805744 1.004256 1.101730
18.188463 1.046896 1.205805
18.121716 1.069981 1.360443
18.564642 0.968620 1.043647
18.488415 0.920474 0.984065
18.630825 0.991589 1.079218
18.549849 1.012499 1.117826
18.259306 0.985754 1.069605
18.083937 0.988286 1.073722
18.720871 1.064886 1.289495
17.663811 0.908692 1.758249
19.047701 1.063780 1.281769
18.152464 0.877662 0.942597
17.939081 0.891944 0.955465
18.410698 0.806059 1.840341
18.706602 0.973597 1.050870
18.697794 1.016281 1.125668
18.423189 0.978692 1.671476
19.302975 1.063898 1.282557
18.814695 1.069095 1.396821
18.859009 1.058695 1.253047
17.664558 0.908284 0.971338
18.989857 1.022750 1.139861
18.486814 1.045009 1.199576
18.231344 0.889040 1.777224
18.228027 1.003627 1.629447
18.055677 0.950769 1.710431
17.645227 1.052217 1.505002
17.895943 1.069949 1.372588
18.437361 0.991946 1.079819
17.810606 0.731059 1.879522
17.874754 1.026393 1.148349
18.659790 1.046071 1.203051
17.866842 1.019005 1.598481
18.342516 0.893141 0.956585
17.834620 0.707208 0.840873
18.462151 1.044651 1.531577
18.026186 1.051239 1.221263
18.254263 0.720157 0.845930
18.040154 0.739322 0.854107
18.057858 1.041350 1.541826
18.239464 1.059231 1.474294
18.751373 1.044560 1.198130
18.475229 0.803880 0.888309
17.881609 0.890436 1.775936
19.178885 1.063256 1.278352
19.125544 1.040759 1.186410
19.242579 1.044031 1.196445
17.609808 0.712213 1.887216
18.354168 0.619618 1.914167
18.965645 1.069669 1.384257
18.446922 0.656658 0.824545
18.623178 1.022497 1.139287
18.347498 1.035949 1.557295
17.582495 0.670614 0.828527
18.252577 0.747278 1.872247
18.577234 1.039770 1.183495
19.295599 0.511900 2.287466
19.333580 0.491085 2.001274
19.204132 0.548873 2.031549
19.152344 0.580117 2.211290
19.291384 0.514003 2.138321
19.058207 0.594584 2.075321
19.019781 0.629756 2.275884
18.059999 -1.414017 3.430956
18.059999 -1.517500 3.773854
17.836037 -1.476030 3.599306
18.283522 -1.476030 3.599306
17.813244 -1.526166 3.829436
17.813244 -1.390488 3.379860
18.303726 -1.525858 3.827195
18.303726 -1.391471 3.381898
17.519430 -0.741188 2.416278
19.125320 -0.955940 3.370251
19.299990 -0.847114 3.561507
19.287815 -1.165848 3.365718
19.106991 -0.768868 3.493506
19.275692 -0.688936 3.635300
19.081249 -0.623963 3.587906
19.082520 -1.123279 3.224739
19.335236 -1.027052 3.499532
19.117682 1.058755 -0.469808
18.957109 0.555857 -0.316002
19.167433 0.649738 -0.324340
18.975939 0.777756 -0.349714
18.797764 0.472548 -0.315668
18.808416 1.142037 -0.526532
18.686546 0.366615 -0.324836
18.804079 0.965594 -0.418990
18.957153 1.096846 -0.494304
19.199402 0.895236 -0.388223
18.776115 0.677628 -0.328467
19.006111 0.956861 -0.414834
19.250246 0.945379 -0.800974
19.215397 1.065180 -0.674508
19.073256 1.013979 -0.811074
19.017935 1.146606 -0.689962
19.250246 0.780406 -2.024212
19.215397 0.829935 -2.191224
19.072556 0.736989 -2.078081
19.015020 0.774794 -2.253429
19.250246 1.114927 0.988513
19.215397 1.252794 0.882028
19.073256 1.111773 0.919244
19.017935 1.245602 0.799461
18.759647 0.282523 -2.863951
18.760000 0.227994 -3.101613
18.759874 0.328300 -2.665051
18.760000 0.182456 -3.299728
17.517109 -0.739123 -2.415334
19.125771 -0.957157 -3.372692
19.300392 -0.844856 -3.565522
19.288122 -1.167782 -3.368251
19.107252 -0.775694 -3.491240
19.283510 -0.680887 -3.647053
19.082987 -0.625474 -3.589448
19.082653 -1.125104 -3.227141
19.334938 -1.029035 -3.500899
18.759647 -1.153509 -4.406690
18.760000 -0.920404 -4.335147
18.759874 -1.348667 -4.466442
18.760000 -0.726045 -4.275580
19.125320 -1.148106 -4.282143
19.299990 -0.971354 -4.151067
19.287815 -1.341992 -4.201582
19.106991 -0.927204 -4.244861
19.275692 -0.796848 -4.147381
19.081249 -0.756526 -4.216965
19.082520 -1.359935 -4.347751
19.335236 -1.160999 -4.135159
19.410000 -0.711826 -3.898680
19.410000 -1.173341 -3.803685
19.410000 -0.951201 -3.848499
19.410000 -1.366441 -3.776191
18.793097 -0.733025 -3.420109
18.793318 -0.569654 -3.558655
18.793318 -0.917491 -3.263810
18.793318 -1.078789 -3.127085
19.297771 0.513078 -0.443922
19.341965 0.536960 -0.718362
19.227226 0.482092 -0.703454
19.275545 0.500248 -0.588381
19.157816 0.443307 -0.494881
19.097780 0.437061 -0.643908
19.040867 0.402145 -0.473621
19.410000 0.794299 -0.490429
19.410000 0.716940 -0.728404
19.410000 1.124871 -2.048837
19.410000 0.957562 -1.862762
19.229691 1.258044 -1.757649
19.071878 1.316762 -1.719537
19.080881 1.176408 -1.660371
19.318329 1.102477 -1.723356
19.250246 -0.196124 -1.269768
19.215397 -0.365536 -1.229203
19.073256 -0.221660 -1.205301
19.017935 -0.392844 -1.150951
19.410000 -0.389603 -1.555825
19.410000 -0.144817 -1.503901
19.410000 1.408716 1.170038
19.410000 1.164171 1.223088
17.467958 -1.325830 3.383056
17.467958 -1.470534 3.862543
17.465351 -1.416366 3.617311
19.229691 1.346394 1.484111
19.071878 1.371725 1.549369
19.080881 1.223279 1.515256
19.318329 1.200160 1.420924
19.242052 0.699641 3.682228
19.102547 1.132443 3.542578
19.323009 0.836293 3.546273
19.137033 0.843626 3.659371
19.325987 1.038966 3.418988
19.238836 1.249563 3.391956
19.088364 0.708492 3.738629
19.366821 1.183120 3.258596
19.368925 0.617036 3.638044
19.068264 1.307480 3.482600
19.193914 0.969920 3.569656
19.070875 0.983734 3.623134
18.760353 0.286193 2.864801
18.760000 0.230778 3.102257
18.760126 0.332443 2.666010
18.760000 0.184658 3.300238
19.231659 1.141357 2.947080
19.181036 0.857537 2.716553
18.949270 1.408312 3.314389
18.948084 0.620032 2.592515
18.821854 1.147515 2.953433
18.796848 1.441937 3.382201
18.805283 0.944363 2.775887
18.679502 1.487312 3.489689
18.800764 0.542842 2.562560
19.042501 1.021491 2.836210
19.041126 1.209926 3.022100
18.831327 1.325090 3.174249
19.093351 1.339127 3.195704
19.241301 1.001379 2.819728
18.971748 0.816450 2.691310
18.776686 0.718145 2.637580
19.223438 1.254107 3.076041
19.116432 0.704162 2.630656
18.446104 0.533098 4.363797
17.661648 0.063191 4.657677
18.464262 0.413567 4.507421
18.274164 0.479585 4.439345
18.291714 0.309594 4.581360
18.803381 0.035394 4.659471
18.087305 0.405491 4.514421
18.206173 -0.334209 4.553607
18.641447 0.362869 4.547578
18.067122 0.541680 4.349025
18.086393 0.237670 4.615921
18.230846 0.153731 4.642825
17.644646 0.617460 4.105611
17.839701 0.458219 4.463763
18.451048 0.615214 3.973736
18.992229 0.274141 4.599845
18.498693 0.270438 4.601609
18.082172 0.057213 4.658170
18.665119 0.233123 4.617729
18.543175 0.119126 4.650160
18.117899 0.599872 3.894595
19.272661 0.198742 4.630066
18.424957 -0.239915 4.606455
18.442583 -0.044344 4.657575
18.971729 0.088449 4.654934
17.851782 0.592766 4.230231
18.797407 0.329003 4.569940
17.892920 0.150585 4.643579
17.881208 -0.063561 4.655549
17.718317 0.277233 4.598349
17.660887 -0.179035 4.629971
18.445498 0.608504 4.167867
18.665871 0.004994 4.659979
17.882118 -0.318182 4.564195
17.626280 0.542007 4.348444
17.848270 0.609490 3.937255
18.699867 0.558409 3.782891
18.618530 0.569848 3.807781
18.275568 -0.154024 4.637534
19.115118 0.157704 4.641848
18.820063 0.182144 4.635206
17.926678 0.313204 4.579309
18.275972 0.619995 4.047490
18.073212 0.615735 4.122005
18.268299 0.584209 4.255873
18.473202 0.580056 3.832891
18.431129 -0.391040 4.509638
18.387583 0.144042 4.645091
17.610222 0.600038 3.895225
17.615631 -0.366443 4.529991
18.096664 -0.140176 4.641225
17.596987 0.412708 4.508177
18.253546 0.001924 4.659946
19.140837 0.261082 4.605929
18.561596 -0.016451 4.659426
18.300747 0.591145 3.864606
18.695786 0.116911 4.650558
19.125320 -0.096037 5.226374
19.299990 0.015236 5.036531
19.287815 0.004941 5.410454
19.106991 -0.082768 5.002741
19.275692 0.000102 4.862644
19.081249 -0.073420 4.830052
19.082520 -0.138444 5.444038
19.335236 0.051481 5.223359
19.125771 -1.148234 4.279418
19.300392 -0.967667 4.148305
19.288122 -1.342740 4.198484
19.107252 -0.934363 4.244180
19.283510 -0.784741 4.139876
19.082987 -0.757286 4.214944
19.082653 -1.360636 4.344817
19.334938 -1.162262 4.133108
19.199394 -1.554245 3.827429
19.106997 -1.412649 3.362636
18.952950 -1.556777 4.253988
18.766882 -1.553776 3.824159
18.774870 -1.302233 3.169975
18.688723 -1.531284 4.397624
18.604239 -1.507986 4.488315
18.770237 -1.489220 3.551261
18.981897 -1.534190 3.715518
18.989494 -1.567147 3.955093
19.191692 -1.504663 3.600336
18.717402 -1.559173 4.234652
18.661720 -1.233986 3.075886
18.698015 -1.397572 3.332266
18.963692 -1.327921 3.209543
18.812279 -1.536499 4.373636
19.175117 -1.569810 4.074522
18.975145 -1.476810 3.515402
19.259583 -1.449915 3.445807
18.818895 -1.569996 4.046216
18.892014 -1.408082 3.353262
19.229691 -0.203940 -1.816699
19.071878 -0.200275 -1.886605
19.080881 -0.078883 -1.794604
19.318329 -0.096491 -1.699090
19.115889 -0.539651 -1.337914
18.961071 -0.427335 -1.838184
19.160387 -0.460037 -1.766906
18.970827 -0.503585 -1.639125
18.808329 -0.532075 -1.236234
18.802811 -0.391817 -1.902797
18.804026 -0.537085 -1.443187
18.956814 -0.537321 -1.290044
19.195061 -0.527849 -1.524281
18.772976 -0.476709 -1.724034
19.001837 -0.536237 -1.453813
17.669830 -0.028455 -1.518837
18.423248 0.042671 -1.056449
18.668510 -0.048628 -1.325818
18.515255 -0.045811 -1.296634
18.157415 0.263539 -1.867849
18.813776 0.003065 -1.602943
18.066353 0.267232 -0.860358
18.567879 -0.043131 -1.452443
18.399454 -0.047658 -1.416159
17.674644 0.112190 -0.970859
18.994986 -0.049276 -1.393470
18.412945 0.222654 -0.884342
18.459633 -0.007638 -1.578661
18.292416 -0.013261 -1.564493
18.217133 -0.049807 -1.379683
18.108763 -0.017348 -1.553427
18.020767 -0.049456 -1.340325
18.367989 0.066158 -1.706473
18.138529 -0.021168 -1.187630
17.906557 -0.001699 -1.137482
19.305403 -0.028998 -1.516926
18.729063 -0.039489 -1.472992
18.255663 0.139663 -0.944940
17.855261 0.248993 -1.860455
17.631521 0.116085 -1.763034
17.653728 -0.030603 -1.218890
18.633783 0.009810 -1.616813
18.011274 0.094616 -1.740575
18.822876 -0.049767 -1.348835
17.819298 0.292900 -0.848795
18.988384 -0.014178 -1.562072
18.461334 0.161680 -1.803490
18.343952 -0.031251 -1.221308
17.907637 -0.023744 -1.534461
18.869738 -0.037884 -1.480860
17.902691 0.131828 -0.951980
18.205954 0.076207 -1.719152
18.470472 -0.016313 -1.173703
19.168880 -0.042646 -1.455457
18.088627 0.074505 -1.012943
17.838957 -0.049502 -1.341394
17.621679 0.300968 -1.884524
19.296734 -0.045271 -1.437624
17.605377 0.314654 -0.840176
18.254827 0.030743 -1.075324
18.409426 0.312829 -1.889141
18.351650 0.399631 -0.815984
17.822039 0.054703 -1.691043
18.312979 0.177809 -1.815832
18.496424 0.056816 -1.693974
18.668369 0.447524 -0.808496
18.254984 0.296161 -0.847436
17.516020 1.536543 2.093855
17.470823 1.553631 0.603305
17.473787 1.556445 0.763033
17.472561 1.555294 0.439512
17.427458 -1.415612 -4.181945
17.467653 0.010462 -5.538453
17.468430 -1.325920 -3.382182
17.468397 -1.470864 -3.861588
17.466522 -1.417438 -3.616655
17.184937 1.239823 -0.014572
16.123526 1.179472 -0.262622
16.128126 1.179734 0.262082
16.657093 0.894592 -0.543307
16.666990 0.870610 0.553912
17.179239 1.014094 -0.469099
17.185974 1.007247 0.474478
16.349348 0.900895 -0.540309
16.527304 1.095194 -0.390894
16.780624 1.096722 -0.389108
16.657206 1.212496 -0.179578
16.937740 1.217599 -0.162416
16.771664 1.237674 0.052783
16.553505 1.239393 0.026978
16.611965 1.179759 0.262030
16.887909 1.177537 0.266560
16.364382 0.891296 0.544840
17.179811 1.180581 -0.260331
16.965183 0.902947 -0.539313
16.965305 0.881912 0.549071
16.126240 1.239934 -0.008874
16.135122 1.018843 0.465272
17.146862 1.178130 0.265361
16.375753 1.217804 -0.161685
16.357065 1.113745 0.368193
16.116713 1.020048 -0.464288
16.782402 1.053042 0.435197
16.332899 1.224897 0.133774
17.010614 1.109324 -0.373811
16.984518 1.233833 0.085806
16.301985 1.109498 -0.373593
17.214384 0.830390 -0.568992
17.213686 0.823926 0.571114
16.102453 0.830300 -0.569022
16.107002 0.828601 0.569587
16.571342 1.052295 0.435904
16.991570 1.071292 0.417118
15.910000 0.541017 0.317905
15.910000 0.711516 -0.372916
15.910000 0.321015 -0.153486
15.910000 0.955662 0.120113
15.910000 0.321022 0.153466
15.910000 0.980929 -0.147935
15.910000 0.538246 -0.424954
15.910000 0.537077 -0.232851
15.910000 0.754549 -0.119401
15.910000 0.532423 0.018559
15.910000 0.719861 0.145721
15.910000 0.811074 0.349787
15.910000 0.898742 -0.319772
15.910000 0.353048 0.346578
15.910000 1.094929 -0.002870
15.910000 0.187813 -0.000004
15.910000 0.364713 -0.344908
17.468483 1.551326 -0.603460
17.472214 1.554965 -0.759552
17.472521 1.555256 -0.439392
17.458004 1.576552 0.120241
17.463146 1.585403 -0.093038
17.529427 1.617994 0.195778
17.528961 1.617209 -0.198666
18.610001 -0.522379 4.558348
18.610001 -0.895755 5.003938
18.610001 -0.415815 4.943861
18.610001 -0.870759 4.556161
18.610001 -0.591505 4.387520
18.610001 -1.066852 4.729031
18.610001 -0.519493 5.345398
18.610001 -0.700010 5.202175
18.610001 -0.644403 4.969493
18.610001 -0.410391 4.745564
18.610001 -0.801754 4.756505
18.610001 -0.600227 4.754144
18.610001 -0.446443 5.156415
18.610001 -0.690536 4.540599
18.759647 -0.219277 5.245162
18.759708 -0.173550 5.006868
18.759874 -0.257658 5.445621
18.759895 -0.135077 4.806477
19.410000 0.238197 4.751325
19.410000 0.385622 5.198858
19.410000 0.313873 4.983901
19.410000 0.457929 5.380008
19.125771 0.787552 4.938567
19.300392 0.583747 4.847692
19.288122 0.814657 5.147488
19.107252 0.650147 4.770930
19.283510 0.485027 4.693460
19.082987 0.536327 4.632164
19.082653 0.950348 5.089858
19.334938 0.667834 5.023838
18.791201 1.156662 3.643183
18.791479 1.354195 3.573005
18.791254 0.928030 3.724285
18.791479 0.726986 3.795574
19.410000 0.503419 3.501850
19.410000 0.819932 3.152795
19.410000 0.667048 3.320070
19.410000 0.959593 3.016640
19.125771 0.391056 2.932442
19.300392 0.414196 3.154387
19.288122 0.558470 2.804555
19.107252 0.314524 3.135236
19.283510 0.329943 3.316973
19.082987 0.251212 3.303172
19.082653 0.440739 2.715826
19.334938 0.524744 2.993523
18.793539 -0.924055 4.326387
18.793318 -0.718640 4.265644
18.793047 -1.156631 4.395347
18.793318 -1.358636 4.455054
19.410000 -0.711506 3.897162
19.410000 -1.172820 3.801197
19.410000 -0.950775 3.846478
19.410000 -1.365862 3.773296
18.027855 -1.143311 2.982633
17.806263 -0.914057 2.637404
18.260284 -0.796473 2.460335
18.392323 -1.190088 3.053074
18.371941 -1.090412 2.902973
17.811323 -1.059017 2.855696
18.011961 -0.983676 2.742241
18.003258 -0.821146 2.497490
18.420977 -0.881125 2.587812
18.241993 -1.151856 2.995501
18.207846 -1.045895 2.835936
18.497000 -1.053263 2.847031
18.215218 -0.918630 2.644289
17.801861 -1.183588 3.043285
18.452251 -0.777935 2.432420
17.788311 -0.792158 2.453837
18.378107 -0.987484 2.747976
17.860970 -0.690000 -1.578917
17.860210 -0.690000 -1.005940
17.860081 -0.690000 -0.431277
17.860125 -0.690000 0.143517
17.860313 -0.690000 0.718186
17.861460 -0.690000 1.293272
18.354803 -0.690000 -1.881499
18.351755 -0.690000 1.885765
18.361017 -0.690000 -1.293750
18.360126 -0.690000 -0.718700
18.360079 -0.690000 -0.143849
18.360147 -0.690000 0.430950
18.360748 -0.690000 1.005622
17.994022 -0.690000 2.107075
17.994064 -0.690000 -2.105307
18.362482 -0.690000 -1.584036
18.109360 -0.690000 -1.710454
18.362387 -0.690000 1.583930
18.111208 -0.690000 1.711556
18.113567 -0.690000 1.435993
17.862633 -0.690000 1.581299
18.111517 -0.690000 1.149081
17.860661 -0.690000 1.005796
18.110678 -0.690000 0.861738
18.110285 -0.690000 0.574282
18.360077 -0.690000 -0.431276
18.110126 -0.690000 -0.287611
18.110159 -0.690000 -0.000249
17.860107 -0.690000 -0.143878
18.110125 -0.690000 -0.574976
18.110229 -0.690000 -0.862287
17.860107 -0.690000 -0.718663
18.110497 -0.690000 -1.149298
18.360096 -0.690000 0.143561
18.110790 -0.690000 -1.434879
18.360312 -0.690000 -1.006089
18.360312 -0.690000 0.718346
17.860416 -0.690000 -1.292797
18.361988 -0.690000 1.292068
18.110188 -0.690000 0.287012
17.860188 -0.690000 0.430819
17.869135 -0.690000 -1.884195
18.227222 -0.690000 -2.106127
18.226429 -0.690000 2.107700
17.869602 -0.690000 1.885268
17.788639 -0.690000 -2.120400
18.432405 -0.690000 -2.120025
18.431637 -0.690000 2.121193
17.788725 -0.690000 2.120969
18.110912 -0.690000 -1.936785
18.110624 -0.690000 1.938478
18.028625 -1.142515 -2.981434
17.806116 -0.913752 -2.636944
18.259409 -0.796477 -2.460342
18.392517 -1.189888 -3.052772
18.372080 -1.090089 -2.902487
17.811455 -1.058629 -2.855113
18.012510 -0.982667 -2.740721
18.002436 -0.820203 -2.496071
18.420219 -0.881263 -2.588020
18.243027 -1.150975 -2.994174
18.211912 -1.042806 -2.831285
18.496908 -1.053168 -2.846888
18.214521 -0.918095 -2.643484
17.801476 -1.183375 -3.042964
18.449276 -0.779302 -2.434479
17.788311 -0.792158 -2.453837
18.378111 -0.987481 -2.747972
19.117456 1.007945 -2.289419
18.961061 1.388296 -1.940410
19.161585 1.341778 -2.005816
18.975534 1.250405 -2.109514
18.796144 0.899754 -2.339983
18.687489 0.800962 -2.373881
18.815882 1.099404 -2.233966
18.802801 1.426511 -1.877355
18.960011 0.960761 -2.313322
19.197639 1.162032 -2.188015
18.772934 1.314111 -2.040207
19.004202 1.106837 -2.228878
18.657375 0.662449 -1.903850
18.409399 1.003439 -1.100203
18.660492 0.990848 -1.652029
17.665167 1.051913 -1.506175
18.499493 1.008223 -1.620683
18.558254 0.924621 -1.741417
18.840139 0.758162 -1.867012
18.394548 0.932226 -1.732866
18.324846 1.024504 -1.586101
18.475630 0.829650 -1.824809
19.333260 0.626708 -0.817296
18.106756 0.719934 -0.845839
18.215132 0.937582 -1.726627
18.126978 1.037929 -1.551792
18.012381 0.949152 -1.712485
19.053200 0.908945 -1.757992
18.415987 0.883814 -0.948031
18.708946 0.910131 -1.756784
18.613029 0.832781 -1.822616
17.635571 0.908366 -0.971421
18.668638 0.827480 -0.903691
18.265522 0.947003 -1.014816
18.565771 0.590661 -1.919160
18.559677 0.747877 -1.871966
19.302975 0.911021 -1.755874
18.255175 1.069243 -1.394101
18.042641 1.069563 -1.342879
18.813646 0.980327 -1.668961
18.873655 0.884794 -1.781088
18.999432 0.792912 -1.848281
18.653038 0.753463 -1.869307
18.731546 0.812086 -1.836534
18.863020 0.669276 -0.828129
19.313370 0.722201 -0.846762
19.197659 0.673102 -0.829278
17.843107 0.781923 -1.854549
18.707781 0.669842 -1.901703
17.644138 1.048939 -1.212864
17.900980 1.007026 -1.106997
17.618792 0.909927 -1.756993
18.440491 0.708633 -1.888589
17.847916 0.768296 -0.868127
18.105421 0.763994 -1.864086
18.318892 0.711781 -0.842617
17.912624 1.050453 -1.511664
18.295929 0.806861 -1.839840
18.515547 0.708473 -0.841351
18.443548 1.064380 -1.444135
18.613529 0.653968 -1.906178
18.617783 0.696991 -1.892858
18.554127 0.659750 -1.904606
18.468079 0.594958 -1.918518
19.009933 0.778336 -0.873476
18.823685 0.806559 -0.889971
17.836567 1.068600 -1.325433
18.088554 0.906879 -0.969922
18.193428 1.034432 -1.168604
18.722511 0.710862 -0.842263
18.399029 1.061943 -1.270347
18.732347 0.725818 -1.881742
19.181259 0.907209 -1.759747
19.126623 0.835587 -1.820624
19.242952 0.844503 -1.814119
17.622032 0.719395 -1.884378
17.603292 0.711138 -0.842369
18.968431 0.974189 -1.678255
18.548281 0.851057 -0.920838
17.804310 0.988459 -1.655994
18.672979 0.702205 -1.890982
18.242727 0.846076 -0.917057
18.654497 -0.468796 -3.672040
18.460426 -0.350297 -3.557774
18.456854 -0.461742 -3.663270
18.314135 -0.408383 -3.606090
18.329050 -0.510315 -3.731609
18.664621 -0.595768 -4.121727
18.162836 -0.466195 -3.668767
18.185968 -0.557844 -3.827171
18.857306 -0.524251 -3.755591
18.311241 -0.287867 -3.517670
18.509310 -0.592746 -4.143795
18.574738 -0.598523 -4.007576
17.994747 -0.521814 -3.751213
18.019218 -0.587597 -3.927615
17.980173 -0.400051 -3.598383
18.143833 -0.423434 -4.479226
18.720480 -0.597366 -3.993371
18.631908 -0.576513 -3.882363
17.629347 -0.536866 -4.320254
17.662176 -0.157184 -3.463357
19.032290 -0.597305 -3.992720
18.218538 -0.599053 -4.016024
18.063622 0.039830 -3.440730
18.447355 -0.541316 -4.311057
18.457727 0.017068 -3.440041
18.501831 -0.577754 -3.886767
17.821154 -0.564350 -3.844521
18.026342 -0.596485 -4.115388
19.272661 -0.587022 -3.924843
18.761425 -0.568194 -3.855600
18.665524 -0.536017 -3.778035
18.570438 -0.540150 -3.786495
18.814545 -0.597472 -4.105476
18.993961 -0.531860 -3.769843
17.852982 -0.446511 -4.454596
18.421301 -0.599122 -4.017291
17.825581 0.050673 -3.441358
17.956648 -0.194113 -3.475163
17.804337 -0.338797 -3.549559
18.710264 -0.474734 -3.679686
18.353716 -0.573248 -3.871334
17.654718 -0.599968 -4.043800
18.545078 -0.495821 -3.709053
18.338833 -0.588132 -4.169744
18.202408 -0.158175 -3.463641
18.680941 -0.498272 -3.712717
19.102114 -0.571619 -3.866100
18.936230 -0.572168 -3.867846
18.463156 -0.532753 -3.771578
18.253454 -0.532404 -4.329103
18.393946 -0.424424 -4.478224
18.156155 -0.328460 -3.542511
17.613377 -0.541345 -3.789005
18.744459 -0.510251 -3.731506
18.436794 -0.156685 -3.463215
17.831648 -0.577705 -4.213409
17.802397 -0.476108 -3.681491
18.286287 0.014994 -3.440021
18.871084 -0.596453 -3.984316
17.608589 -0.417602 -3.614964
17.609686 0.076567 -3.443643
18.364666 0.168414 -3.460929
18.179497 -0.583651 -4.190280
17.606050 -0.406026 -4.496119
18.050396 -0.544101 -4.305093
18.963100 -0.598647 -4.090603
17.862843 -0.599717 -4.031417
19.147825 -0.597019 -3.989769
18.619024 -0.495276 -3.708245
19.198727 -1.554551 -3.829590
19.082609 -1.415502 -3.368571
18.944668 -1.560963 -4.218749
18.812620 -1.300408 -3.167260
18.735920 -1.557009 -3.847804
18.737276 -1.501788 -3.590765
18.963346 -1.533974 -3.714524
18.956501 -1.567795 -3.966556
19.178661 -1.499754 -3.584121
18.763571 -1.414295 -3.366052
18.667564 -1.232544 -3.074046
18.757683 -1.543239 -4.339564
18.960833 -1.318871 -3.195307
18.736149 -1.568806 -4.111413
18.656988 -1.341269 -3.231177
18.623295 -1.515091 -4.462913
19.167358 -1.569734 -4.078970
18.940512 -1.467036 -3.488960
19.251945 -1.449234 -3.444165
18.918520 -1.392524 -3.322452
19.117670 0.431435 2.412057
18.957115 -0.066426 2.242630
19.167435 0.014594 2.290782
18.975937 0.133266 2.345088
18.797768 -0.134192 2.194166
18.808403 0.532157 2.414766
18.686546 -0.214750 2.124762
18.804037 0.326113 2.398772
18.957125 0.476672 2.414471
19.199398 0.251081 2.382576
18.776144 0.039643 2.303757
19.006084 0.316644 2.397043
19.410000 0.228998 2.240636
19.410000 0.305460 2.002372
19.229691 -0.011719 2.029494
19.071878 -0.080895 2.018764
19.080809 0.022929 1.907297
19.318325 0.116171 1.934513
19.410000 0.501807 -3.500404
19.410000 0.817295 -3.150421
19.410000 0.664903 -3.318145
19.410000 0.956556 -3.013856
19.125771 1.080006 -3.550774
19.300392 0.856860 -3.551677
19.288122 1.189114 -3.370558
19.107252 0.886636 -3.648706
19.283510 0.704296 -3.652955
19.082987 0.726498 -3.729741
19.082653 1.290010 -3.478045
19.334938 1.004879 -3.424444
19.125807 -0.092323 -5.226301
19.300449 0.018282 -5.032581
19.288116 0.009181 -5.410859
19.107275 -0.080516 -5.009857
19.283564 0.006798 -4.849773
19.083004 -0.070674 -4.830649
19.082663 -0.134288 -5.444551
19.334963 0.054605 -5.224343
19.410000 0.240255 -4.750652
19.410000 0.388993 -5.197751
19.410000 0.316613 -4.983005
19.410000 0.461832 -5.378687
19.125320 0.790586 -4.936444
19.299990 0.588647 -4.849023
19.287815 0.817878 -5.144620
19.106991 0.647753 -4.763858
19.275692 0.498120 -4.699790
19.081249 0.538181 -4.630056
19.082520 0.953403 -5.087000
19.335236 0.669788 -5.021170
18.791201 0.894981 -4.884952
18.791479 1.047395 -5.028875
18.791254 0.718520 -4.718483
18.791479 0.563341 -4.572126
18.759647 -0.910623 3.254115
18.760000 -0.726212 3.413642
18.759874 -1.065072 3.120689
18.760000 -0.572419 3.546576
18.654497 -0.580603 4.202602
18.445494 -0.357655 3.563246
18.449728 -0.483965 3.692092
18.439873 0.020000 3.440082
18.277632 -0.423845 3.621190
18.827129 -0.598468 4.093200
17.653503 -0.076762 3.446202
18.687082 -0.520351 3.748623
18.499239 -0.565319 3.847248
17.671013 -0.506053 3.724748
18.127384 -0.593057 4.141773
18.102753 0.356857 3.548213
18.292696 -0.537322 3.780670
19.010981 -0.553226 3.815742
18.099159 -0.488164 3.697960
18.099926 -0.340352 3.550647
18.468365 0.209630 3.473590
18.647141 0.261348 3.494190
18.527321 -0.548639 4.294994
18.242914 0.147755 3.455758
19.178207 0.425985 3.603843
19.272661 -0.586758 3.923588
17.895521 -0.415416 3.612826
17.921019 -0.195194 3.475548
18.263767 -0.084298 3.447333
18.347490 -0.594136 3.965623
18.518534 -0.598108 4.001998
18.628424 -0.588338 3.931294
18.647491 -0.599881 4.062028
18.553511 -0.596173 4.118226
18.448341 -0.598270 4.095913
18.747240 -0.597203 3.991653
17.908617 -0.544403 3.795564
17.691706 -0.595166 3.973356
18.068712 -0.013644 3.440459
18.986052 -0.599276 4.079717
17.672371 -0.320014 3.536979
18.730961 -0.594107 4.134583
18.463491 -0.579398 4.207194
18.951553 0.376328 3.562246
17.841751 0.336497 3.534733
18.833809 -0.536856 3.779726
18.892769 -0.590675 3.943749
17.629044 0.191549 3.467643
17.852871 -0.585442 4.182472
17.848293 0.065121 3.442496
18.120287 -0.578424 3.889196
19.101849 -0.596187 3.981899
18.648117 -0.591887 4.149159
18.533670 0.358409 3.549290
18.334547 -0.589912 4.160481
18.794239 0.278338 3.502191
18.312252 0.348544 3.542567
18.590700 -0.584557 4.186390
18.701719 -0.583255 4.191944
18.440248 -0.179511 3.470185
18.734177 -0.571924 3.867067
18.622471 -0.576958 4.216075
18.715536 0.399579 3.580609
17.631968 -0.583875 4.189329
18.274529 -0.268437 3.507254
18.027300 0.181415 3.464580
17.608227 0.384696 3.568645
19.140039 -0.568404 3.856226
18.124102 -0.179557 3.470200
17.933956 -0.597458 3.994372
18.617424 -0.557907 3.827332
18.567284 -0.518309 3.745058
19.316160 0.425334 3.603237
18.730148 -0.599715 4.068635
18.760353 0.898547 4.881543
18.760000 0.720565 4.714873
18.760126 1.047619 5.020951
18.760000 0.572130 4.575983
19.218452 0.578184 5.524302
19.078114 0.081574 5.628378
18.947371 0.960549 5.312084
18.789104 -0.118159 5.624794
18.747080 0.587849 5.520541
18.763384 0.337804 5.595621
18.991312 0.481981 5.557858
18.995838 0.700803 5.470983
18.796619 1.044109 5.244578
18.735365 0.872791 5.373628
19.210052 0.395160 5.582335
18.660236 -0.184912 5.617931
18.953178 -0.058232 5.628526
18.644344 1.086834 5.206213
18.814754 0.090447 5.627951
19.123079 0.864245 5.379160
18.639936 -0.022099 5.629674
19.212858 0.224709 5.615344
19.233953 0.747431 5.447353
19.010139 0.273019 5.607954
18.091833 1.560000 3.783071
18.357298 1.560000 3.287395
18.357891 1.560000 2.711143
17.860764 1.560000 3.013049
17.867796 1.560000 2.401192
18.399591 1.560000 3.789866
18.380323 1.560000 3.662482
18.227724 1.560000 2.178604
17.848349 1.560000 3.602661
17.854383 1.560000 3.315964
18.100533 1.560000 3.467439
18.357019 1.560000 3.007521
17.861269 1.560000 2.713564
18.099136 1.560000 3.174432
18.107796 1.560000 2.862958
17.993979 1.560000 2.170765
18.111256 1.560000 2.578478
18.351274 1.560000 2.399926
18.285696 1.560000 3.748161
18.244795 1.560000 3.607052
17.823349 1.560000 3.840923
18.499880 1.560000 3.608098
17.788355 1.560000 2.155817
18.431799 1.560000 2.156825
18.110258 1.560000 2.347645
18.377314 1.560000 3.488124
18.311937 1.560000 3.898333
17.870487 1.728324 1.601780
18.352692 1.743490 1.288974
18.225857 1.656863 1.810226
17.994726 1.691693 1.072306
18.349977 1.728248 1.602130
18.110239 1.748868 1.446367
17.870846 1.743240 1.286873
18.226564 1.691793 1.072578
17.994411 1.656888 1.810173
18.431704 1.652826 1.818554
17.788801 1.688105 1.062701
18.432133 1.688076 1.062627
17.788895 1.652847 1.818511
18.110182 1.714559 1.657063
18.111015 1.734939 1.231512
18.440531 1.610000 0.597179
17.784729 1.610000 0.608308
18.269831 1.610000 0.471888
17.998114 1.610000 0.500400
18.241278 1.610000 0.713404
17.954403 1.610000 0.737768
18.459574 1.610000 0.432857
18.452505 1.610000 0.763805
17.763287 1.610000 0.769911
17.772568 1.610000 0.440652
17.778358 1.654594 -0.003359
18.435387 1.654567 0.008008
17.948359 1.646446 -0.128365
18.221727 1.649752 -0.099061
17.975285 1.648346 0.112472
18.265450 1.645340 0.136756
17.766609 1.641588 0.161964
17.760021 1.640932 -0.165972
18.447470 1.642146 -0.158473
18.457439 1.640538 0.168329
18.440531 1.610000 -0.603943
17.784729 1.610000 -0.592814
18.269831 1.610000 -0.729234
17.998114 1.610000 -0.700723
18.241278 1.610000 -0.487718
17.954403 1.610000 -0.463354
18.459574 1.610000 -0.768265
18.452505 1.610000 -0.437317
17.763287 1.610000 -0.431211
17.772568 1.610000 -0.760471
17.870335 1.728320 -1.601796
18.352446 1.743487 -1.288946
18.225794 1.656870 -1.810211
17.994654 1.691703 -1.072332
18.349899 1.728255 -1.602098
18.110203 1.748877 -1.446181
17.870785 1.743237 -1.286848
18.226480 1.691790 -1.072568
17.994329 1.656917 -1.810114
18.431616 1.652824 -1.818558
17.788738 1.688109 -1.062713
18.432045 1.688072 -1.062615
17.788771 1.653021 -1.818158
18.110052 1.714560 -1.657060
18.110914 1.734932 -1.231468
18.091841 1.560000 -3.783079
18.357878 1.560000 -3.288404
18.357927 1.560000 -2.712116
17.862322 1.560000 -3.012559
17.869413 1.560000 -2.399727
18.399591 1.560000 -3.789866
18.380323 1.560000 -3.662482
18.227724 1.560000 -2.178807
17.848377 1.560000 -3.602664
17.854500 1.560000 -3.315920
18.100567 1.560000 -3.467491
18.357496 1.560000 -3.010628
17.861565 1.560000 -2.713702
18.099136 1.560000 -3.174435
18.107716 1.560000 -2.863915
17.994350 1.560000 -2.170354
18.111006 1.560000 -2.579009
18.351238 1.560000 -2.400257
18.285698 1.560000 -3.748164
18.244799 1.560000 -3.607057
17.823351 1.560000 -3.840924
18.499880 1.560000 -3.608098
18.110218 1.560000 -2.348148
17.788754 1.560000 -2.155445
18.431793 1.560000 -2.156932
18.377352 1.560000 -3.488189
18.311937 1.560000 -3.898333
19.223133 0.583119 -5.522391
19.070343 0.086653 -5.628139
18.920870 0.986645 -5.292000
18.786566 -0.113867 -5.625137
18.767788 0.568921 -5.527839
18.681818 1.132005 -5.162432
18.762983 0.322809 -5.598725
19.024860 0.441433 -5.569956
19.025169 0.657634 -5.491169
18.782568 0.821860 -5.405465
19.254555 0.417925 -5.576433
18.659281 -0.181363 -5.618369
18.810251 1.074135 -5.217912
18.949310 -0.061537 -5.628380
18.808334 0.088512 -5.628048
19.081131 0.861867 -5.380685
18.637674 -0.018373 -5.629745
19.175266 0.260710 -5.609982
18.678904 1.000790 -5.280746
19.218185 0.741007 -5.450724
18.960825 0.248064 -5.611962
18.760353 1.158550 -3.647741
18.760000 0.928445 -3.728413
18.760126 1.351202 -3.580345
18.760000 0.736584 -3.795592
19.231529 1.133946 -2.939529
19.181364 0.853316 -2.713879
18.947353 1.389020 -3.278830
18.948805 0.614799 -2.590336
18.828510 1.142276 -2.948025
18.808964 0.939397 -2.772259
18.800993 0.538202 -2.560905
18.807745 1.426549 -3.350151
19.046835 1.019204 -2.834308
19.045031 1.200686 -3.011411
19.241192 0.997616 -2.816706
18.975342 0.810093 -2.687557
18.830168 1.307828 -3.148865
19.098579 1.328550 -3.179467
18.777309 0.713548 -2.635285
19.225136 1.247599 -3.067784
19.117249 0.699447 -2.628359
19.250246 -0.118418 1.029187
19.215397 -0.279551 0.962988
19.073256 -0.176840 1.066536
19.017935 -0.347473 1.010482
17.517109 -0.667120 2.176747
17.515467 -0.666248 -2.181070
17.469004 -0.631845 -0.147522
17.469004 -0.631845 0.147522
18.059999 -1.517500 -3.773854
18.059999 -1.414017 -3.430956
17.836037 -1.476030 -3.599306
18.283522 -1.476030 -3.599306
17.813244 -1.526166 -3.829436
17.813244 -1.390488 -3.379860
18.303726 -1.525858 -3.827195
18.303726 -1.391471 -3.381898
