1 1070 245
247 1069 3
241 1070 240
244 1069 243
242 1072 1071
1071 1072 246
241 1071 1070
3 1069 244
240 1070 1
1070 1071 245
245 1071 246
246 1072 247
1069 1072 243
243 1072 242
242 1071 241
247 1072 1069
240 0 241
243 2 244
1098 1118 1103
1104 1117 1097
1103 1118 1081
1080 1117 1104
1084 1088 275
1086 1090 273
278 1089 1087
275 1088 276
277 1089 278
273 1090 274
1085 1089 277
274 1090 1084
276 1088 1085
1087 1099 279
272 1100 1086
274 1084 275
276 1085 277
272 1086 273
278 1087 279
280 1083 281
270 1082 271
257 1091 256
255 1094 254
253 1095 252
261 1093 260
263 1096 262
259 1092 258
252 1073 251
264 1074 263
262 1077 261
254 1076 253
260 1079 259
256 1078 255
258 1075 257
254 1094 1076
1076 1095 253
252 1095 1073
1078 1094 255
256 1091 1078
1074 1096 263
1075 1091 257
1077 1093 261
262 1096 1077
1079 1092 259
260 1093 1079
258 1092 1075
251 1098 250
265 1097 264
1073 1098 251
264 1097 1074
269 1102 270
1083 1101 281
279 1099 280
271 1100 272
268 1081 269
282 1080 283
270 1102 1082
281 1101 282
1082 1100 271
280 1099 1083
1081 1102 269
282 1101 1080
249 1103 248
267 1104 266
266 1119 6
5 1120 249
248 1121 4
7 1122 267
6 1119 265
250 1120 5
283 1122 7
4 1121 268
1084 1105 1088
1086 1114 1090
1089 1111 1087
1087 1115 1099
1100 1116 1086
1099 1115 1112
1113 1116 1100
1086 1116 1114
1088 1110 1085
1111 1115 1087
1085 1108 1089
1090 1109 1084
1085 1110 1108
1107 1113 1082
1083 1112 1106
1083 1106 1101
1108 1111 1089
1084 1109 1105
1090 1114 1109
1105 1110 1088
1106 1117 1101
1075 1105 1091
1105 1109 1091
1075 1110 1105
1074 1106 1096
1095 1107 1073
1079 1108 1092
1091 1109 1078
1095 1113 1107
1108 1110 1092
1092 1110 1075
1106 1112 1096
1079 1111 1108
1109 1114 1078
1093 1111 1079
1096 1112 1077
1073 1118 1098
1076 1113 1095
1078 1114 1094
1114 1116 1094
1112 1115 1077
1093 1115 1111
1077 1115 1093
1094 1116 1076
1074 1117 1106
1076 1116 1113
1102 1118 1107
1107 1118 1073
1097 1117 1074
1102 1107 1082
1082 1113 1100
1099 1112 1083
1081 1118 1102
1101 1117 1080
1098 1120 250
265 1119 1097
268 1121 1081
1080 1122 283
1097 1119 1104
1103 1120 1098
1081 1121 1103
1104 1122 1080
249 1120 1103
1104 1119 266
1103 1121 248
267 1122 1104
291 277 290
293 274 292
277 291 276
292 274 275
269 297 298
285 286 282
269 298 268
283 285 282
290 278 289
293 294 273
290 277 278
293 273 274
297 270 296
286 287 281
294 295 272
288 289 279
297 269 270
282 286 281
295 296 271
287 288 280
294 272 273
289 278 279
296 270 271
281 287 280
295 271 272
280 288 279
298 1123 268
299 1123 9
276 1124 275
291 1124 276
275 1124 292
292 1124 291
9 1123 298
299 4 268
7 284 283
8 285 284
268 1123 299
283 284 285
299 11 4
10 300 9
9 300 299
300 11 299
1150 1170 1155
1156 1169 1149
1155 1170 1133
1132 1169 1156
1136 1140 328
1138 1142 326
331 1141 1139
328 1140 329
330 1141 331
326 1142 327
1137 1141 330
327 1142 1136
329 1140 1137
1139 1152 332
325 1151 1138
327 1136 328
329 1137 330
331 1139 332
325 1138 326
333 1135 334
323 1134 324
310 1143 309
308 1146 307
306 1147 305
314 1145 313
316 1148 315
312 1144 311
317 1126 316
305 1125 304
307 1128 306
315 1129 314
309 1130 308
313 1131 312
311 1127 310
307 1146 1128
1128 1147 306
305 1147 1125
1130 1146 308
309 1143 1130
1126 1148 316
1127 1143 310
1129 1145 314
315 1148 1129
1131 1144 312
313 1145 1131
311 1144 1127
304 1150 303
318 1149 317
1125 1150 304
317 1149 1126
322 1153 323
1135 1154 334
332 1152 333
324 1151 325
321 1133 322
335 1132 336
323 1153 1134
334 1154 335
1134 1151 324
333 1152 1135
1133 1153 322
335 1154 1132
302 1155 301
320 1156 319
319 1171 14
13 1172 302
301 1173 12
15 1174 320
14 1171 318
303 1172 13
12 1173 321
336 1174 15
1136 1157 1140
1138 1166 1142
1141 1163 1139
1139 1167 1152
1151 1168 1138
1152 1167 1164
1165 1168 1151
1138 1168 1166
1140 1162 1137
1163 1167 1139
1137 1160 1141
1142 1161 1136
1137 1162 1160
1159 1165 1134
1135 1164 1158
1135 1158 1154
1160 1163 1141
1136 1161 1157
1142 1166 1161
1157 1162 1140
1158 1169 1154
1127 1157 1143
1157 1161 1143
1127 1162 1157
1126 1158 1148
1147 1159 1125
1131 1160 1144
1143 1161 1130
1147 1165 1159
1160 1162 1144
1144 1162 1127
1158 1164 1148
1131 1163 1160
1161 1166 1130
1145 1163 1131
1148 1164 1129
1125 1170 1150
1128 1165 1147
1130 1166 1146
1166 1168 1146
1164 1167 1129
1145 1167 1163
1129 1167 1145
1146 1168 1128
1126 1169 1158
1128 1168 1165
1153 1170 1159
1159 1170 1125
1149 1169 1126
1153 1159 1134
1134 1165 1151
1152 1164 1135
1133 1170 1153
1154 1169 1132
1150 1172 303
318 1171 1149
321 1173 1133
1132 1174 336
1149 1171 1156
1155 1172 1150
1133 1173 1155
1156 1174 1132
302 1172 1155
1156 1171 319
1155 1173 301
320 1174 1156
18 1175 338
337 1176 344
342 1175 341
1176 1177 344
1177 1178 343
342 1178 1175
340 1177 1176
339 1178 1177
1175 1178 338
338 1178 339
339 1177 340
341 1175 18
17 1176 337
344 1177 343
343 1178 342
340 1176 17
344 16 337
342 341 19
351 1181 350
350 1181 1180
346 1183 345
25 1187 24
349 1184 348
352 1187 25
1181 1182 1180
1181 1187 1182
1179 1187 352
1187 1189 1182
1185 1188 1182
24 1187 1181
1185 1186 1183
350 1180 23
1179 1189 1187
20 1186 353
353 1179 352
24 1181 351
347 1188 1185
1182 1188 1180
347 1185 346
1185 1189 1186
346 1185 1183
1182 1189 1185
23 1184 349
1180 1188 1184
348 1188 347
345 1183 20
1180 1184 23
353 1186 1179
1183 1186 20
1186 1189 1179
1184 1188 348
21 346 345
348 22 349
24 351 355
351 1190 355
350 1190 351
1192 1193 1190
354 1193 1192
350 1191 1190
356 1191 23
23 1191 350
354 1192 27
26 1193 354
1190 1193 355
27 1192 356
355 1193 26
1191 1192 1190
356 1192 1191
30 362 1222
38 373 1236
32 367 1221
35 1194 1207
33 368 1229
1213 1238 1257
368 32 1253
354 27 1204
378 1235 1237
370 34 1248
381 1202 1240
1204 27 1239
366 31 1195
1210 1208 1235
35 370 1194
1206 1225 1231
1198 1219 1234
36 1201 1218
1225 1199 1231
1219 1198 1223
1194 1213 1257
373 37 1227
1217 1223 1245
1224 1203 1238
378 379 1235
372 36 1218
1217 1216 1223
1220 1241 1247
1213 1224 1238
1223 1216 1241
1223 1198 1245
1226 1228 1233
32 1221 1253
1220 1223 1241
1226 1233 1245
1225 1220 1247
1241 34 1247
1194 1212 1213
1222 362 1234
1233 1196 1244
1203 1224 1255
362 363 1198
1246 380 1249
1244 1196 1250
1221 354 1252
1198 363 1226
1196 359 1230
1227 381 1240
362 1198 1234
375 39 1202
1194 370 1212
1210 1235 1246
1212 370 1248
1214 1212 1216
360 1205 1230
369 33 1199
358 359 1196
1207 1194 1257
377 378 1203
1210 1246 1249
360 361 1205
358 1196 1228
359 360 1230
37 1211 1227
363 364 1226
1213 1212 1214
357 358 1228
1200 1220 1225
1195 1200 1206
377 1203 1232
1199 1225 1247
376 377 1232
1203 378 1237
380 1243 1249
369 1199 1247
1228 1196 1233
27 366 1256
1203 1237 1238
28 357 1251
364 28 1251
381 1227 1243
1229 368 1258
1214 1216 1217
361 29 1254
1236 373 1240
1198 1226 1245
1213 1215 1224
1216 1212 1248
1230 1205 1242
1213 1214 1215
29 376 1254
1206 1200 1225
1196 1230 1250
1200 1219 1220
1201 1210 1218
1199 33 1229
1202 374 1236
1239 27 1256
1206 1231 1239
1232 1203 1255
379 380 1246
1195 1206 1256
1237 1209 1238
1220 1219 1223
1228 1226 1251
1233 1217 1245
1217 1233 1244
354 1204 1252
1199 1229 1231
1229 1204 1231
1226 364 1251
1195 31 1197
1221 1252 1253
1227 1211 1243
34 369 1247
1211 372 1218
1201 1208 1210
365 30 1222
1205 361 1254
1224 1215 1242
1215 1214 1244
380 381 1243
1197 31 1222
357 1228 1251
1214 1217 1244
37 372 1211
34 1241 1248
1243 1211 1249
1201 1207 1208
1238 1209 1257
1202 1236 1240
1242 1205 1255
376 1232 1254
1232 1205 1254
1197 1222 1234
1205 1232 1255
1200 1197 1219
1231 1204 1239
1241 1216 1248
1204 1229 1258
1242 1215 1250
1235 1209 1237
1195 1197 1200
1235 379 1246
1206 1239 1256
367 26 1221
1208 1207 1209
1201 35 1207
1208 1209 1235
366 1195 1256
371 35 1201
1224 1242 1255
1230 1242 1250
1215 1244 1250
1209 1207 1257
373 1227 1240
1219 1197 1234
1211 1218 1249
1218 1210 1249
40 375 1202
1252 1204 1258
1253 1252 1258
31 365 1222
368 1253 1258
374 38 1236
26 354 1221
36 371 1201
39 374 1202
381 40 1202
87 1428 502
1377 1393 1279
457 1347 346
46 401 397
401 1290 397
83 440 496
456 457 346
79 1353 462
439 440 83
42 1318 1308
1292 1393 1377
35 1370 370
1276 1353 79
463 464 488
1370 1375 370
1303 1375 1370
406 1357 1313
1314 1408 1358
1340 1356 1310
477 1342 1283
436 437 422
1295 1369 1321
1313 1357 482
65 1356 1340
1290 1306 396
507 1370 35
403 1421 385
397 1290 396
418 53 86
390 1402 43
488 464 489
88 1362 503
1325 1332 1301
464 465 489
1340 1405 65
406 1313 405
475 1289 69
1295 1388 1369
389 1397 74
455 1320 454
1300 1301 1296
82 1370 507
42 1319 1318
427 1326 54
386 1339 387
1289 1349 69
1318 1319 1275
400 1406 1290
1356 1385 1311
486 1275 76
386 1421 1339
1278 1408 1314
79 463 488
1287 1307 1272
21 456 346
420 1350 1331
1310 1356 1311
1332 1420 1301
1346 1383 87
504 1362 88
47 1329 398
465 466 490
400 1290 401
1341 1370 82
477 1283 476
1297 1346 87
455 456 21
1319 1400 1275
365 1395 30
21 1320 455
1266 1312 1298
1331 1350 1285
489 465 490
1301 1420 1296
65 1405 466
470 1316 66
462 463 79
1373 1382 1327
1307 1337 1269
396 1306 395
83 1390 439
63 1323 448
1290 1406 1314
487 1359 77
1324 1334 1294
1326 1422 54
48 1357 406
1279 1393 1326
348 1287 1272
1315 1404 1266
1308 1354 42
82 1352 1341
385 1421 386
41 1364 474
61 1366 445
473 1365 68
1313 1339 405
446 1366 61
451 1323 63
66 1316 467
1298 1395 1266
382 1364 41
68 1365 472
1267 1332 1325
57 1363 432
393 1361 44
433 1363 57
44 1361 392
1390 1396 1285
1337 1347 458
53 1317 86
45 1351 394
388 1397 389
346 1347 347
431 1367 56
444 1371 60
56 1367 430
60 1371 443
1266 1404 1312
1283 1342 1305
494 1300 1296
1320 1375 1303
77 1359 486
1345 1377 1376
1301 1333 1325
505 1395 31
1263 1343 1333
492 1382 1373
454 1320 1303
484 1419 74
30 1298 504
1401 1424 1302
389 1419 42
1275 1322 76
1285 1396 1331
49 1288 409
395 1351 45
1376 1377 1279
1408 1413 1358
1319 1419 484
1325 1334 1324
1287 1337 1307
58 1422 435
437 1423 422
495 1300 494
47 1402 1329
1287 1347 1337
73 1302 480
482 1357 481
1341 1352 452
1312 1336 1273
1286 1374 1328
1275 1359 1318
1262 1399 1398
1330 1396 1271
1299 1317 53
54 1422 58
408 1416 407
1343 1394 1333
477 1415 1342
1283 1305 1284
1306 1351 395
1342 1398 1305
476 1283 1277
438 1350 437
1277 1315 1289
1329 1402 390
1283 1284 1277
1316 1321 1268
1267 1324 1323
483 1397 1372
1269 1374 1307
1328 1374 1269
483 1372 1313
419 1299 53
1333 1334 1325
50 1304 411
1290 1314 1306
1346 1399 1262
1273 1362 1312
484 1400 1319
1308 1318 1280
1351 1358 1264
59 1381 495
348 1272 22
494 1296 82
390 1387 1329
1302 1424 1360
426 1279 427
502 1428 52
398 1278 399
462 1353 461
1277 1289 475
86 1317 499
49 1335 1288
1299 1330 1317
51 1346 1262
1304 1391 411
1273 1297 87
421 1350 420
460 1328 1269
476 1277 475
458 1347 457
478 1335 70
1333 1394 1334
503 1362 1273
460 1269 459
1284 1315 1277
450 1332 1267
467 1268 468
450 1267 451
1261 1338 383
472 1295 471
447 1294 446
1314 1406 1278
439 1285 438
383 1338 382
461 1328 460
1267 1325 1324
419 1331 1299
1269 1337 459
1273 1336 1297
453 1341 452
52 1428 415
506 1320 21
1266 1403 1315
479 1355 71
392 1293 391
1286 1327 1270
434 1292 433
1279 1326 427
347 1287 348
71 1355 478
1271 1380 1330
454 1303 453
384 1261 383
64 1332 450
420 1331 419
398 1329 1278
1281 1309 1308
1281 1308 1280
78 1280 487
78 1281 1280
22 1266 505
503 1273 87
459 1337 458
430 1344 429
405 1339 404
1350 1423 437
1321 1410 1295
491 1276 79
1310 1311 1309
1315 1403 1289
1294 1411 1324
443 1343 442
1306 1358 1351
435 1422 1393
1281 1310 1309
483 1313 482
78 1340 1281
1311 1369 1348
442 1263 441
1303 1341 453
1276 1373 1327
1281 1340 1310
439 1390 1285
442 1343 1263
1335 1355 1288
1312 1362 1298
1339 1421 404
497 1271 83
347 1347 1287
1369 1385 1321
1261 1348 1338
441 1381 59
1342 1415 1304
404 1421 403
467 1316 1268
1267 1323 451
429 1291 428
72 1360 479
1309 1354 1308
452 1352 64
422 1423 421
414 1346 51
42 1419 1319
429 1344 1291
1299 1396 1330
468 1356 65
466 1405 490
394 1264 393
432 1265 431
1297 1399 1346
1398 1399 1305
1327 1407 1276
1296 1352 82
1280 1359 487
69 1270 493
1282 1286 1270
478 1355 1335
42 1354 384
1344 1345 1291
51 1262 412
1393 1422 1326
495 1381 1300
1268 1385 1356
445 1259 444
474 1260 473
1349 1378 1272
1285 1350 438
492 1373 80
413 1274 50
370 1375 34
69 1282 1270
1329 1408 1278
480 1360 72
1387 1408 1329
391 1387 390
498 1380 84
435 1393 434
1295 1410 471
447 1411 1294
81 1382 492
69 1349 1282
486 1359 1275
1345 1392 1377
1272 1412 1349
417 1379 500
1300 1409 1301
461 1353 1328
1294 1366 446
80 1373 491
70 1415 477
472 1365 1295
1338 1364 382
55 1427 424
34 1375 506
1274 1304 50
1318 1359 1280
481 1357 48
84 1380 497
1268 1356 468
392 1361 1293
394 1351 1264
1292 1363 433
1321 1385 1268
1274 1342 1304
1328 1407 1286
384 1354 1261
493 1382 81
1314 1358 1306
1282 1374 1286
1263 1381 441
1309 1414 1354
1307 1412 1272
1263 1409 1381
85 1384 498
1278 1406 399
1333 1409 1263
1327 1382 1270
1355 1424 1288
1282 1412 1374
74 1397 483
1262 1398 1386
430 1367 1344
407 1416 73
1348 1369 1368
1339 1372 387
1272 1378 22
1330 1384 1317
443 1371 1343
1364 1368 1260
1311 1385 1369
426 1376 1279
1336 1418 1297
1302 1360 480
1264 1361 393
432 1363 1265
424 1389 425
1276 1407 1353
1313 1372 1339
474 1364 1260
1289 1403 1378
1260 1365 473
425 1376 426
1265 1367 431
445 1366 1259
1304 1415 1391
1316 1410 1321
1324 1411 1323
387 1372 388
1266 1395 505
1301 1409 1333
428 1427 55
414 1383 1346
1275 1400 1322
1344 1392 1345
1259 1371 444
490 1405 78
491 1373 1276
1334 1426 1294
1338 1368 1364
86 1379 418
1317 1384 499
1369 1388 1368
1288 1424 1401
415 1383 414
1374 1412 1307
1348 1368 1338
485 1322 75
1330 1380 498
49 1425 1335
1305 1418 1284
1303 1370 1341
409 1401 408
1354 1414 1261
410 1425 49
1322 1400 484
1331 1396 1299
499 1384 85
1284 1404 1315
497 1380 1271
1336 1404 1284
73 1416 1302
1284 1418 1336
1293 1387 391
506 1375 1320
43 1402 47
498 1384 1330
1377 1417 1292
434 1393 1292
1270 1382 493
30 1395 1298
411 1391 410
1297 1418 1399
412 1386 413
1311 1414 1309
1274 1398 1342
1302 1416 1401
1271 1390 83
22 1403 1266
1345 1389 1291
1271 1396 1390
399 1406 400
1289 1378 1349
1286 1407 1327
470 1410 1316
1298 1362 504
1323 1411 448
1353 1407 1328
421 1423 1350
471 1410 470
448 1411 447
1312 1404 1336
1262 1386 412
424 1427 1389
1348 1414 1311
1381 1409 1300
413 1386 1274
64 1420 1332
74 1419 389
1401 1416 408
78 1405 1340
1383 1428 87
1376 1389 1345
479 1424 1355
1360 1424 479
425 1389 1376
1392 1417 1377
1368 1388 1260
1335 1425 70
1260 1388 1365
1358 1413 1264
1288 1401 409
1394 1426 1334
1265 1392 1367
1261 1414 1348
1389 1427 1291
1259 1394 1371
1365 1388 1295
1264 1413 1361
1291 1427 428
1378 1403 22
1293 1413 1408
1349 1412 1282
1352 1420 64
1391 1415 70
1265 1417 1392
1259 1426 1394
1294 1426 1366
1367 1392 1344
1371 1394 1343
1296 1420 1352
1292 1417 1363
1372 1397 388
1386 1398 1274
1363 1417 1265
1293 1408 1387
1366 1426 1259
1361 1413 1293
415 1428 1383
1399 1418 1305
1391 1425 410
70 1425 1391
76 1322 485
47 402 43
54 58 423
496 440 59
75 1322 484
500 1379 86
418 1379 417
31 1395 365
43 402 385
73 48 407
481 48 73
501 52 416
502 52 501
423 58 436
496 59 495
62 449 448
448 449 63
469 470 66
67 470 469
385 402 403
500 416 417
501 416 500
423 436 422
1430 1434 511
510 1430 511
91 1432 509
89 1431 508
513 1430 514
89 1432 1431
513 1437 1430
1435 1439 1438
1429 1434 1433
1433 1434 1430
515 1429 516
1429 1433 516
512 1435 1432
510 1440 1430
1432 1435 1431
1430 1437 1433
516 1433 517
1438 1439 1434
90 1436 515
1430 1440 514
1429 1438 1434
93 1437 513
515 1436 1429
517 1437 93
508 1436 90
511 1439 512
1431 1438 1436
1436 1438 1429
514 1440 92
92 1440 510
1434 1439 511
1433 1437 517
1431 1436 508
1435 1438 1431
509 1432 89
512 1439 1435
512 1432 91
519 395 518
521 522 397
395 45 518
522 46 397
518 94 519
521 95 522
395 520 396
519 520 395
520 397 396
521 397 520
537 94 1496
99 535 1505
538 100 1484
542 1469 1491
1463 1473 1492
509 89 1455
1463 1457 1473
539 102 1465
101 538 1465
535 98 1455
1462 1468 1507
45 394 1443
1456 44 1460
1442 1493 1499
1452 1501 1522
1485 1443 1502
1468 1480 1507
1473 1457 1519
1443 394 1502
1452 1488 1501
532 1489 1498
1448 1466 1507
1466 1448 1506
1445 1466 1506
1458 1483 1487
1487 1483 1490
1466 1445 1512
1480 1468 1500
1468 1462 1504
1452 1487 1488
1447 1452 1516
1441 1495 1503
1490 542 1491
393 44 1444
1456 1460 1489
539 1457 1520
1479 1480 1514
1483 542 1490
535 1455 1497
1503 1495 1516
532 1478 1489
539 1465 1515
1481 1464 1482
1479 1448 1480
531 530 1451
544 543 1464
1477 1479 1514
1451 530 1477
533 532 1498
532 531 1478
525 524 1445
1465 538 1486
98 91 1455
531 1451 1478
1444 44 1456
534 533 1476
1445 1481 1482
527 526 1448
1464 543 1483
45 1443 1447
1447 1450 1452
105 541 1469
527 1448 1479
543 542 1483
1445 524 1481
530 529 1477
1493 1442 1508
1492 1475 1493
1480 1500 1514
1499 1493 1501
528 527 1479
1446 537 1471
525 1445 1506
1456 1489 1517
534 1476 1497
1448 526 1506
524 523 1481
1442 540 1508
1474 1503 1516
1457 1463 1520
1463 1492 1493
1454 1485 1504
1478 1451 1517
1453 1449 1454
1485 1467 1504
1454 1449 1485
1452 1450 1487
45 1447 1495
1488 1487 1490
97 528 1509
1494 99 1505
1510 1458 1513
1472 1475 1492
529 97 1509
102 101 1465
1461 1454 1462
100 537 1446
1446 1471 1472
1472 1471 1474
538 1484 1486
394 393 1502
518 45 1441
1472 1474 1475
96 544 1511
1453 1454 1461
1451 1500 1517
1444 1459 1467
1482 1464 1510
523 96 1511
1467 1459 1468
1461 1462 1466
1471 537 1496
1449 1443 1485
1483 1458 1510
1493 1475 1501
1482 1510 1513
1489 1460 1498
1463 1493 1508
1450 1449 1453
1488 1490 1518
1476 533 1498
44 536 1460
536 99 1494
1450 1453 1458
1489 1478 1517
544 1464 1511
1444 1456 1459
1480 1448 1507
1445 1482 1512
1466 1462 1507
1474 1471 1503
1451 1477 1514
1447 1449 1450
1461 1466 1512
1464 1483 1510
1467 1485 1502
1464 1481 1511
1444 1467 1502
1457 539 1515
1450 1458 1487
1477 529 1509
1473 1472 1492
1495 1447 1516
1447 1443 1449
528 1479 1509
1479 1477 1509
1468 1459 1500
1446 1472 1473
526 525 1506
540 103 1521
1508 540 1521
1458 1453 1513
1462 1454 1504
1467 1468 1504
1481 523 1511
1497 1476 1505
100 1446 1484
1476 1494 1505
1442 1499 1523
393 1444 1502
94 518 1441
1501 1475 1522
1460 536 1494
1486 1484 1519
1446 1473 1484
1460 1494 1498
1490 1491 1518
535 1497 1505
1494 1476 1498
1465 1486 1515
1453 1461 1513
1500 1459 1517
1457 1486 1519
1496 1441 1503
1475 1474 1522
1500 1451 1514
1459 1456 1517
1491 1470 1518
1486 1457 1515
1488 1499 1501
1499 1470 1523
1441 45 1495
1469 104 1470
94 1441 1496
541 104 1469
1484 1473 1519
1470 104 1523
1461 1512 1513
1469 1470 1491
1470 1499 1518
1471 1496 1503
1512 1482 1513
1474 1516 1522
1520 1463 1521
1463 1508 1521
1499 1488 1518
103 1520 1521
1516 1452 1522
89 534 1455
91 509 1455
103 539 1520
104 540 1442
104 1442 1523
542 105 1469
1455 534 1497
1560 1591 116
1556 1625 1589
1563 1597 1559
643 118 626
621 117 637
1540 1543 612
1596 1651 606
1542 1589 1525
1574 1610 1569
1569 1607 1564
1571 1609 1566
1566 1606 1563
1575 1612 1571
1564 1602 1562
1570 1611 1575
1562 1605 1565
552 1623 553
1552 1578 1542
298 1697 9
1531 1698 10
294 1611 295
1525 1589 1544
615 1560 116
1623 1713 553
1539 1663 1604
616 1563 1559
613 1540 612
292 1666 1612
1611 1650 295
606 1651 605
1589 1640 1556
1612 1673 292
603 1542 1525
292 1673 293
1589 1625 1544
525 1574 1569
524 1569 1564
618 1571 1566
617 1566 1563
619 1575 1571
523 1564 1562
1570 1575 620
1562 1565 96
604 1552 1542
1651 1692 1636
636 1627 1600
1599 1626 644
291 1666 292
293 1673 294
294 1673 1611
111 1720 1530
1615 1641 1550
576 1610 577
527 1659 526
526 1659 1601
608 1656 607
1604 1663 1603
607 1656 1568
1596 1676 1549
640 1647 641
358 1646 359
1645 1672 1584
640 1683 1647
1646 1684 359
1570 1658 1650
1552 1651 1636
1624 1672 1645
1650 1658 1592
289 1609 290
1608 1676 1596
1554 1658 609
1558 1645 1620
576 1665 1610
1681 1700 1580
1579 1699 1680
1600 1627 0
16 1626 1599
609 1658 115
626 1669 643
637 1670 621
1585 1700 1681
1680 1699 1586
628 1700 629
630 1699 631
574 1607 575
1549 1651 1596
1538 1623 552
1555 1619 1556
1558 1620 1557
110 1716 566
1616 1641 1615
287 1606 288
285 1597 286
1529 1668 1595
570 1605 571
572 1602 573
289 1664 1609
629 1700 1689
1690 1699 630
1595 1695 1529
120 118 643
637 117 28
581 1720 111
10 1698 545
1601 1659 1561
1620 1645 1537
624 623 556
644 1669 1599
1600 1670 636
1561 1662 1601
1592 1631 297
1581 1648 639
360 1649 1582
1616 1735 1708
1616 1708 1590
1550 1693 1691
1625 1694 1544
1592 1658 1631
1656 1709 1642
1593 1694 1625
634 1632 635
645 1633 646
625 1643 626
621 1644 622
1581 1687 1648
1649 1688 1582
1619 1671 1556
1568 1656 1642
574 1661 1607
627 118 120
117 632 28
1549 1692 1651
1548 1695 1595
1634 1685 1587
1631 1658 1554
1595 1635 1573
1609 1666 290
1588 1686 1635
1587 1677 19
2 1678 1588
297 1631 298
1565 1679 1614
634 1678 1632
1548 1701 1695
1633 1677 646
296 1650 1592
1572 1634 1629
287 1660 1606
556 108 624
623 107 556
1590 1641 1616
1603 1663 1576
1642 1716 1598
1567 1719 1608
1576 1717 1603
1572 1685 1634
610 1553 609
1635 1686 1573
1604 1654 1539
1643 1669 626
621 1670 1644
1550 1691 1615
1597 1702 1559
1691 1693 1618
1560 1623 1591
1567 1608 1596
566 1716 1642
607 1567 606
1607 1665 575
1598 1719 1567
578 1622 579
1605 1679 1565
1574 1707 1610
1595 1668 1635
1605 1657 571
1597 1660 286
1606 1664 288
290 1666 291
572 1657 1602
285 1702 1597
1639 1738 1578
1530 1716 110
1559 1702 1628
1640 1738 1639
295 1650 296
1568 1598 1567
1634 1667 1629
1708 1735 1543
106 1641 600
1602 1661 573
1556 1671 1625
359 1649 360
639 1648 640
1567 1596 606
1552 1636 1578
1550 1641 106
635 1627 636
644 1626 645
635 1706 1627
1602 1657 1562
1626 1705 645
1562 1657 1605
643 1669 644
636 1670 637
1614 1656 1565
1622 1707 1574
610 1691 1553
1553 1554 609
1563 1660 1597
1606 1660 1563
566 1642 567
1587 1704 1677
1678 1703 1588
1632 1706 635
645 1705 1633
1553 1617 1554
1590 1630 601
1607 1661 1564
1564 1661 1602
359 1684 1649
1648 1683 640
1708 1724 1613
1547 1629 1594
607 1568 1567
575 1665 576
590 1586 591
593 1585 594
565 1587 19
2 1588 547
1572 1629 1547
8 1713 1628
1548 1595 1573
1534 1547 1535
1537 1548 1536
1547 1594 1593
1548 1573 1536
1534 1572 1547
593 1730 1585
1586 1729 591
1585 1730 1689
1690 1729 1586
1534 1535 1528
1526 1537 1536
601 1630 602
1547 1593 1535
1609 1664 1566
1566 1664 1606
119 1534 1528
1526 1536 29
611 1615 610
1613 1624 1558
1532 1613 1558
296 1592 297
243 1678 2
19 1677 342
600 1590 601
1570 1650 1611
568 1614 569
1532 1558 1557
1555 1556 1533
1610 1665 1569
1551 1603 1541
1569 1665 1607
1580 1700 1652
1653 1699 1579
361 1526 29
119 1528 638
113 1533 582
1551 1604 1603
602 1532 114
1556 1640 1533
1535 1619 1528
120 1736 627
632 1737 28
1526 1620 1537
602 1630 1532
553 1713 8
1559 1628 1560
1579 1646 358
641 1647 1580
113 1555 1533
1532 1557 114
1559 1560 615
1532 1630 1613
616 1559 615
528 1576 527
1543 1724 1708
1544 1551 1541
1545 1577 1546
1571 1666 1609
1612 1666 1571
560 1539 561
551 1538 552
559 1637 560
109 1561 559
550 1638 551
562 1527 563
549 1529 550
526 1601 1574
560 1637 1539
614 1545 1524
1561 1637 559
551 1638 1538
641 1580 642
357 1579 358
638 1581 639
360 1582 361
288 1664 289
1525 1541 97
1529 1638 550
1577 1583 1546
564 1634 565
603 1525 97
614 1524 613
611 1616 1615
604 1542 603
526 1574 525
525 1569 524
619 1571 618
620 1575 619
524 1564 523
618 1566 617
523 1562 96
617 1563 616
115 1570 620
96 1565 608
1545 1546 1524
0 1627 241
344 1626 16
565 1634 1587
1525 1544 1541
605 1552 604
1560 1713 1623
570 1679 1605
1524 1540 613
1583 1584 1546
582 1639 583
546 1550 106
112 1549 580
547 1635 548
1601 1622 1574
1674 1687 1581
1582 1688 1675
1674 1710 1687
1688 1711 1675
1628 1713 1560
1588 1635 547
629 1621 630
1533 1639 582
1553 1618 1617
1632 1678 243
342 1677 1633
1614 1709 1656
1533 1640 1639
600 1641 1590
1625 1671 1593
1527 1714 1667
1645 1725 1537
1539 1654 561
242 1632 243
342 1633 343
1540 1672 1624
1579 1680 1646
1647 1681 1580
562 1654 1527
1615 1691 610
590 1680 1586
1585 1681 594
1624 1645 1558
573 1661 574
622 1733 623
624 1732 625
584 1712 1636
1622 1662 579
588 1646 589
595 1647 596
583 1712 584
1593 1671 1535
1568 1642 1598
1630 1708 1613
1635 1668 548
597 1648 598
586 1649 587
623 1733 107
108 1732 624
557 1643 558
554 1644 555
1555 1674 1619
1591 1728 116
16 1599 557
555 1600 0
1620 1675 1557
1527 1667 563
549 1668 1529
1543 1735 612
564 1667 1634
627 1652 628
631 1653 632
286 1660 287
528 1717 1576
584 1692 112
1577 1655 1583
1542 1738 1589
1610 1707 577
1575 1673 1612
1611 1673 1575
605 1651 1552
97 1717 528
1584 1672 1546
1541 1717 97
1578 1738 1542
561 1654 562
1524 1672 1540
1529 1655 1638
579 1662 109
1628 1702 8
1580 1652 642
357 1653 1579
1601 1662 1622
28 1737 357
642 1736 120
1565 1656 608
115 1658 1570
1529 1695 1655
571 1657 572
1540 1724 1543
1667 1714 1629
1646 1680 589
595 1681 1647
588 1684 1646
1647 1683 596
1576 1659 527
1573 1727 1536
1534 1726 1572
597 1683 1648
1649 1684 587
8 1702 285
1648 1687 598
586 1688 1649
578 1707 1622
1577 1682 1655
1599 1643 557
555 1644 1600
109 1662 1561
1644 1670 1600
1599 1669 1643
1637 1663 1539
1530 1720 1719
1655 1682 1638
1624 1724 1540
1697 1734 1531
1617 1631 1554
563 1667 564
548 1668 549
1537 1725 1548
580 1676 581
1659 1721 1561
1636 1692 584
1535 1671 1619
1549 1676 580
614 1728 1545
116 1728 614
1608 1720 1676
1538 1718 1623
612 1735 611
599 1710 113
114 1711 585
1561 1721 1637
577 1707 578
1546 1672 1524
569 1679 570
1614 1679 569
1589 1738 1640
546 1693 1550
625 1732 1643
1644 1733 622
589 1680 590
594 1681 595
1557 1711 114
113 1710 1555
1631 1697 298
1572 1726 1685
611 1735 1616
1686 1727 1573
1594 1694 1593
567 1709 568
1643 1732 558
554 1733 1644
596 1683 597
587 1684 588
1623 1718 1591
1526 1723 1620
1619 1722 1528
1638 1682 1538
1613 1724 1624
598 1687 599
585 1688 586
545 1693 546
1594 1696 1694
1586 1699 1690
1689 1700 1585
1590 1708 1630
1544 1694 1551
1629 1714 1594
1694 1696 1551
112 1692 1549
1636 1712 1578
1528 1722 638
361 1723 1526
1551 1696 1604
629 1689 1621
1621 1690 630
638 1722 1581
1582 1723 361
646 1704 647
633 1703 634
568 1709 1614
1639 1712 583
1618 1734 1617
1578 1712 1639
1583 1701 1584
592 1730 593
591 1729 592
1545 1715 1577
119 1726 1534
1536 1727 29
1603 1717 1541
343 1705 344
241 1706 242
647 1726 119
29 1727 633
1553 1691 1618
1617 1697 1631
1642 1709 567
1695 1701 1583
1654 1731 1527
1548 1725 1701
1530 1719 1716
1719 1720 1608
107 1733 554
558 1732 108
1633 1705 343
242 1706 1632
1655 1695 1583
1584 1725 1645
1652 1700 628
631 1699 1653
1674 1722 1619
1620 1723 1675
344 1705 1626
1627 1706 241
1617 1734 1697
627 1736 1652
1653 1737 632
1577 1715 1682
1677 1704 646
634 1703 1678
1652 1736 642
357 1737 1653
1687 1710 599
585 1711 1688
1715 1718 1682
1637 1721 1663
1663 1721 1576
1714 1731 1696
1576 1721 1659
1604 1731 1654
1621 1730 1729
1594 1714 1696
1676 1720 581
1685 1704 1587
1588 1703 1686
1555 1710 1674
1675 1711 1557
1693 1698 1618
1729 1730 592
1527 1731 1714
647 1704 1685
1686 1703 633
1682 1718 1538
1716 1719 1598
545 1698 1693
1531 1734 1698
1581 1722 1674
1675 1723 1582
1591 1718 1715
1715 1728 1591
1545 1728 1715
1621 1729 1690
1689 1730 1621
1685 1726 647
633 1727 1686
1696 1731 1604
1701 1725 1584
9 1531 10
111 1530 110
1698 1734 1618
9 1697 1531
104 1742 540
540 1742 103
651 1741 121
122 1741 651
650 1742 104
103 1742 652
121 1741 648
654 1741 122
1739 1740 649
653 1740 1739
648 1739 649
653 1739 654
652 1740 653
649 1740 650
652 1742 1740
1740 1742 650
648 1741 1739
1739 1741 654
658 124 662
662 1747 658
1745 1747 661
656 1751 123
658 1747 657
657 1747 1744
123 1751 655
661 1747 662
105 1753 541
648 1748 125
125 1748 659
1745 1752 1747
104 1753 650
1749 1754 1750
655 1746 105
1746 1755 1743
1743 1753 1746
1747 1752 1744
1744 1751 656
1750 1754 1743
660 1745 661
1744 1752 1751
1752 1755 1751
657 1744 656
650 1743 649
1748 1754 1749
1743 1755 1750
660 1749 1745
659 1749 660
649 1754 648
1749 1750 1745
1746 1753 105
648 1754 1748
1748 1749 659
650 1753 1743
1750 1752 1745
1743 1754 649
655 1751 1746
1751 1755 1746
1750 1755 1752
541 1753 104
663 121 648
648 125 663
665 1756 18
559 560 670
669 670 560
561 669 560
561 668 669
562 668 561
562 667 668
665 564 565
666 564 665
667 563 666
562 563 667
564 666 563
341 1756 565
565 1756 665
18 1756 341
664 670 12
565 19 341
559 664 109
559 670 664
672 15 126
110 671 111
110 672 671
671 672 126
1770 1784 1771
1771 1784 1781
1777 1784 1780
1757 1774 1768
1777 1780 1758
674 1775 673
1780 1784 1770
1764 1765 1760
1768 1786 1757
675 1764 1760
1765 1766 1760
1765 1767 1766
1761 1773 685
676 1764 675
675 1760 674
684 1761 685
1767 1768 1766
685 1773 686
1760 1775 674
1767 1769 1768
680 1758 681
1759 1777 679
678 1759 679
630 1757 629
1767 1770 1769
679 1777 680
680 1777 1758
683 1776 684
630 1774 1757
631 1774 630
1771 1772 1769
1770 1771 1769
1765 1780 1767
1775 1788 673
632 1762 631
628 1763 627
684 1776 1761
1762 1774 631
1757 1779 629
678 1778 1759
1766 1775 1760
677 1778 678
1778 1781 1759
681 1782 682
1767 1780 1770
629 1779 628
1758 1782 681
628 1779 1763
1773 1781 1778
128 1791 677
686 1791 128
1779 1793 1763
1764 1787 1765
127 1790 676
673 1788 117
118 1789 683
1781 1784 1759
1769 1786 1768
1772 1793 1779
1762 1788 1775
1761 1792 1773
682 1790 127
117 1788 632
627 1789 118
683 1789 1776
1775 1785 1762
1776 1789 1763
1766 1785 1775
1773 1792 1781
1757 1786 1779
1776 1783 1761
1781 1792 1771
1782 1787 1764
676 1790 1764
1779 1786 1772
1773 1791 686
1771 1783 1772
1768 1785 1766
1774 1785 1768
1765 1787 1780
1759 1784 1777
1780 1787 1758
1772 1786 1769
1763 1793 1776
1764 1790 1782
1762 1785 1774
1778 1791 1773
632 1788 1762
1763 1789 627
677 1791 1778
1782 1790 682
1758 1787 1782
1776 1793 1783
1771 1792 1783
1783 1792 1761
1783 1793 1772
248 4 11
129 5 249
688 248 11
129 249 687
249 248 687
687 248 688
367 1795 26
32 1795 367
24 1794 25
355 1795 689
355 1794 24
25 1794 689
689 1794 355
26 1795 355
689 1795 32
87 1801 693
502 1801 87
696 1798 695
695 1798 1797
130 1805 134
1802 1806 1799
694 1803 500
690 1805 130
1800 1801 502
1798 1799 1797
1798 1805 1799
1796 1805 690
1805 1807 1799
501 1806 1802
1799 1807 1802
131 1804 691
1802 1804 1800
134 1805 1798
502 1802 1800
132 1801 692
1802 1807 1804
695 1797 133
501 1802 502
1804 1807 1796
1796 1807 1805
691 1796 690
134 1798 696
1799 1806 1797
691 1804 1796
133 1803 694
1797 1806 1803
500 1806 501
1797 1803 133
692 1800 131
1800 1804 131
1803 1806 500
692 1801 1800
500 86 694
693 1801 132
697 698 499
499 698 694
499 85 697
499 694 86
133 694 698
697 135 698
699 40 381
136 381 380
139 703 1840
1833 1818 1834
85 498 1835
1808 140 1833
84 379 1867
1838 1818 1840
1821 1824 1847
1839 1831 1849
700 136 380
704 1818 1833
1829 1838 1840
1835 1832 1842
1829 701 1868
498 84 1832
1846 1820 1858
1844 1812 1862
138 1836 1865
1822 1847 1852
1834 1818 1860
1832 84 1867
88 1822 1861
135 697 1837
1845 1809 1846
1818 1838 1860
635 1809 1845
1809 1839 1849
504 88 1861
1822 1821 1847
1812 1848 1862
1835 1842 1843
498 1832 1835
1841 1824 1874
1820 1846 1855
1810 1811 1813
1842 1812 1844
1821 1808 1823
1836 701 1863
1810 1813 1827
1847 1825 1852
697 85 1810
1853 363 1857
1831 1826 1849
379 378 1867
1828 1845 1851
697 1810 1837
635 636 1809
1809 636 1839
1828 634 1845
378 377 1812
364 363 1853
363 1856 1857
634 635 1845
1831 1839 1853
633 634 1828
1810 85 1811
1824 1841 1847
1850 1834 1860
1835 1843 1871
1812 377 1848
636 637 1839
1813 1814 1841
362 30 1869
363 362 1856
1834 1850 1870
1851 1846 1858
1846 1809 1849
135 1837 1868
1828 1851 1862
1850 1813 1874
1813 1811 1814
377 376 1848
1827 1813 1850
1843 1842 1844
1823 1808 1833
1813 1841 1874
1858 1820 1859
1831 1853 1857
1839 637 1872
1838 1829 1868
1810 1827 1837
1845 1846 1851
1829 1840 1864
29 633 1866
1814 1817 1841
378 1812 1873
1814 1816 1817
376 29 1866
1837 1827 1838
1853 1839 1872
1817 1825 1847
704 139 1818
1817 1819 1825
701 1829 1863
1814 1815 1816
1840 703 1864
1837 1838 1868
1846 1849 1855
1819 1816 1820
1827 1850 1860
1814 1811 1815
1817 1816 1819
1836 1863 1865
1825 1819 1826
1830 1826 1831
1843 1858 1859
633 1828 1866
1852 1856 1861
88 705 1808
1849 1826 1855
1825 1826 1830
1843 1844 1858
1848 1828 1862
1828 1848 1866
1842 1832 1873
1841 1817 1847
1818 139 1840
1848 376 1866
28 364 1872
1820 1816 1859
1812 1842 1873
1838 1827 1860
1844 1851 1858
1825 1830 1852
1821 1823 1824
1811 85 1854
1851 1844 1862
30 504 1869
1819 1820 1855
1826 1819 1855
637 28 1872
1867 378 1873
1822 1852 1861
1830 1831 1857
88 1808 1821
1816 1815 1859
1815 1811 1854
1861 1856 1869
1852 1830 1856
705 140 1808
1823 1833 1834
1824 1823 1870
702 137 1836
1823 1834 1870
1856 1830 1857
1859 1815 1871
1863 1829 1864
1863 1864 1865
88 1821 1822
1815 1854 1871
364 1853 1872
504 1861 1869
1864 703 1865
1843 1859 1871
1854 1835 1871
1832 1867 1873
1856 362 1869
1824 1870 1874
1870 1850 1874
137 701 1836
703 138 1865
84 380 379
84 700 380
85 1835 1854
701 135 1868
136 699 381
138 702 1836
140 704 1833
699 1877 40
1876 1879 709
709 1875 142
1875 1878 708
40 1877 1876
1875 1879 1878
709 1879 1875
707 1875 708
142 1875 707
1877 1879 1876
706 1880 136
1878 1879 1877
1880 1881 1878
141 1881 706
136 1880 699
706 1881 1880
40 1876 375
708 1881 141
1878 1881 708
1877 1880 1878
699 1880 1877
375 1876 39
39 1876 709
1883 1884 1882
1882 1885 1883
688 1883 687
711 1882 710
714 1884 715
712 1885 713
11 1886 688
710 1887 143
144 1889 711
687 1888 129
143 1887 714
715 1886 11
129 1888 712
713 1889 144
688 1886 1883
1882 1887 710
711 1889 1882
1883 1888 687
1883 1886 1884
1884 1887 1882
1885 1888 1883
1882 1889 1885
714 1887 1884
1884 1886 715
712 1888 1885
1885 1889 713
719 720 600
600 601 719
719 601 718
718 1890 145
718 601 602
717 1890 602
602 1890 718
145 1890 717
600 716 106
114 717 602
716 720 143
600 720 716
726 1893 722
722 148 726
725 1893 726
725 1897 1893
1892 1898 1891
1891 1894 1892
1891 1898 1893
1893 1897 1891
727 1894 728
728 1891 729
728 1894 1891
723 1892 724
1893 1898 722
721 1896 147
722 1898 723
147 1896 727
146 1895 721
1894 1895 1892
1894 1896 1895
149 1897 725
724 1895 146
729 1897 149
727 1896 1894
1892 1895 724
1891 1897 729
723 1898 1892
1895 1896 721
730 1905 69
732 1901 1900
733 1901 732
477 1904 736
153 1908 152
1901 1908 1902
734 1908 153
1901 1902 1900
1908 1910 1902
1899 1908 734
731 1905 150
1906 1909 1902
152 1908 1901
732 1900 151
476 1909 1906
1906 1907 1904
154 1907 735
735 1899 734
152 1901 733
1899 1910 1908
151 1903 731
1906 1910 1907
1902 1910 1906
476 1906 477
1902 1909 1900
477 1906 1904
1900 1909 1903
475 1909 476
736 1904 154
475 1905 1903
1900 1903 151
735 1907 1899
1907 1910 1899
1904 1907 154
1903 1905 731
1903 1909 475
69 1905 475
70 477 736
150 1905 730
153 739 734
739 1912 734
1911 1912 739
156 1911 739
155 1913 737
734 1912 735
737 1911 156
154 1914 738
1913 1914 1912
1911 1913 1912
738 1913 155
1912 1914 735
735 1914 154
737 1913 1911
738 1914 1913
744 742 160
744 1916 742
1915 1916 744
158 1915 744
157 1917 740
742 1916 743
740 1915 158
159 1918 741
1917 1918 1916
1915 1917 1916
741 1917 157
1916 1918 743
743 1918 159
740 1917 1915
741 1918 1917
746 480 745
747 480 746
480 72 745
480 747 73
745 161 746
747 746 162
750 748 749
750 749 731
731 150 750
749 151 731
748 163 749
164 748 750
752 704 751
752 751 692
692 131 752
692 751 132
752 139 704
704 140 751
753 690 130
753 1920 690
1919 1920 753
138 1919 753
139 1921 703
690 1920 691
703 1919 138
131 1922 752
1921 1922 1920
1919 1921 1920
752 1921 139
1920 1922 691
691 1922 131
703 1921 1919
752 1922 1921
754 1926 41
90 1926 754
755 1925 93
42 1925 755
41 1926 382
515 1926 90
93 1925 517
384 1925 42
1923 1924 516
383 1924 1923
517 1923 516
383 1923 384
382 1924 383
516 1924 515
382 1926 1924
1924 1926 515
517 1925 1923
1923 1925 384
472 758 756
760 470 757
67 757 470
756 68 472
758 165 756
760 757 166
470 759 471
760 759 470
759 472 471
759 758 472
762 763 584
583 584 763
764 583 763
168 1927 764
582 583 764
582 1927 765
764 1927 582
765 1927 168
112 761 584
113 582 765
761 167 762
762 584 761
774 1930 770
770 172 774
770 1930 771
1928 1935 1929
1930 1934 771
1929 1931 1928
1930 1935 1928
1928 1934 1930
768 1931 767
769 1928 768
1928 1931 768
772 1929 773
774 1935 1930
169 1933 766
766 1932 170
773 1935 774
1929 1932 1931
1932 1933 1931
771 1934 171
767 1933 169
171 1934 769
170 1932 772
1931 1933 767
772 1932 1929
769 1934 1928
1929 1935 773
766 1933 1932
775 1939 123
173 1939 775
779 1938 174
124 1938 779
123 1939 656
776 1939 173
174 1938 778
658 1938 124
1936 1937 777
657 1937 1936
778 1936 777
657 1936 658
656 1937 657
777 1937 776
656 1939 1937
1937 1939 776
778 1938 1936
1936 1938 658
785 1942 781
781 176 785
784 1942 785
784 1946 1942
1941 1947 1940
1940 1943 1941
1940 1947 1942
1942 1946 1940
776 1943 777
777 1940 778
777 1943 1940
782 1941 783
1942 1947 781
780 1945 173
781 1947 782
173 1945 776
175 1944 780
1943 1944 1941
1943 1945 1944
174 1946 784
783 1944 175
778 1946 174
776 1945 1943
1941 1944 783
1940 1946 778
782 1947 1941
1944 1945 780
175 1948 783
772 1948 170
786 1951 172
172 1951 774
176 1951 786
781 1951 176
170 1948 175
783 1948 772
773 1950 772
783 1950 782
782 1949 781
774 1949 773
1949 1950 773
782 1950 1949
772 1950 783
774 1951 1949
1949 1951 781
165 1953 787
787 1953 169
758 1953 165
169 1953 767
788 1955 166
171 1955 788
166 1955 760
769 1955 171
759 1952 758
767 1952 768
760 1954 759
768 1954 769
768 1952 759
759 1954 768
767 1953 1952
1952 1953 758
1954 1955 769
760 1955 1954
177 1958 789
163 1961 749
791 1959 1957
789 1961 163
152 1956 791
1956 1959 791
732 1960 1956
1956 1960 1959
732 1956 733
733 1956 152
1959 1961 1958
1960 1961 1959
749 1962 151
1961 1962 749
1960 1962 1961
790 1957 177
151 1962 732
1958 1961 789
1957 1959 1958
732 1962 1960
1957 1958 177
178 1957 790
791 1957 178
792 1964 178
156 1964 792
152 1963 153
791 1964 739
791 1963 152
153 1963 739
739 1963 791
739 1964 156
178 1964 791
794 741 793
795 741 794
741 157 793
159 741 795
179 794 793
795 794 180
158 1966 797
797 1966 182
181 1965 160
796 1966 744
160 1965 744
796 1965 181
744 1965 796
744 1966 158
182 1966 796
796 181 800
800 1967 796
799 1967 800
1969 1970 1967
798 1970 1969
799 1968 1967
746 1968 162
162 1968 799
798 1969 161
182 1970 798
1967 1970 796
161 1969 746
796 1970 182
1968 1969 1967
746 1969 1968
803 186 805
805 1972 803
1971 1972 805
184 1971 805
183 1973 801
803 1972 804
801 1971 184
185 1974 802
1973 1974 1972
1971 1973 1972
802 1973 183
1972 1974 804
804 1974 185
801 1973 1971
802 1974 1973
184 1976 807
807 1976 188
187 1975 186
806 1976 805
806 1975 187
186 1975 805
805 1975 806
805 1976 184
188 1976 806
138 1978 702
702 1978 137
134 1977 130
808 1978 753
130 1977 753
808 1977 134
753 1977 808
137 1978 808
753 1978 138
106 1979 546
545 1980 10
1979 1981 546
545 1981 1980
714 1981 1979
1980 1981 715
715 1981 714
10 1980 300
716 1979 106
546 1981 545
300 1980 11
11 1980 715
714 1979 143
143 1979 716
134 696 808
696 1982 808
695 1982 696
1984 1985 1982
701 1985 1984
695 1983 1982
698 1983 133
133 1983 695
701 1984 135
137 1985 701
1982 1985 808
135 1984 698
808 1985 137
1983 1984 1982
698 1984 1983
813 1994 191
1986 1994 1988
189 1994 1986
1988 1989 1986
810 1994 189
1989 1997 816
1988 1994 813
1990 1991 1987
817 1987 818
1987 1996 1990
190 1992 816
816 1997 817
816 1992 1989
812 1988 813
811 1990 812
809 1992 190
818 1995 193
812 1990 1988
193 1995 814
815 1993 192
814 1991 815
192 1993 811
1987 1995 818
1989 1992 1986
1990 1996 1988
817 1997 1987
811 1993 1990
1991 1995 1987
1986 1992 809
1991 1993 815
1990 1993 1991
1988 1996 1989
814 1995 1991
1996 1997 1989
1987 1997 1996
189 1986 809
191 1994 810
60 2001 819
819 2001 194
820 2000 59
195 2000 820
443 2001 60
194 2001 821
59 2000 441
823 2000 195
1998 1999 442
822 1999 1998
441 1998 442
822 1998 823
821 1999 822
442 1999 443
821 2001 1999
1999 2001 443
441 2000 1998
1998 2000 823
824 2009 58
2013 2014 2012
2004 2014 2013
2003 2016 2011
825 2009 196
440 2010 820
2006 2013 2012
2011 2015 2003
814 2004 193
2011 2016 2008
195 2005 828
2016 2017 2008
2008 2017 439
437 2006 438
2006 2008 438
827 2003 197
193 2007 825
438 2008 439
826 2002 192
192 2018 815
437 2013 2006
2006 2011 2008
2004 2007 193
197 2015 826
2003 2015 197
195 2010 2005
436 2013 437
2002 2015 2011
815 2014 814
2011 2012 2002
439 2017 440
2007 2009 825
828 2019 827
820 2010 195
826 2015 2002
2007 2013 436
2012 2018 2002
2002 2018 192
2006 2012 2011
827 2019 2003
814 2014 2004
2005 2017 2016
2014 2018 2012
2004 2013 2007
815 2018 2014
2010 2017 2005
2003 2019 2016
2005 2019 828
2016 2019 2005
440 2017 2010
436 2009 2007
58 2009 436
59 440 820
196 2009 824
841 2056 2057
190 840 839
809 839 189
834 200 2044
2045 2055 2063
2022 56 2028
2022 2028 2036
203 835 2035
2033 2049 2071
2021 2047 2048
2035 2044 2060
2032 2045 2054
2021 618 2049
2055 2040 2063
2054 2033 2071
2021 2048 2050
835 202 2041
2039 2043 2067
201 834 2041
2024 2036 2067
838 840 190
2049 618 2071
2045 2033 2054
2024 2022 2036
2045 2032 2055
2042 2027 2058
2027 2042 2066
2028 836 2046
836 203 2046
203 2035 2046
838 204 2056
2057 57 2065
2067 2043 2072
2038 2028 2046
2036 2028 2038
199 832 2042
2049 2033 2061
2027 2053 2070
619 2021 2050
2047 2021 2049
620 619 2050
2046 2035 2060
842 841 2065
2027 830 2053
831 830 2027
431 56 2020
199 2042 2043
204 837 2057
2044 2025 2060
2043 2039 2074
2053 2048 2070
2044 2035 2059
835 2041 2073
616 2032 2054
2031 2024 2067
619 618 2021
57 432 2034
2031 2067 2072
843 842 2040
2030 2024 2031
617 616 2054
840 838 2056
616 615 2032
2041 834 2059
2036 2038 2039
2020 56 2022
2050 2048 2053
830 829 2053
843 2040 2055
2038 2046 2060
831 2027 2066
844 843 2055
200 833 2025
56 836 2028
837 57 2057
833 199 2052
2025 833 2052
198 831 2066
432 431 2051
834 2044 2059
431 2020 2051
2023 2022 2024
618 617 2071
2052 2039 2076
2026 2024 2030
2039 2038 2076
2063 2062 2064
2030 2031 2037
2062 2051 2064
202 201 2041
829 115 2069
2056 204 2057
2029 2033 2045
615 116 2068
116 844 2068
2023 2024 2026
115 620 2069
2047 2049 2061
2023 2026 2029
2047 2037 2048
2030 2037 2047
2029 2026 2033
199 2043 2074
841 2057 2065
2051 2020 2064
620 2050 2069
2020 2022 2023
200 2025 2044
2070 2037 2072
2030 2047 2061
2058 2070 2072
832 198 2066
842 2065 2075
2043 2042 2058
2020 2023 2064
2053 829 2069
2033 2026 2061
2040 842 2075
844 2055 2068
2050 2053 2069
2034 432 2051
2026 2030 2061
2055 2032 2068
2034 2051 2062
2029 2045 2063
2032 615 2068
617 2054 2071
2029 2063 2064
2023 2029 2064
2037 2031 2072
2039 2052 2074
2035 835 2073
2036 2039 2067
2025 2052 2076
2042 832 2066
2048 2037 2070
2052 199 2074
2040 2062 2063
57 2034 2065
2060 2025 2076
2043 2058 2072
2058 2027 2070
2034 2062 2075
2041 2059 2073
2038 2060 2076
2062 2040 2075
2065 2034 2075
2059 2035 2073
190 839 809
841 840 2056
849 2079 845
845 205 849
848 2079 849
848 2083 2079
2078 2084 2077
2077 2080 2078
2077 2084 2079
2079 2083 2077
850 2080 851
851 2077 852
851 2080 2077
846 2078 847
2079 2084 845
834 2082 200
845 2084 846
200 2082 850
201 2081 834
2080 2081 2078
2080 2082 2081
206 2083 848
847 2081 201
852 2083 206
850 2082 2080
2078 2081 847
2077 2083 852
846 2084 2078
2081 2082 834
861 2087 857
861 857 210
857 2087 858
2085 2092 2086
2087 2091 858
2086 2088 2085
2087 2092 2085
2085 2091 2087
855 2088 854
856 2085 855
2085 2088 855
859 2086 860
861 2092 2087
207 2090 853
853 2089 208
860 2092 861
2086 2089 2088
2089 2090 2088
858 2091 209
854 2090 207
209 2091 856
208 2089 859
2088 2090 854
859 2089 2086
856 2091 2085
2086 2092 860
853 2090 2089
865 867 862
863 866 869
862 211 865
867 212 862
863 213 866
866 214 869
863 869 864
865 864 867
868 867 864
869 868 864
870 880 887
875 2099 876
449 217 63
2095 2109 858
62 217 449
2102 2109 2095
2097 2106 871
871 2105 2097
858 2109 857
2093 2102 2101
882 2103 148
209 2095 858
2093 2103 882
873 2100 2096
2101 2103 2093
2100 2101 2096
871 2106 872
725 2107 149
2107 2113 2097
873 2096 874
2101 2102 2096
872 2100 873
2097 2113 2106
2098 2099 875
874 2112 2104
726 2094 725
2096 2112 874
2103 2110 2094
857 2109 210
881 2105 62
2093 2109 2102
2094 2111 2103
874 2104 875
872 2106 2100
2095 2112 2102
210 2093 882
875 2104 2098
209 2108 2095
210 2109 2093
2104 2108 2098
148 2111 726
214 2098 883
2101 2110 2103
2106 2113 2100
2094 2107 725
149 2107 2097
866 2099 214
149 2097 881
2100 2113 2110
2100 2110 2101
2103 2111 148
726 2111 2094
2102 2112 2096
883 2108 209
2104 2112 2095
2095 2108 2104
2097 2105 881
2094 2113 2107
214 2099 2098
2098 2108 883
876 2099 213
2110 2113 2094
213 2099 866
871 217 62
62 2105 871
884 876 213
215 880 870
216 870 887
877 876 884
878 877 885
885 877 884
879 878 886
886 878 885
880 879 887
887 879 886
187 890 806
890 2114 806
889 2114 890
2116 2117 2114
888 2117 2116
889 2115 2114
891 2115 219
219 2115 889
888 2116 218
188 2117 888
2114 2117 806
218 2116 891
806 2117 188
2115 2116 2114
891 2116 2115
891 487 892
893 487 891
487 77 892
893 78 487
892 218 891
891 219 893
890 2120 889
889 2120 2119
488 2122 894
186 2126 187
893 2123 490
803 2126 186
2120 2121 2119
2120 2126 2121
2118 2126 803
2126 2128 2121
2124 2127 2121
187 2126 2120
2124 2125 2122
889 2119 219
2118 2128 2126
185 2125 804
804 2118 803
187 2120 890
489 2127 2124
2121 2127 2119
489 2124 488
2124 2128 2125
488 2124 2122
2121 2128 2124
219 2123 893
2119 2127 2123
490 2127 489
894 2122 185
2119 2123 219
804 2125 2118
2122 2125 185
2125 2128 2118
2123 2127 490
490 78 893
79 488 894
899 903 2179
905 177 789
801 184 2171
748 164 2179
2138 2148 2154
903 81 2175
888 2159 2167
888 218 2159
2140 2130 2151
2148 2138 2164
183 801 2139
183 2139 2157
2149 888 2167
892 77 2155
2134 892 2155
81 492 2140
81 2140 2175
2150 2134 2155
2144 2156 2162
492 2130 2140
2135 2151 2168
2129 640 2154
895 896 2133
2133 896 2152
2155 77 2178
902 903 2175
2174 2133 2177
2162 2156 2176
2133 2152 2156
2154 2148 2169
901 902 2135
2132 2137 2161
639 640 2129
641 2138 2154
2133 2156 2165
2157 2139 2163
2133 2165 2177
77 486 2160
2164 2135 2168
639 2129 2153
2152 2153 2176
641 642 2138
2136 2150 2155
640 641 2154
2134 2150 2163
2136 2131 2150
895 2133 2174
896 897 2152
901 2135 2158
2138 2158 2164
2150 2131 2157
2156 2152 2176
2161 2130 2166
2129 2154 2169
638 639 2153
218 892 2134
80 898 2131
2141 2136 2155
2130 2161 2173
898 183 2157
2131 898 2157
2137 2143 2161
2143 2145 2147
900 901 2158
76 895 2174
2151 2130 2173
2132 2131 2136
2143 2147 2161
119 638 2170
897 119 2170
2149 2167 2171
2147 2145 2148
2135 902 2180
2137 2136 2141
642 120 2172
2141 2155 2178
80 2131 2132
2153 2152 2170
120 900 2172
2150 2157 2163
2142 2141 2146
77 2160 2178
2143 2144 2145
2158 2135 2164
2156 2144 2165
2153 2129 2176
2132 2136 2137
2145 2144 2162
2143 2142 2144
218 2134 2159
2152 897 2170
2137 2142 2143
2137 2141 2142
486 76 2174
2132 2161 2166
2151 2135 2180
2138 642 2172
2162 2129 2169
184 807 2171
2160 2174 2177
638 2153 2170
2161 2147 2173
2148 2145 2169
2129 2162 2176
2147 2148 2168
807 2149 2171
2165 2146 2177
2142 2146 2165
2139 801 2167
2158 2138 2172
2146 2141 2178
2144 2142 2165
2140 2151 2180
900 2158 2172
2139 2159 2163
2160 2146 2178
2159 2134 2163
80 2132 2166
2167 801 2171
2148 2164 2168
902 2175 2180
2145 2162 2169
904 748 2179
2160 486 2174
2146 2160 2177
807 188 2149
2168 2151 2173
2147 2168 2173
2175 2140 2180
188 888 2149
492 80 2130
2130 80 2166
903 899 81
904 163 748
905 789 163
905 163 904
164 899 2179
903 904 2179
2159 2139 2167
3 2181 911
552 553 906
906 907 552
551 552 907
551 907 908
550 551 908
550 908 909
547 548 911
911 548 910
910 549 909
549 550 909
548 549 910
547 2181 244
911 2181 547
244 2181 3
2 547 244
284 7 906
8 284 553
906 553 284
0 240 555
554 2184 107
240 2183 555
914 2184 220
1 2183 240
220 2184 913
912 2183 1
913 2182 912
555 2182 554
2182 2183 912
913 2184 2182
555 2183 2182
2182 2184 554
107 2184 914
571 572 330
574 327 573
330 572 329
573 327 328
578 579 322
566 567 335
579 321 322
336 566 335
331 570 571
574 575 326
331 571 330
574 326 327
577 578 323
567 568 334
569 570 332
576 325 575
578 322 323
335 567 334
568 569 333
576 577 324
332 570 331
575 325 326
334 568 333
577 323 324
333 569 332
576 324 325
336 2185 566
110 2185 672
329 2186 328
328 2186 573
573 2186 572
572 2186 329
566 2185 110
321 664 12
672 336 15
579 109 664
664 321 579
672 2185 336
580 2187 112
111 2188 581
580 2189 2187
2187 2189 916
2188 2189 581
915 2189 2188
916 2189 915
112 2187 761
671 2188 111
581 2189 580
126 2188 671
915 2188 126
761 2187 167
167 2187 916
2203 2217 2204
2204 2217 2214
2210 2217 2213
2190 2207 2201
2210 2213 2191
684 2208 683
2213 2217 2203
2197 2198 2193
2201 2219 2190
685 2197 2193
2198 2199 2193
2198 2200 2199
2194 2206 675
686 2197 685
685 2193 684
674 2194 675
2200 2201 2199
675 2206 676
2193 2208 684
2200 2202 2201
920 2191 921
2192 2210 919
918 2192 919
624 2190 623
2200 2203 2202
919 2210 920
920 2210 2191
673 2209 674
624 2207 2190
625 2207 624
2204 2205 2202
2203 2204 2202
2198 2213 2200
2208 2221 683
626 2195 625
622 2196 621
674 2209 2194
2195 2207 625
2190 2212 623
918 2211 2192
2199 2208 2193
917 2211 918
2211 2214 2192
921 2215 922
2200 2213 2203
623 2212 622
2191 2215 921
622 2212 2196
2206 2214 2211
127 2224 917
676 2224 127
2212 2226 2196
2197 2220 2198
128 2223 686
683 2221 118
117 2222 673
2214 2217 2192
2202 2219 2201
2205 2226 2212
2195 2221 2208
2194 2225 2206
922 2223 128
118 2221 626
621 2222 117
673 2222 2209
2208 2218 2195
2209 2222 2196
2199 2218 2208
2206 2225 2214
2190 2219 2212
2209 2216 2194
2214 2225 2204
2215 2220 2197
686 2223 2197
2212 2219 2205
2206 2224 676
2204 2216 2205
2201 2218 2199
2207 2218 2201
2198 2220 2213
2192 2217 2210
2213 2220 2191
2205 2219 2202
2196 2226 2209
2197 2223 2215
2195 2218 2207
2211 2224 2206
626 2221 2195
2196 2222 621
917 2224 2211
2215 2223 922
2191 2220 2215
2209 2226 2216
2204 2225 2216
2216 2225 2194
2216 2226 2205
14 221 924
14 924 319
320 126 15
923 126 320
319 923 320
924 923 319
2230 2238 918
2235 2237 2230
918 2238 917
2232 2235 2230
2231 2236 2229
2227 2236 2231
2236 2237 2235
2237 2238 2230
2229 2236 2234
2231 2240 2227
2229 2242 2231
2230 2241 2232
921 2232 920
681 2231 680
919 2230 918
679 2229 678
128 2228 922
127 2227 682
2227 2237 2236
2234 2236 2235
2235 2239 2228
2232 2239 2235
917 2238 127
127 2238 2227
677 2233 128
128 2233 2228
921 2239 2232
681 2240 2231
922 2239 921
682 2240 681
2229 2243 678
920 2241 919
680 2242 679
678 2243 677
919 2241 2230
679 2242 2229
2228 2239 922
2227 2240 682
2232 2241 920
2231 2242 680
2234 2235 2228
2233 2243 2234
2234 2243 2229
2233 2234 2228
2227 2238 2237
677 2243 2233
16 557 337
108 2246 558
557 2245 337
222 2246 925
337 2245 17
926 2246 222
17 2245 927
927 2244 926
558 2244 557
927 2245 2244
2244 2246 926
2244 2245 557
558 2246 2244
925 2246 108
556 2248 108
107 2247 556
929 2248 928
928 2248 2247
928 2249 220
222 2250 929
2248 2250 925
914 2249 2247
220 2249 914
925 2250 222
929 2250 2248
2247 2249 928
2247 2248 556
914 2247 107
108 2248 925
144 930 871
941 6 940
874 5 129
250 5 875
875 5 874
940 6 939
129 712 874
872 713 144
871 872 144
255 215 256
880 215 255
256 215 931
930 217 871
940 223 941
251 250 876
876 250 875
877 252 251
877 251 876
253 252 878
878 252 877
254 253 879
879 253 878
255 254 880
880 254 879
256 931 257
257 932 258
931 932 257
932 933 258
259 933 934
935 260 934
936 263 262
939 265 938
712 713 873
874 712 873
873 713 872
6 265 939
258 933 259
260 259 934
935 261 260
936 262 261
936 261 935
937 264 263
937 263 936
938 265 264
938 264 937
863 884 213
863 2256 884
211 2255 865
885 2256 2252
864 2256 863
942 2260 199
2254 2256 864
884 2256 885
199 2260 832
946 2255 211
216 2257 944
887 2257 216
2256 2261 2252
2259 2263 2258
832 2251 198
2261 2264 2262
2254 2264 2261
2254 2261 2256
2253 2263 2259
885 2252 886
2253 2260 942
943 2253 942
2251 2255 198
865 2254 864
2253 2262 2260
2259 2262 2253
2255 2264 865
2258 2263 2257
2252 2258 886
886 2258 887
944 2263 943
2252 2259 2258
865 2264 2254
2257 2263 944
887 2258 2257
2262 2264 2251
943 2263 2253
2252 2261 2259
832 2260 2251
2251 2264 2255
2260 2262 2251
2261 2262 2259
198 2255 946
216 944 945
945 944 224
833 2268 199
200 2268 833
947 2267 206
224 2267 947
199 2268 942
850 2268 200
206 2267 852
944 2267 224
852 2265 851
943 2265 944
2265 2266 851
943 2266 2265
851 2266 850
942 2266 943
2266 2268 850
942 2268 2266
852 2267 2265
2265 2267 944
201 2269 847
948 2269 202
205 2272 951
845 2272 205
951 2272 225
225 2272 950
202 2269 201
847 2269 948
949 2271 948
847 2271 846
846 2270 845
950 2270 949
2270 2271 949
846 2271 2270
948 2271 847
2270 2272 845
950 2272 2270
950 2275 955
955 225 950
955 2275 956
2273 2280 2274
2275 2279 956
2274 2276 2273
2275 2280 2273
2273 2279 2275
953 2276 952
954 2273 953
2273 2276 953
948 2274 949
950 2280 2275
203 2278 835
835 2277 202
949 2280 950
2274 2277 2276
2277 2278 2276
956 2279 226
952 2278 203
226 2279 954
202 2277 948
2276 2278 952
948 2277 2274
954 2279 2273
2274 2280 949
835 2278 2277
838 2284 204
190 2284 838
825 2282 193
196 2282 825
204 2284 957
816 2284 190
959 2282 196
193 2282 818
958 2283 817
817 2281 958
817 2283 816
957 2283 958
818 2281 817
958 2281 959
2283 2284 816
957 2284 2283
818 2282 2281
2281 2282 959
960 2285 227
191 2285 813
826 2288 197
197 2288 962
192 2288 826
811 2288 192
227 2285 191
813 2285 960
961 2287 960
813 2287 812
962 2286 961
812 2286 811
812 2287 2286
2286 2287 961
960 2287 813
962 2288 2286
2286 2288 811
962 2291 827
197 962 827
827 2291 828
2289 2296 2290
2291 2295 828
2290 2292 2289
2291 2296 2289
2289 2295 2291
822 2292 821
823 2289 822
2289 2292 822
960 2290 961
962 2296 2291
194 2294 963
963 2293 227
961 2296 962
2290 2293 2292
2293 2294 2292
828 2295 195
821 2294 194
195 2295 823
227 2293 960
2292 2294 821
960 2293 2290
823 2295 2289
2290 2296 961
963 2294 2293
212 2298 964
964 2298 207
867 2298 212
207 2298 854
883 2300 214
209 2300 883
214 2300 869
856 2300 209
854 2297 855
868 2297 867
869 2299 868
855 2299 856
855 2297 868
868 2299 855
2297 2298 867
854 2298 2297
2299 2300 856
869 2300 2299
859 2301 208
146 2301 724
148 2304 882
722 2304 148
882 2304 210
210 2304 861
208 2301 146
724 2301 859
724 2303 723
860 2303 859
861 2302 860
723 2302 722
723 2303 2302
2302 2303 860
859 2303 724
2302 2304 722
861 2304 2302
711 2314 2308
2312 2317 2311
2306 2312 2311
63 2316 451
2305 2315 2314
2307 2317 2312
2305 2314 711
2311 2315 2305
217 2316 63
2310 2311 2305
710 2305 711
930 2308 217
2306 2311 2310
2306 2310 719
718 2306 719
719 2310 720
967 2307 966
2307 2312 966
966 2312 965
451 2313 450
710 2318 2305
143 2318 710
720 2318 143
450 2319 64
64 2319 967
145 2320 718
2305 2318 2310
965 2320 145
2308 2309 217
718 2320 2306
2316 2321 451
451 2321 2313
2310 2318 720
2314 2315 2309
2306 2320 2312
967 2319 2307
2313 2317 2307
2315 2321 2309
2309 2316 217
2307 2319 2313
2313 2319 450
2308 2314 2309
2312 2320 965
2309 2321 2316
2311 2317 2315
2317 2321 2315
2313 2321 2317
711 2308 144
144 2308 930
980 2342 981
2322 2363 2338
2338 2356 2322
2356 2359 2322
2327 2342 980
2327 2343 2341
2354 2359 2356
2341 2342 2327
2343 2345 2334
2333 2358 2346
2361 2362 2325
465 2328 466
978 2344 979
2339 2360 454
2330 2337 464
452 2329 453
2346 2358 2345
2344 2345 2343
2330 2357 2354
465 2337 2328
2340 2366 2342
2352 2353 2323
974 2350 975
2329 2339 453
2347 2351 2331
2354 2357 2352
2341 2360 2339
2324 2351 2348
2326 2344 978
979 2344 2327
2351 2353 2352
2349 2361 2325
2330 2356 2337
2348 2351 2347
2323 2354 2352
2351 2352 2331
2346 2362 2361
2329 2340 2339
2354 2356 2330
2348 2350 2324
2324 2350 974
2325 2350 2349
975 2350 2325
2337 2338 2328
2345 2358 2334
2327 2344 2343
2343 2360 2341
464 2337 465
2346 2361 2333
2324 2353 2351
453 2339 454
2352 2357 2331
2326 2345 2344
972 2353 973
973 2353 2324
2323 2353 972
2326 2346 2345
2333 2355 458
458 2355 459
2332 2348 2347
461 2347 2331
2349 2350 2348
2332 2347 460
459 2355 2332
459 2332 460
455 2334 456
461 2331 462
463 2330 464
457 2333 458
460 2347 461
2332 2349 2348
2332 2355 2349
979 2327 980
977 2326 978
969 2322 970
975 2325 976
971 2323 972
973 2324 974
2323 2359 2354
2334 2360 2343
463 2357 2330
2331 2357 462
454 2360 455
457 2358 2333
2334 2358 456
2322 2359 970
971 2359 2323
462 2357 463
2337 2356 2338
456 2358 457
970 2359 971
455 2360 2334
2333 2361 2355
2326 2362 2346
977 2362 2326
2325 2362 976
2340 2342 2341
968 2363 969
2340 2341 2339
2355 2361 2349
976 2362 977
981 2366 982
2342 2366 981
984 2336 985
983 2364 984
966 2365 967
969 2363 2322
965 2335 966
984 2364 2336
2363 2371 2338
2340 2372 2366
2335 2365 966
168 2367 968
466 2368 65
64 2369 452
982 2370 145
2336 2371 2363
2363 2367 2336
968 2367 2363
985 2367 168
65 2368 983
967 2369 64
145 2370 965
2366 2370 982
2366 2372 2335
2328 2368 466
452 2369 2329
2335 2370 2366
2338 2371 2328
2329 2372 2340
2328 2371 2364
2364 2368 2328
2329 2369 2365
2365 2372 2329
2336 2367 985
983 2368 2364
2365 2369 967
965 2370 2335
2364 2371 2336
2335 2372 2365
2376 2382 986
2379 2385 2380
2379 2380 2374
467 2384 66
2382 2383 2373
986 2382 2373
2373 2383 2379
66 2384 229
2373 2379 2378
986 2373 987
2380 2385 2375
229 2376 988
2378 2379 2374
763 2378 2374
763 2374 764
762 2378 763
984 2375 983
984 2380 2375
985 2380 984
468 2381 467
2373 2386 987
987 2386 167
167 2386 762
65 2387 468
983 2387 65
764 2388 168
2378 2386 2373
168 2388 985
229 2377 2376
2377 2383 2382
2374 2388 764
467 2389 2384
2381 2389 467
762 2386 2378
2377 2389 2383
2380 2388 2374
2375 2387 983
229 2384 2377
2381 2387 2375
2375 2385 2381
468 2387 2381
2377 2382 2376
985 2388 2380
2384 2389 2377
2383 2389 2385
2383 2385 2379
2385 2389 2381
228 2376 986
988 2376 228
484 794 989
990 794 484
484 74 990
989 75 484
794 179 989
180 794 990
74 2395 990
483 2395 74
800 2392 799
799 2392 2391
160 2399 181
2396 2400 2393
747 2397 481
742 2399 160
2394 2395 483
2392 2393 2391
2392 2399 2393
2390 2399 742
2399 2401 2393
482 2400 2396
2393 2401 2396
159 2398 743
2396 2398 2394
181 2399 2392
483 2396 2394
180 2395 795
2396 2401 2398
799 2391 162
482 2396 483
2398 2401 2390
2390 2401 2399
743 2390 742
181 2392 800
2393 2400 2391
743 2398 2390
162 2397 747
2391 2400 2397
481 2400 482
2391 2397 162
795 2394 159
2394 2398 159
2397 2400 481
795 2395 2394
481 73 747
990 2395 180
895 76 2453
737 156 2435
157 740 2431
179 793 2438
2457 2440 2458
2440 2428 2458
2423 2457 2458
72 479 2449
2408 2430 2433
2407 2411 2420
2443 2440 2457
2420 2411 2425
177 905 2436
155 737 2454
2421 2440 2443
904 2448 2459
75 2450 2452
479 71 2403
2430 2408 2431
2430 2419 2433
895 2442 2447
2436 905 2454
2420 2425 2432
2417 798 2467
2417 2430 2431
158 2426 2464
2403 71 2418
905 2434 2454
2419 2407 2420
161 745 2429
2419 2420 2433
904 903 2448
2418 71 2468
2404 2407 2419
2416 2437 2444
2414 2416 2444
2444 895 2447
2406 72 2449
2426 798 2462
745 72 2404
2424 75 2452
2438 793 2461
2437 2416 2469
745 2404 2429
2428 2440 2456
645 2405 2439
76 485 2424
2421 2439 2440
2413 2443 2457
793 2408 2461
2445 2418 2448
792 178 2412
2442 895 2453
2421 644 2439
645 646 2405
737 2435 2436
902 901 2413
643 644 2421
897 896 2437
2404 2406 2407
644 645 2439
2439 2405 2456
903 902 2445
2405 646 2441
2448 2418 2468
2441 2437 2469
896 895 2444
905 904 2434
2411 2409 2447
646 647 2441
2404 2419 2429
2413 901 2443
901 900 2443
2407 2409 2411
2450 2451 2452
2415 2410 2427
2437 896 2444
903 2445 2448
2410 2406 2449
2432 2425 2451
2405 2446 2456
161 2429 2467
2449 479 2460
902 2413 2445
155 2454 2455
2417 2431 2463
647 119 2465
119 897 2465
2412 177 2436
2415 2428 2446
2408 2433 2461
737 2436 2454
2404 72 2406
2415 2427 2428
2429 2419 2430
120 643 2466
2414 2444 2447
2416 2415 2446
900 120 2466
793 157 2408
2448 2422 2459
798 2417 2462
2431 740 2463
2414 2415 2416
2414 2410 2415
2403 2418 2423
2403 2458 2460
485 75 2424
71 991 2422
2427 2410 2449
2409 2414 2447
2424 2452 2453
2430 2417 2467
2440 2439 2456
2426 2462 2464
2429 2430 2467
2420 2432 2433
2422 2448 2468
643 2421 2466
991 155 2455
2442 2411 2447
897 2437 2465
2407 2406 2409
2441 647 2465
2418 2445 2471
2409 2410 2414
2458 2427 2460
2434 904 2459
2403 2423 2458
2437 2441 2465
2408 157 2431
2405 2441 2469
792 2412 2435
2413 2457 2471
2446 2428 2456
75 989 2450
2409 2406 2410
2428 2427 2458
790 177 2412
2421 2443 2466
2443 900 2466
2454 2434 2455
2445 2413 2471
989 2402 2450
2451 2425 2452
178 790 2412
2422 991 2455
2425 2442 2452
479 2403 2460
989 179 2402
2425 2411 2442
797 182 2426
2457 2423 2471
2427 2449 2460
2416 2446 2469
2446 2405 2469
2423 2418 2471
2433 2432 2461
2451 2402 2470
2432 2451 2470
2462 2417 2463
2450 2402 2451
2462 2463 2464
2422 2455 2459
2402 179 2438
2435 2412 2436
71 2422 2468
2463 740 2464
2452 2442 2453
156 792 2435
2455 2434 2459
2461 2432 2470
2402 2438 2470
2438 2461 2470
740 158 2464
182 798 2426
76 2424 2453
158 797 2426
798 161 2467
738 991 478
738 478 736
478 70 736
991 71 478
154 738 736
738 155 991
508 534 89
90 533 534
165 787 2511
169 766 2505
655 105 2522
2480 2501 2525
2507 2493 2512
105 542 2522
766 170 2500
473 68 2473
175 780 2500
2517 2502 2540
2481 2516 2526
2491 2510 2531
2509 2516 2523
2486 2509 2523
604 2491 2531
2493 2507 2515
532 41 2533
2526 2516 2529
2492 780 2537
2491 2509 2510
41 2496 2533
473 2473 2526
754 533 90
2491 2508 2509
2473 2481 2526
2501 2489 2502
2505 2518 2519
2518 2492 2519
2488 2483 2489
542 2487 2522
173 775 2504
2493 2479 2512
2473 68 2474
2509 2486 2510
2502 2503 2540
2498 2513 2524
531 532 2533
2477 2483 2488
542 543 2487
2495 655 2522
775 123 2477
2487 543 2506
2494 531 2529
41 474 2496
775 2477 2504
2506 2490 2527
2529 531 2533
2477 2482 2483
530 531 2494
2500 780 2539
2508 2494 2509
2502 2489 2503
2534 2521 2536
766 2500 2518
2488 2489 2501
2501 2480 2519
530 2494 2508
2497 2512 2520
2490 607 2513
604 603 2491
2506 2527 2536
607 606 2513
2519 2492 2530
2507 2482 2515
543 544 2506
2498 2524 2528
608 607 2490
2513 2498 2538
2513 606 2524
2485 2479 2493
529 530 2508
2489 2483 2497
2477 123 2482
2528 2524 2531
2530 2492 2537
68 2472 2540
2503 2497 2520
2496 2526 2529
2479 2476 2512
2477 2488 2504
2482 2495 2515
2521 2487 2536
2509 2494 2516
173 2504 2537
2489 2497 2503
474 473 2526
2474 68 2514
170 175 2500
68 756 2472
605 604 2531
2512 2476 2520
2485 2493 2499
603 97 2532
97 529 2532
2502 2517 2525
2487 2521 2522
2516 2481 2523
2490 2506 2535
544 96 2535
2510 2486 2528
2475 2474 2476
2484 2485 2498
787 2480 2525
2506 544 2535
96 608 2535
2487 2506 2536
2483 2482 2507
787 169 2480
2484 2479 2485
2475 2476 2478
2505 766 2518
2478 2484 2486
2478 2476 2479
2478 2479 2484
606 605 2524
2490 2513 2527
2527 2499 2536
2504 2530 2537
2485 2499 2538
2515 2495 2521
2473 2475 2481
2473 2474 2475
2482 123 2495
529 2508 2532
2511 787 2525
780 2492 2539
2491 603 2532
2476 2474 2520
2503 2514 2540
2508 2491 2532
2475 2478 2523
2486 2484 2528
2521 2495 2522
2478 2486 2523
2484 2498 2528
2497 2507 2512
2496 474 2526
2497 2483 2507
2510 2528 2531
608 2490 2535
2514 2503 2520
2481 2475 2523
2472 2511 2517
2504 2488 2530
2499 2527 2538
2514 68 2540
2496 2529 2533
2516 2494 2529
2499 2534 2536
2480 169 2505
2488 2501 2530
756 165 2472
2499 2493 2534
2480 2505 2519
2498 2485 2538
2501 2519 2530
2518 2500 2539
2517 2511 2525
2472 2517 2540
2524 605 2531
2493 2515 2534
2515 2521 2534
2474 2514 2520
2492 2518 2539
2527 2513 2538
2472 165 2511
41 532 533
41 533 754
90 534 508
123 655 2495
780 173 2537
2501 2502 2525
229 469 66
124 2556 996
784 2557 2543
996 2556 997
785 2557 784
2550 2555 1000
2543 2557 2548
171 2553 771
2547 2548 2541
1000 2555 1001
2544 2555 2550
2552 2554 997
172 2549 786
997 2554 998
2550 2560 2544
786 2549 2541
2541 2549 2547
2544 2560 2553
784 2543 174
2545 2547 2546
998 2545 999
2545 2546 999
2545 2548 2547
166 2551 788
999 2546 1000
2546 2550 1000
2548 2554 2543
1001 2555 2551
771 2542 770
176 2557 785
2558 2560 2550
998 2554 2545
2542 2558 2549
2545 2554 2548
2548 2557 2541
2546 2558 2550
2549 2559 2542
786 2541 176
771 2553 2542
174 2552 779
997 2556 2552
2541 2557 176
770 2559 172
2549 2558 2547
2553 2560 2542
779 2556 124
2543 2552 174
172 2559 2549
2547 2558 2546
2542 2559 770
2543 2554 2552
788 2544 171
2551 2555 2544
2552 2556 779
2544 2553 171
788 2551 2544
2542 2560 2558
229 67 469
229 1001 67
67 2551 757
1001 2551 67
124 996 662
992 230 125
659 992 125
757 2551 166
660 993 659
993 992 659
661 994 660
994 993 660
662 995 661
995 994 661
996 995 662
802 898 491
802 491 894
491 79 894
898 80 491
802 183 898
802 894 185
1002 2567 82
1004 2563 2562
1005 2563 1004
496 2566 1006
142 2570 233
2563 2570 2564
707 2570 142
2563 2564 2562
2570 2572 2564
2561 2570 707
1003 2567 231
2568 2571 2564
233 2570 2563
1004 2562 232
495 2571 2568
2568 2569 2566
141 2569 708
708 2561 707
233 2563 1005
2561 2572 2570
232 2565 1003
2568 2572 2569
2564 2572 2568
495 2568 496
2564 2571 2562
496 2568 2566
2562 2571 2565
494 2571 495
1006 2566 141
494 2567 2565
2562 2565 232
708 2569 2561
2569 2572 2561
2566 2569 141
2565 2567 1003
2565 2571 494
82 2567 494
83 496 1006
231 2567 1002
497 706 700
1006 706 497
497 83 1006
700 84 497
706 136 700
1006 141 706
751 705 503
751 503 693
503 87 693
705 88 503
132 751 693
751 140 705
1007 507 371
1002 507 1007
507 35 371
371 36 1007
1002 82 507
1007 231 1002
374 2574 38
39 2574 374
233 2573 142
1008 2574 709
1008 2573 233
142 2573 709
709 2573 1008
38 2574 1008
709 2574 39
1008 233 1005
1005 2575 1008
1004 2575 1005
2577 2578 2575
373 2578 2577
1004 2576 2575
1009 2576 232
232 2576 1004
373 2577 37
38 2578 373
2575 2578 1008
37 2577 1009
1008 2578 38
2576 2577 2575
1009 2577 2576
1009 1007 372
1003 1007 1009
1007 36 372
372 37 1009
1003 231 1007
1009 232 1003
91 2579 512
1010 2579 98
92 2582 1013
510 2582 92
1013 2582 234
234 2582 1012
98 2579 91
512 2579 1010
512 2581 511
1011 2581 1010
1012 2580 1011
511 2580 510
2580 2581 1011
511 2581 2580
1010 2581 512
2580 2582 510
1012 2582 2580
1012 2585 1017
1017 234 1012
1017 2585 1018
2583 2590 2584
2585 2589 1018
2584 2586 2583
2585 2590 2583
2583 2589 2585
1015 2586 1014
1016 2583 1015
2583 2586 1015
1010 2584 1011
1012 2590 2585
99 2588 535
535 2587 98
1011 2590 1012
2584 2587 2586
2587 2588 2586
1018 2589 235
1014 2588 99
235 2589 1016
98 2587 1010
2586 2588 1014
1010 2587 2584
1016 2589 2583
2584 2590 1011
535 2588 2587
1023 2593 1019
1023 1019 236
1019 2593 1020
2591 2598 2592
2593 2597 1020
2592 2594 2591
2593 2598 2591
2591 2597 2593
653 2594 652
654 2591 653
2591 2594 653
1021 2592 1022
1023 2598 2593
103 2596 539
539 2595 102
2592 2595 2594
1022 2598 1023
2595 2596 2594
1020 2597 122
652 2596 103
122 2597 654
102 2595 1021
2594 2596 652
1021 2595 2592
654 2597 2591
2592 2598 1022
539 2596 2595
1021 2599 102
101 2599 1027
1024 2602 236
236 2602 1023
237 2602 1024
1025 2602 237
102 2599 101
1027 2599 1021
1027 2601 1026
1022 2601 1021
1023 2600 1022
1026 2600 1025
2600 2601 1022
1026 2601 2600
1021 2601 1027
1023 2602 2600
2600 2602 1025
1029 2605 1025
1025 237 1029
1028 2605 1029
1028 2609 2605
2604 2610 2603
2603 2606 2604
2603 2610 2605
2605 2609 2603
1030 2606 1031
1031 2603 1032
1031 2606 2603
1026 2604 1027
2605 2610 1025
538 2608 100
1025 2610 1026
100 2608 1030
101 2607 538
2606 2607 2604
2606 2608 2607
238 2609 1028
1027 2607 101
1032 2609 238
1030 2608 2606
2604 2607 1027
2603 2609 1032
1026 2610 2604
2607 2608 538
537 2614 94
100 2614 537
1033 2612 238
95 2612 1033
94 2614 519
1030 2614 100
238 2612 1032
521 2612 95
520 2613 1031
1031 2611 520
1031 2613 1030
519 2613 520
1032 2611 1031
520 2611 521
2613 2614 1030
519 2614 2613
1032 2612 2611
2611 2612 521
988 228 1001
1035 13 1034
221 14 998
1036 13 1035
14 318 997
14 997 998
221 998 1045
1001 228 1000
1000 228 1046
988 1001 229
312 230 313
1044 230 312
313 230 992
1034 239 1035
1036 1037 303
305 1039 306
1040 1041 308
1041 1042 309
311 310 1043
310 1042 1043
1044 312 311
1044 311 1043
992 314 313
993 315 314
993 314 992
994 316 315
994 315 993
995 317 316
995 316 994
996 318 317
996 317 995
997 318 996
1045 998 999
1046 999 1000
1045 999 1046
303 13 1036
303 1037 304
304 1038 305
304 1037 1038
1038 1039 305
306 1039 307
307 1040 308
1039 1040 307
308 1041 309
309 1042 310
1047 2618 61
147 2618 1047
881 2617 149
62 2617 881
61 2618 446
727 2618 147
149 2617 729
448 2617 62
2615 2616 728
447 2616 2615
729 2615 728
447 2615 448
446 2616 447
728 2616 727
446 2618 2616
2616 2618 727
729 2617 2615
2615 2617 448
212 964 2673
207 853 2654
2661 2660 2675
2672 211 2676
610 609 2652
963 227 2687
2632 147 2660
2632 2660 2661
810 189 2687
2627 2644 2645
2647 2645 2648
2627 2645 2646
612 611 2655
2646 2645 2647
853 208 2640
146 721 2640
2647 2648 2667
2627 2631 2644
2656 2647 2667
2649 2644 2669
2625 2642 2664
2627 2621 2631
2656 2667 2673
2629 2644 2665
2652 609 2678
611 2628 2655
2661 2654 2666
2657 2637 2672
2635 60 2636
2628 2641 2655
2668 841 2671
2641 2628 2651
2632 2661 2666
2625 612 2655
2642 2653 2664
2670 2658 2677
2642 2625 2655
2644 2629 2669
2628 610 2652
2619 2672 2676
2630 2638 2671
189 839 2639
194 2658 2670
2638 2630 2680
841 842 2671
2644 2631 2665
2624 2650 2688
2658 840 2677
2619 2667 2672
831 2657 2669
2639 963 2687
2635 2636 2668
2648 2657 2672
2645 2644 2649
2629 831 2669
839 840 2658
830 831 2629
2659 2662 2664
61 445 2620
2659 2664 2680
2638 2635 2671
2651 2628 2652
2640 721 2682
853 2640 2666
2650 2661 2675
609 115 2678
2646 2647 2650
842 843 2630
611 610 2628
115 829 2678
2630 843 2659
963 2639 2658
227 191 2687
2647 2656 2688
2629 2665 2684
613 612 2625
946 211 2637
1047 61 2626
964 2624 2656
830 2629 2663
444 60 2622
843 844 2659
2650 2624 2661
613 2625 2662
189 2639 2687
2622 60 2635
2653 2642 2683
61 2620 2621
829 830 2663
614 613 2662
2653 2638 2680
2621 2627 2686
444 2622 2674
1047 2626 2660
2622 2643 2674
147 1047 2660
208 146 2640
842 2630 2671
2633 2623 2634
2630 2659 2680
2662 2625 2664
2663 2629 2684
2641 2634 2642
2643 2638 2653
964 2656 2673
116 614 2681
844 116 2681
2633 2641 2651
2654 853 2666
2633 2634 2641
964 207 2624
445 444 2674
2641 2642 2655
2621 2623 2631
2631 2623 2633
840 841 2677
829 2663 2678
841 2668 2677
2648 2645 2649
2631 2633 2665
2622 2638 2643
2656 2624 2688
2639 839 2658
2633 2651 2665
2663 2652 2678
2621 2620 2623
2635 2668 2671
60 819 2636
2660 2626 2675
819 194 2670
2650 2647 2688
2668 2636 2677
2626 61 2686
2648 2649 2657
2634 2623 2679
2622 2635 2638
721 2632 2682
2623 2620 2679
2627 2646 2685
61 2621 2686
2642 2634 2683
2620 445 2674
2659 844 2681
2664 2653 2680
2646 2650 2675
2667 2648 2672
2620 2674 2679
2651 2652 2684
614 2662 2681
2662 2659 2681
2624 2654 2661
2675 2626 2685
2652 2663 2684
2624 207 2654
862 2619 2676
2636 819 2670
2643 2653 2683
2646 2675 2685
2634 2679 2683
862 212 2619
211 862 2676
2666 2640 2682
2636 2670 2677
2679 2643 2683
2674 2643 2679
2657 2649 2669
2665 2651 2684
2632 2666 2682
2619 212 2673
2685 2626 2686
2627 2685 2686
721 147 2632
191 810 2687
194 963 2658
831 198 2637
198 946 2637
2637 211 2672
831 2637 2657
2667 2619 2673
433 837 957
435 959 824
433 57 837
435 824 58
196 824 959
957 837 204
433 957 434
958 435 434
957 958 434
958 959 435
56 2692 836
836 2692 203
1048 2691 55
226 2691 1048
430 2692 56
203 2692 952
55 2691 428
954 2691 226
2689 2690 429
953 2690 2689
428 2689 429
953 2689 954
952 2690 953
429 2690 430
952 2692 2690
2690 2692 430
428 2691 2689
2689 2691 954
2695 2702 2700
935 2706 936
2700 2708 2695
2700 2702 2697
2703 2712 2710
224 2704 931
2701 2706 2702
2699 2712 2703
2697 2702 934
2693 2700 2699
2710 2712 2694
2699 2703 2693
2698 2699 2697
933 2698 2697
2694 2707 2705
848 2705 206
226 2695 956
2702 2706 935
931 2709 932
2693 2711 2700
933 2697 934
932 2698 933
932 2707 2698
2699 2700 2697
2694 2712 2707
849 2694 848
947 2704 224
932 2709 2707
934 2702 935
2700 2711 2708
956 2708 955
225 2693 951
951 2703 205
205 2710 849
955 2711 225
2693 2703 951
206 2705 2696
936 2706 55
2698 2712 2699
55 2706 1048
206 2696 947
2694 2705 848
226 2701 2695
2705 2707 2696
2695 2708 956
849 2710 2694
2696 2709 2704
1048 2701 226
2703 2710 205
2707 2709 2696
2701 2702 2695
2704 2709 931
2696 2704 947
225 2711 2693
2707 2712 2698
2708 2711 955
1048 2706 2701
223 427 54
424 937 55
937 936 55
931 215 224
945 224 215
945 215 870
945 870 216
223 940 427
425 938 424
938 937 424
426 939 425
939 938 425
427 940 426
940 939 426
423 2734 54
2713 2732 2723
2713 2723 2721
2718 2739 941
6 2739 266
2731 2732 2713
2732 2738 2723
266 2713 267
2714 2726 2723
2723 2738 2714
908 2722 2716
2724 2727 2726
223 2718 941
2724 2726 2714
2722 2726 2716
266 2739 2713
2723 2726 2722
422 2724 2714
2726 2727 2716
2721 2723 2722
422 2714 423
2713 2739 2731
2716 2725 909
421 2724 422
2715 2724 421
2721 2722 907
908 2716 909
907 2722 908
906 2721 907
910 2725 2717
909 2725 910
910 2717 911
420 2715 421
54 2734 223
2715 2727 2724
419 2730 420
2716 2727 2725
2715 2729 2727
2727 2729 2725
7 2733 906
2725 2729 2717
2721 2733 2713
267 2733 7
2713 2733 267
420 2730 2715
1049 2728 1050
1050 2720 1051
2715 2730 2729
911 2735 3
53 2736 419
2714 2738 423
1050 2728 2720
419 2736 2730
2730 2736 2720
3 2735 1049
1051 2736 53
2717 2735 911
2720 2737 2730
2719 2738 2732
2730 2737 2729
906 2733 2721
223 2719 2718
2734 2738 2719
2728 2735 2717
2719 2732 2731
2729 2737 2717
2719 2731 2718
2717 2737 2728
1049 2735 2728
2720 2736 1051
223 2734 2719
2728 2737 2720
423 2738 2734
2731 2739 2718
941 2739 6
2745 2746 2740
2745 2754 2746
2740 2753 2745
416 2741 417
247 2740 246
417 2744 418
246 2746 245
1051 2742 1050
2741 2744 417
1054 2743 1053
2741 2745 2744
2740 2746 246
1053 2747 1052
1050 2748 1049
2743 2747 1053
2742 2748 1050
2746 2754 2743
2744 2753 2742
418 2749 53
245 2750 1
52 2751 416
3 2752 247
2745 2753 2744
53 2749 1051
1 2750 1054
2744 2749 418
2746 2750 245
1052 2751 52
2742 2749 2744
1049 2752 3
2743 2750 2746
416 2751 2741
2741 2754 2745
247 2752 2740
2748 2753 2740
2747 2754 2741
2741 2751 2747
2740 2752 2748
1051 2749 2742
1054 2750 2743
2747 2751 1052
2748 2752 1049
2743 2754 2747
2742 2753 2748
2758 2760 2759
2758 2759 2757
2758 2764 2756
1057 2764 2758
2755 2761 2757
2756 2763 2760
1057 2758 1056
2759 2762 2755
52 2762 1052
1055 2761 51
220 2764 1057
1054 2763 1
2757 2761 1055
2759 2760 1053
2756 2760 2758
1056 2757 1055
1056 2758 2757
912 2756 913
414 2755 415
1052 2759 1053
2760 2763 1054
1052 2762 2759
2757 2759 2755
1053 2760 1054
912 2763 2756
2756 2764 913
414 2761 2755
2755 2762 415
51 2761 414
415 2762 52
1 2763 912
913 2764 220
2769 2770 2768
2767 2769 2768
2766 2773 2768
2768 2773 1058
2767 2772 2765
2770 2774 2766
1059 2768 1058
222 2772 1060
1057 2771 220
1058 2773 50
51 2774 1055
2765 2771 2769
1060 2772 2767
1056 2770 2769
2768 2770 2766
1060 2767 1059
2767 2768 1059
413 2766 412
928 2765 929
1056 2769 1057
1055 2774 2770
2769 2771 1057
2765 2769 2767
1055 2770 1056
2765 2772 929
413 2773 2766
2766 2774 412
928 2771 2765
220 2771 928
412 2774 51
929 2772 222
50 2773 413
2778 2780 2779
2778 2779 2777
2778 2784 2776
1061 2784 2778
2775 2781 2777
2776 2783 2780
1061 2778 1062
2779 2782 2775
50 2782 1058
1063 2781 49
17 2784 1061
1060 2783 222
2777 2781 1063
2779 2780 1059
2776 2780 2778
1062 2777 1063
1062 2778 2777
926 2776 927
410 2775 411
1058 2779 1059
2780 2783 1060
1058 2782 2779
2777 2779 2775
1059 2780 1060
926 2783 2776
2776 2784 927
410 2781 2775
2775 2782 411
49 2781 410
411 2782 50
222 2783 926
927 2784 17
2785 2791 2790
2791 2799 2790
2790 2798 2785
408 2786 409
339 2785 338
407 2789 408
340 2791 339
1065 2787 1064
408 2789 2786
1062 2788 1061
2789 2790 2786
339 2791 2785
1063 2792 1062
1066 2793 1065
1062 2792 2788
1065 2793 2787
2787 2798 2789
2788 2799 2791
48 2794 407
17 2795 340
409 2796 49
338 2797 18
2789 2798 2790
1064 2794 48
1061 2795 17
407 2794 2789
340 2795 2791
2789 2794 2787
49 2796 1063
18 2797 1066
2791 2795 2788
2790 2799 2786
2786 2796 409
2785 2797 338
2786 2799 2792
2785 2798 2793
2792 2796 2786
2793 2797 2785
2787 2794 1064
2788 2795 1061
1063 2796 2792
1066 2797 2793
2792 2799 2788
2793 2798 2787
47 2821 402
2810 2819 2800
2808 2810 2800
1034 2826 2805
302 2826 13
2800 2819 2818
2810 2825 2819
301 2800 302
2810 2813 2801
2801 2825 2810
2803 2809 668
2813 2814 2811
1034 2805 239
2803 2813 2809
2801 2813 2811
2800 2826 302
2809 2813 2810
2809 2810 2808
2803 2814 2813
402 2801 403
2818 2826 2800
404 2811 2802
2801 2811 403
2804 2812 666
669 2809 2808
667 2803 668
668 2809 669
667 2812 2803
669 2808 670
403 2811 404
666 2812 667
665 2804 666
404 2802 405
239 2821 47
2811 2814 2802
405 2817 406
2812 2814 2803
2812 2816 2814
2804 2816 2812
2814 2816 2802
670 2820 12
2800 2820 2808
12 2820 301
301 2820 2800
2802 2817 405
1065 2815 1066
2816 2817 2802
1064 2807 1065
18 2823 665
406 2824 48
402 2825 2801
2807 2815 1065
2817 2824 406
2807 2824 2817
1066 2823 18
48 2824 1064
665 2823 2804
2817 2822 2807
2819 2825 2806
2816 2822 2817
2808 2820 670
2805 2806 239
2806 2825 2821
2804 2823 2815
2818 2819 2806
2804 2822 2816
2805 2818 2806
2815 2822 2804
2815 2823 1066
1064 2824 2807
2806 2821 239
2807 2822 2815
2821 2825 402
2805 2826 2818
13 2826 1034
1039 1038 46
522 2832 1039
2837 2844 2834
1039 2845 1040
1044 2838 121
125 230 663
2844 2847 2834
2836 2842 2835
2834 2835 2827
2829 2842 2836
2828 2847 2844
2827 2837 2834
1040 2845 2836
1040 2836 1041
1028 2829 238
2829 2845 2839
2840 2841 2828
2831 2834 2833
1043 2843 1044
2836 2845 2829
122 2840 1020
2835 2846 2827
2831 2833 1042
2833 2841 1043
1041 2831 1042
1041 2836 2831
2841 2843 1043
1042 2833 1043
2831 2835 2834
121 2838 651
1020 2828 1019
2841 2847 2828
2842 2846 2835
1033 2832 95
1029 2842 1028
1024 2827 237
2829 2839 238
236 2837 1024
2831 2836 2835
237 2846 1029
1020 2840 2828
1019 2844 236
1024 2837 2827
1028 2842 2829
651 2830 122
2834 2847 2833
2838 2843 2830
2828 2844 1019
2830 2841 2840
2830 2840 122
2830 2843 2841
1044 2843 2838
236 2844 2837
238 2839 1033
2833 2847 2841
651 2838 2830
2827 2846 237
1029 2846 2842
2839 2845 2832
1033 2839 2832
46 1038 401
46 522 1039
398 239 47
95 2832 522
230 121 663
230 1044 121
1035 239 398
399 1035 398
400 1036 399
1036 1035 399
401 1037 400
1037 1036 400
1038 1037 401
2832 2845 1039
44 2851 536
536 2851 99
1067 2850 43
235 2850 1067
392 2851 44
99 2851 1014
43 2850 390
1016 2850 235
2848 2849 391
1015 2849 2848
390 2848 391
1015 2848 1016
1014 2849 1015
391 2849 392
1014 2851 2849
2849 2851 392
390 2850 2848
2848 2850 1016
2860 2863 2853
755 2858 389
385 2859 1067
2861 2865 2864
2853 2862 2860
2857 2863 2860
513 2855 93
235 2854 1018
385 2864 2859
387 2857 2856
2864 2865 2854
387 2856 386
92 2853 514
388 2866 2857
2857 2866 2863
388 2857 387
2859 2864 2854
386 2864 385
2857 2860 2856
234 2852 1013
1017 2867 234
2861 2864 2856
1013 2862 92
92 2862 2853
235 2859 2854
2855 2858 93
2860 2862 2852
2856 2864 386
1018 2865 1017
2852 2861 2860
389 2866 388
514 2868 513
2852 2862 1013
93 2858 755
1067 2859 235
2852 2867 2861
2860 2861 2856
234 2867 2852
2854 2865 1018
2853 2868 514
2863 2866 2855
2861 2867 2865
2855 2866 2858
2865 2867 1017
513 2868 2855
2858 2866 389
2863 2868 2853
2855 2868 2863
389 42 755
43 385 1067
352 25 689
689 2870 352
2869 2870 689
32 2869 689
33 2871 368
352 2870 353
368 2869 32
20 2872 1068
2871 2872 2870
2869 2871 2870
1068 2871 33
2870 2872 353
353 2872 20
368 2871 2869
1068 2872 2871
505 366 356
505 356 349
349 22 505
349 356 23
366 27 356
505 31 366
369 506 1068
1068 506 345
345 20 1068
21 345 506
1068 33 369
369 34 506
493 899 750
493 750 730
493 730 69
493 81 899
150 730 750
899 164 750
968 2874 168
594 973 593
590 591 977
593 973 974
591 976 977
145 2873 982
594 595 972
590 978 589
594 972 973
590 977 978
596 971 595
589 979 588
595 971 972
589 978 979
597 970 596
587 588 980
585 2873 717
596 970 971
588 979 980
597 598 969
586 587 981
970 597 969
981 587 980
765 2874 599
598 599 968
585 586 982
968 969 598
982 586 981
982 2873 585
599 2874 968
2875 2876 592
593 2875 592
592 2876 591
975 2876 2875
168 2874 765
717 2873 145
976 2876 975
975 2875 974
974 2875 593
591 2876 976
599 113 765
585 717 114
2878 2879 2877
2877 2880 2878
987 2878 986
924 2877 923
915 2879 916
1046 2880 1045
923 2881 126
167 2882 987
986 2884 228
221 2883 924
126 2881 915
916 2882 167
1045 2883 221
228 2884 1046
2877 2881 923
987 2882 2878
2878 2884 986
924 2883 2877
2879 2881 2877
2878 2882 2879
2877 2883 2880
2880 2884 2878
915 2881 2879
2879 2882 916
2880 2883 1045
1046 2884 2880
