-0.995701 0.088946 -0.025836
-0.160873 0.961406 -0.223202
-0.995867 0.085836 0.029667
-0.151138 0.953394 0.261147
-0.097889 -0.994273 0.042872
-0.707994 -0.705377 0.034459
-0.600808 0.798858 0.029236
-0.081123 0.996071 0.035524
-0.996719 0.080944 0.000000
-0.983269 -0.182124 0.003706
-0.986279 -0.164793 -0.009882
-0.188097 -0.981464 -0.036703
-0.081123 0.996071 -0.035529
-0.600809 0.798858 -0.029243
-0.600808 -0.798858 -0.029236
-0.097889 -0.994274 -0.042866
-0.995707 0.088841 0.025979
-0.162561 0.961211 0.222818
-0.150577 0.953518 -0.261017
-0.995879 0.085714 -0.029626
0.179525 -0.919546 0.349580
0.953706 -0.274067 0.123826
0.969024 0.122983 -0.214166
0.183626 0.431943 -0.883010
0.700976 -0.378257 -0.604611
0.828609 -0.458300 -0.321510
0.826265 0.473668 0.304838
0.103738 0.832862 0.543672
-0.721584 0.009031 0.692268
-0.722683 -0.002350 -0.691175
0.605431 -0.035128 0.795122
0.705575 0.364767 0.607544
0.707947 0.372835 0.599838
0.122599 0.350500 0.928504
0.468838 0.756210 0.456439
0.472365 0.537210 -0.698768
0.077620 0.201144 -0.976482
0.121398 -0.069921 -0.990138
0.826846 0.030947 -0.561576
0.841291 0.287346 -0.457888
0.281933 0.654917 -0.701140
0.397903 -0.519113 -0.756436
0.953710 -0.229104 0.194802
0.911474 0.299508 -0.281976
0.466561 -0.634763 -0.615952
0.392769 -0.571266 0.720685
0.383410 0.863181 -0.328505
0.800931 0.598158 0.026763
0.720831 0.668957 -0.181381
0.716812 0.680736 0.150928
0.602927 0.793094 -0.086494
0.602960 0.792925 0.087800
0.716812 0.680737 -0.150926
0.720831 0.668957 0.181381
0.800932 0.598159 -0.026723
0.508068 0.831974 0.222905
0.466076 -0.328478 -0.821508
0.468792 -0.767453 0.437322
0.893945 0.445943 0.044683
0.911474 -0.312598 -0.267389
0.466018 -0.547632 0.694929
0.397456 0.866462 0.302112
0.349819 -0.376488 -0.857837
0.708469 -0.562630 -0.426050
0.722342 -0.662044 -0.199799
0.722342 -0.662044 0.199799
0.708465 -0.562683 0.425988
0.308434 -0.556119 0.771751
0.336051 0.792180 -0.509432
0.924281 -0.221259 0.311047
0.969024 0.246964 -0.000422
0.616607 -0.458591 -0.639915
0.469056 -0.751983 0.463149
0.969025 0.225525 0.100647
0.890465 -0.090512 -0.445959
0.461544 -0.381651 0.800825
0.520982 0.024082 0.853228
0.467349 0.779920 0.416306
0.969024 -0.025531 -0.245642
0.969024 -0.123057 0.214124
0.395205 0.910336 -0.122884
0.473798 0.021810 -0.880364
0.924280 -0.361405 0.122851
0.969024 0.200551 0.144121
0.396309 -0.033414 -0.917509
0.394810 -0.911559 -0.114824
0.969024 0.124041 0.213555
0.944870 0.134888 -0.298372
0.393514 -0.767348 0.506284
0.326918 -0.871220 -0.366198
0.138766 -0.927639 -0.346742
0.848247 -0.445636 -0.286157
0.794176 0.262751 0.547947
0.295422 -0.546711 0.783475
0.109002 -0.041703 0.993166
0.267633 0.941163 0.206363
-0.612873 0.333501 0.716355
-0.719409 -0.294178 -0.629214
0.820706 -0.233087 -0.521643
0.143263 -0.234654 -0.961464
0.142946 0.171701 0.974723
0.820977 -0.013288 0.570806
0.821900 -0.326822 0.466549
0.144478 -0.709449 0.689789
0.394050 -0.176557 0.901972
0.606751 0.378307 0.699097
-0.986279 -0.142748 -0.082931
-0.977808 0.208640 0.019003
-0.977083 0.212145 -0.017394
-0.995221 0.097644 -0.000000
-0.983269 -0.182124 -0.003706
-0.986221 -0.165130 0.009977
-0.986217 -0.143057 0.083132
-0.997062 -0.073319 0.022172
-0.997062 -0.073344 -0.022090
-0.613795 0.661472 -0.430941
-0.719266 -0.580254 0.382048
-0.612921 -0.001467 0.790143
-0.612921 0.001468 -0.790143
-0.723721 -0.000078 0.690093
-0.722801 -0.001246 -0.691055
0.348376 -0.560532 -0.751291
0.294733 -0.816299 -0.496778
0.464686 0.875597 -0.131900
0.416236 -0.568940 -0.709264
0.708602 -0.241748 -0.662903
-0.187873 -0.981505 0.036760
-0.613089 -0.000385 0.790013
-0.613089 0.000385 -0.790013
-0.448072 -0.893314 -0.034960
0.828527 0.507180 -0.237298
0.178893 0.154704 -0.971630
0.153152 0.074844 -0.985364
0.183626 0.548964 0.815426
0.701081 0.712584 -0.026637
0.123183 -0.829523 0.544717
0.117470 0.610723 -0.783083
0.826466 -0.501088 0.256641
0.707806 -0.706080 0.021495
0.122881 -0.979783 -0.157876
0.078107 -0.990123 0.116429
0.179354 0.762230 0.621963
0.876258 0.092975 0.472788
-0.141907 -0.846855 -0.512542
-0.600920 -0.682647 -0.415798
-0.146935 -0.946927 -0.285901
0.820977 0.568875 -0.048752
0.141938 0.948176 -0.284280
0.703768 -0.652689 -0.280548
0.295502 -0.021432 -0.955102
0.153182 -0.813793 0.560603
0.180348 -0.759360 0.625178
0.777518 -0.031350 0.628078
0.828541 0.286900 0.480840
0.179571 0.982000 0.058561
0.122396 0.063554 -0.990444
0.815723 -0.028969 -0.577716
0.122782 -0.887015 0.445117
0.707808 -0.560095 0.430468
0.178566 -0.443058 -0.878529
0.828527 0.272546 -0.489143
0.123085 -0.353134 0.927441
0.183626 0.922235 0.340241
0.121882 -0.613667 -0.780101
0.100032 -0.554209 -0.826345
0.108887 0.991593 0.069912
0.268167 0.099096 0.958262
-0.141641 -0.846878 0.512577
-0.143010 -0.925723 0.350120
0.143484 0.950510 0.275577
0.821903 0.567470 0.049527
0.294968 -0.023621 0.955215
0.703649 -0.652391 0.281539
0.143586 0.760896 -0.632787
0.296477 -0.406816 -0.864061
0.820977 0.500824 -0.274173
0.703914 -0.710281 0.002186
0.240681 -0.588125 -0.772128
0.842841 -0.289287 -0.453797
0.078593 -0.727341 0.681761
0.153152 -0.515693 -0.842974
0.701081 0.562369 -0.438436
0.826466 -0.256291 0.501267
0.122072 0.823820 0.553552
0.815842 0.515048 0.262921
0.179525 -0.541321 0.821427
0.828609 -0.559780 0.007321
0.700976 -0.660463 -0.269114
0.826462 0.562268 -0.028547
0.324030 -0.367255 0.871853
0.140176 -0.235470 0.961720
0.860089 -0.236348 0.452092
0.792686 0.523454 -0.312482
0.293530 0.837580 0.460760
0.141406 -0.936372 0.321265
0.295800 -0.544143 -0.785118
0.267504 0.777686 0.568899
0.704042 0.368248 -0.607222
0.605587 0.647747 -0.462265
0.604398 -0.188663 -0.774022
0.142232 -0.718609 -0.680714
0.820978 -0.326529 -0.468375
0.821903 -0.011892 -0.569503
0.141352 0.188923 -0.971765
0.107896 -0.428283 0.897180
0.703886 0.085837 0.705108
0.294890 -0.817512 0.494686
0.143098 0.756700 0.637909
0.821903 0.499226 0.274315
0.294930 -0.406800 0.864598
0.703904 -0.710285 -0.003705
0.464205 0.882583 -0.074563
0.108864 0.878941 0.464340
0.386417 -0.735883 0.556020
0.228681 -0.481692 0.845978
-0.601246 -0.216299 0.769232
0.832757 -0.172579 0.526053
-0.141953 -0.785153 -0.602814
0.121775 0.977256 -0.173613
0.183626 -0.166190 -0.968846
-0.157808 0.981129 0.111724
-0.555797 -0.830186 0.043366
-0.158069 0.981022 -0.112291
-0.164814 0.985746 -0.033787
0.348523 -0.561962 0.750154
0.704050 0.342329 0.622193
0.295667 0.951990 -0.079344
0.821561 -0.489035 0.293057
-0.600920 -0.682647 0.415798
-0.141949 -0.785334 0.602579
-0.601257 -0.215731 -0.769383
0.153181 -0.987967 -0.021350
0.182154 -0.981149 0.064550
0.701062 -0.333547 0.630284
0.703965 0.565053 0.430288
0.296201 0.839516 -0.455498
0.704040 0.092968 -0.704048
0.704059 0.343179 -0.621715
0.294365 0.952000 0.083940
-0.164814 0.985744 0.033851
-0.805931 0.570689 -0.157449
-0.973667 0.213040 -0.081154
-0.987616 0.156608 0.009420
-0.973236 0.205801 0.102260
-0.798101 0.575922 0.177058
-0.142868 0.958274 -0.247589
-0.175252 0.983336 0.048347
-0.142017 0.930738 0.336985
0.000000 -0.999630 0.027196
0.000000 -0.999496 0.031734
-0.708916 -0.692177 0.135385
-0.709102 -0.657343 0.255097
-0.709116 -0.599463 0.371212
-0.709117 -0.521068 0.475017
-0.709118 -0.424914 0.562672
-0.709118 -0.314286 0.631171
-0.709118 -0.192957 0.678174
-0.709118 -0.065057 0.702082
-0.709118 0.065057 0.702082
-0.709118 0.192957 0.678174
-0.709118 0.314286 0.631171
-0.709118 0.424912 0.562674
-0.556888 0.613811 0.559563
-0.709117 0.599470 0.371200
-0.709102 0.657356 0.255062
-0.708916 0.692184 0.135351
0.000000 0.999497 0.031728
0.000000 0.999497 0.031729
-0.292625 -0.942648 0.160580
-0.276269 -0.896438 0.346518
-0.276286 -0.817490 0.505347
-0.276291 -0.710251 0.647461
-0.276288 -0.578585 0.767401
-0.276229 -0.427325 0.860866
-0.275989 -0.261923 0.924785
-0.219366 -0.081525 0.972231
-0.219365 0.081583 0.972226
-0.275989 0.261923 0.924785
-0.276229 0.427325 0.860866
-0.276288 0.578585 0.767401
-0.276291 0.710252 0.647461
-0.276287 0.817506 0.505321
-0.276268 0.896449 0.346489
-0.217636 0.961632 0.167028
-0.708029 0.705739 0.025059
-0.950631 0.303974 0.062449
-0.961837 0.245292 0.121246
-0.961843 0.218476 0.164703
-0.961842 0.183922 0.202563
-0.961814 0.143128 0.233300
-0.961648 0.097858 0.256234
-0.928292 0.049966 0.368481
-0.963722 -0.035865 0.264487
-0.939982 -0.121740 0.318769
-0.961814 -0.143128 0.233300
-0.961842 -0.183922 0.202563
-0.961843 -0.218476 0.164703
-0.961837 -0.245292 0.121246
-0.961829 -0.265604 0.065871
-0.606138 -0.794870 0.027906
-0.778913 -0.627004 -0.012659
0.000000 0.999496 -0.031735
0.000000 0.999496 -0.031734
-0.708916 0.692177 -0.135385
-0.709102 0.657343 -0.255097
-0.709116 0.599463 -0.371212
-0.556888 0.613811 -0.559564
-0.709118 0.424914 -0.562672
-0.709118 0.314286 -0.631171
-0.709118 0.192957 -0.678174
-0.709118 0.065057 -0.702082
-0.709118 -0.065057 -0.702082
-0.709118 -0.192957 -0.678174
-0.709118 -0.314286 -0.631171
-0.709118 -0.424912 -0.562674
-0.709118 -0.521068 -0.475016
-0.709117 -0.599470 -0.371200
-0.709102 -0.657356 -0.255062
-0.708916 -0.692184 -0.135351
0.000000 -0.999497 -0.031728
0.000000 -0.999497 -0.031729
-0.217636 0.961631 -0.167035
-0.276269 0.896438 -0.346518
-0.276286 0.817490 -0.505347
-0.276291 0.710251 -0.647461
-0.276288 0.578585 -0.767401
-0.276233 0.427326 -0.860864
-0.275997 0.261924 -0.924782
-0.217914 0.081472 -0.972561
-0.217914 -0.081477 -0.972561
-0.275997 -0.261924 -0.924782
-0.276233 -0.427326 -0.860864
-0.276288 -0.578585 -0.767401
-0.276291 -0.710252 -0.647461
-0.276287 -0.817506 -0.505321
-0.276268 -0.896449 -0.346489
-0.292625 -0.942649 -0.160574
-0.807591 0.568528 0.156756
-0.146862 0.930090 -0.336695
-0.184669 0.981713 -0.046232
-0.146735 0.957497 0.248329
-0.797799 0.576361 -0.176989
-0.974438 0.200972 -0.100407
-0.989115 0.146976 -0.006978
-0.974421 0.209539 0.081223
0.154651 -0.909661 0.385488
0.711378 -0.603682 -0.359874
0.711423 -0.471645 -0.520989
0.604587 -0.339498 -0.720566
0.154715 0.471395 -0.868245
0.283617 0.339596 -0.896792
0.635731 0.194077 -0.747115
0.534031 -0.843593 -0.056235
0.277936 -0.924120 0.262210
0.221863 0.838393 0.497870
0.972212 0.213870 -0.095200
0.197003 0.946759 -0.254631
-0.811621 0.305771 0.497771
-0.723377 0.600546 0.340691
-0.812673 0.582709 -0.003400
-0.723124 0.597663 -0.346251
-0.811657 0.301665 -0.500211
0.000000 0.021821 0.999762
0.000000 -0.026902 0.999638
0.000000 0.020258 0.999795
0.707793 0.082193 0.701622
0.102174 0.864486 0.492163
0.708238 0.464323 0.531792
0.207738 0.427254 0.879942
0.101399 0.396472 0.912430
0.614578 0.777091 -0.135736
0.122327 -0.147725 -0.981434
0.099854 -0.018285 -0.994834
0.222139 0.015260 -0.974895
0.556410 0.245377 -0.793850
0.427357 0.585817 -0.688610
0.000000 -0.002699 -0.999996
0.000000 0.000624 -1.000000
0.000000 0.015769 -0.999876
0.000000 0.022188 -0.999754
0.000000 0.032056 -0.999486
0.000000 0.083246 -0.996529
0.771895 -0.622170 0.130701
0.787686 -0.602919 0.126649
0.802613 -0.583759 0.122626
0.709141 0.627062 0.322355
0.708937 0.551090 0.440123
0.708948 0.466530 0.528906
0.708920 0.367565 0.601937
0.708906 0.246496 0.660826
0.861123 0.158945 -0.482912
0.787686 0.192600 -0.585197
0.771895 0.198736 -0.603889
0.713732 -0.699946 0.025746
0.715403 -0.651122 0.253456
0.691438 0.477025 0.542550
0.873438 0.321095 0.366066
0.735780 0.447185 0.508580
0.709437 0.703798 0.036987
0.709400 0.698696 -0.092608
0.709365 0.669930 -0.219077
0.709332 0.618473 -0.338141
0.600000 0.800000 0.000000
0.707107 0.707107 0.000000
0.707107 0.707107 0.000000
0.707107 0.707107 0.000000
0.707107 0.707107 0.000000
0.711744 0.662048 -0.234763
0.712754 0.700619 -0.033397
0.711784 0.681184 0.171322
0.707107 0.707107 0.000000
0.707107 0.707107 0.000000
0.709152 0.701950 0.066101
0.709210 0.702258 -0.062088
0.707107 0.707107 0.000000
0.707107 0.707107 0.000000
0.711784 0.681186 -0.171316
0.712754 0.700619 0.033407
0.711744 0.662046 0.234767
0.707107 0.707107 0.000000
0.707107 0.707107 0.000000
0.707107 0.707107 0.000000
0.800000 0.600000 0.000000
0.600000 0.800000 0.000000
0.709356 0.618009 0.338938
0.709386 0.669695 0.219729
0.709417 0.698618 0.093062
0.709450 0.703797 -0.036757
0.802614 0.399278 -0.443157
0.787686 0.412375 -0.457709
0.771895 0.425532 -0.472335
0.713971 -0.651843 -0.255630
0.713623 -0.700043 -0.026097
0.767529 0.192286 0.611494
0.784098 0.187120 0.591757
0.735780 0.203921 0.645789
0.601885 0.711753 -0.362134
0.801555 0.469812 -0.369847
0.708952 0.468405 -0.527241
0.801479 0.313307 -0.509382
0.601959 0.281338 -0.747325
0.802614 -0.583390 -0.124368
0.787686 -0.602540 -0.128440
0.771895 -0.621784 -0.132527
0.713792 0.102574 0.692806
0.713774 0.325324 0.620235
0.771895 0.424743 -0.473045
0.787686 0.411605 -0.458402
0.898096 0.293831 -0.327240
0.707130 -0.509038 -0.490763
0.707107 -0.589055 -0.391170
0.600000 -0.666440 -0.442558
0.707107 -0.707107 0.000000
0.707107 -0.707107 0.000000
0.707107 -0.707107 0.000000
0.707107 -0.707107 0.000000
0.707107 -0.707107 0.000000
0.707107 -0.707107 0.000000
0.707107 -0.707107 0.000000
0.707107 -0.707107 0.000000
0.707107 -0.707107 0.000000
0.707107 -0.707107 0.000000
0.707107 -0.707107 0.000000
0.707107 -0.707107 0.000000
0.707107 -0.707107 0.000000
0.707107 -0.707107 0.000000
0.707107 -0.707107 0.000000
0.600000 -0.666440 0.442558
0.707107 -0.589055 0.391170
0.707133 -0.509378 0.490405
0.849356 0.355251 0.390372
0.873438 0.328192 0.359716
0.691439 0.486254 0.534292
0.714138 0.318453 -0.623374
0.713254 0.098340 -0.693972
0.603896 0.016334 0.796896
0.711582 0.214317 0.669119
0.711377 0.402917 0.575848
0.686899 0.490655 -0.536122
0.720647 -0.680674 -0.131720
0.686899 0.230749 0.689148
0.604587 0.682451 -0.410773
0.711442 0.470285 -0.522189
0.710849 0.300267 -0.636029
0.823844 -0.555587 -0.112265
0.707751 -0.079652 0.701957
0.716094 0.308952 0.625906
0.686899 0.481596 -0.544275
0.604651 -0.793461 0.069410
0.711423 -0.687290 -0.146664
0.711320 -0.614907 -0.340461
0.686899 0.219160 0.692920
0.721176 0.470383 -0.508573
0.686788 -0.709506 -0.157872
0.603896 -0.452904 0.655887
0.803635 -0.184301 0.565865
0.604650 -0.011398 0.796410
0.686899 0.711562 -0.147817
0.811201 -0.400240 -0.426335
0.686899 -0.215970 0.693921
0.711320 0.700448 0.058282
0.711443 0.686888 -0.148437
0.604073 0.697487 -0.385497
0.686788 -0.493636 -0.533521
0.715272 -0.278050 0.641150
0.686899 0.708983 -0.159728
0.686899 -0.227576 0.690202
0.568248 -0.546912 -0.614801
0.234585 -0.938231 -0.254347
0.471825 -0.794001 -0.383333
0.991426 -0.117757 0.056638
0.978603 -0.186077 0.087811
0.981562 -0.170460 0.086489
0.412670 -0.279853 0.866825
0.588815 -0.019107 0.808042
0.213797 -0.943452 0.253355
0.270720 -0.929406 0.250828
0.320887 -0.914442 0.246632
0.132198 0.133009 0.982259
0.184273 0.657728 0.730368
0.240452 0.650856 0.720117
0.294214 0.639595 0.710180
0.225284 0.973918 0.027042
-0.717731 -0.025294 0.695860
-0.719487 -0.316598 0.618145
-0.718236 -0.553327 0.421859
-0.808986 -0.573449 0.129221
-0.719757 -0.676363 -0.156469
-0.717342 -0.549860 -0.427873
0.000000 -0.419624 -0.907698
0.000000 -0.417147 -0.908839
0.000000 -0.394181 -0.919033
0.000000 -0.475185 -0.879886
0.000000 -0.422700 -0.906270
0.000000 -0.475070 -0.879948
0.227459 -0.410476 -0.883047
0.079355 -0.549882 -0.831464
0.064519 -0.293208 0.953869
0.226642 -0.030926 0.973487
0.195001 -0.488839 0.850300
0.064448 -0.334968 0.940023
0.707831 0.220849 0.670970
0.000000 0.379920 0.925020
0.000000 0.414978 0.909831
0.000000 0.420828 0.907140
-0.986672 -0.159287 -0.033243
-0.986672 -0.151084 -0.060424
-0.958653 0.284578 0.000000
-0.961524 0.274721 0.000000
-0.961524 0.274721 0.000000
-0.961524 0.274721 0.000000
-0.961524 0.274721 0.000000
-0.961524 0.274721 0.000000
-0.976337 0.216256 0.000000
-0.985475 0.169823 0.000000
-0.975773 0.218785 0.000000
-0.988076 0.153954 0.001871
-0.976321 0.216326 0.000000
-0.985744 0.168253 0.000000
-0.976337 0.216256 0.000000
-0.961524 0.274721 0.000000
-0.961524 0.274721 0.000000
-0.961524 0.274721 0.000000
-0.961524 0.274721 0.000000
-0.961524 0.274721 0.000000
-0.958706 0.284399 0.000000
-0.961829 -0.265604 -0.065871
-0.961837 -0.245292 -0.121246
-0.961843 -0.218476 -0.164703
-0.961842 -0.183922 -0.202563
-0.961816 -0.143125 -0.233293
-0.961657 -0.097851 -0.256207
-0.949900 -0.041821 -0.309745
-0.949898 0.041870 -0.309744
-0.961657 0.097851 -0.256207
-0.961816 0.143125 -0.233293
-0.961842 0.183922 -0.202563
-0.961843 0.218476 -0.164703
-0.961837 0.245292 -0.121246
-0.950631 0.303974 -0.062449
-0.986454 -0.152304 0.060926
-0.986457 -0.160539 0.033625
-0.958347 -0.237925 0.157997
-0.961524 -0.228857 0.151975
-0.963244 -0.223781 0.148604
-0.958347 -0.285607 0.000000
-0.961524 -0.274721 0.000000
-0.961524 -0.274721 0.000000
-0.961524 -0.274721 0.000000
-0.961524 -0.274721 0.000000
-0.961524 -0.274721 0.000000
-0.949574 -0.313542 0.000000
-0.986073 -0.166314 0.000000
-0.949574 -0.313542 0.000000
-0.961524 -0.274721 0.000000
-0.961524 -0.274721 0.000000
-0.961524 -0.274721 0.000000
-0.961524 -0.274721 0.000000
-0.961524 -0.274721 0.000000
-0.958653 -0.284579 0.000000
-0.949671 -0.260952 -0.173288
-0.961524 -0.228857 -0.151975
-0.958162 -0.238441 -0.158340
-0.718121 0.031113 -0.695222
-0.720053 0.327028 -0.612027
-0.717463 0.558113 -0.416840
-0.809328 0.573416 -0.127211
-0.809860 0.571004 0.134467
-0.717611 0.548077 0.429706
-0.808601 0.585610 -0.056795
-0.809411 0.555848 0.189438
-0.809397 0.420873 0.409564
-0.809280 0.205492 0.550309
-0.718859 -0.059772 0.692581
-0.808523 -0.289236 0.512477
-0.717440 -0.692382 0.076724
-0.718435 -0.662605 -0.211673
-0.717506 -0.520626 -0.462745
-0.613151 -0.299861 -0.730842
-0.718162 0.070456 -0.692300
-0.717467 0.344629 -0.605369
-0.808315 0.264098 0.526193
-0.719021 0.541042 0.436214
-0.810057 0.572084 0.128563
-0.809225 0.572047 -0.133851
-0.718923 0.543443 -0.433382
-0.808389 0.267111 -0.524557
-0.808315 -0.264098 -0.526193
-0.719021 -0.541041 -0.436214
-0.810057 -0.572084 -0.128563
-0.809225 -0.572047 0.133851
-0.718923 -0.543443 0.433383
-0.808388 -0.267111 0.524557
-0.811551 -0.305151 -0.498265
-0.812993 -0.505306 -0.289324
-0.812424 -0.583064 -0.001942
-0.813266 -0.505864 0.287576
-0.812586 -0.295381 0.502448
-0.811224 0.305521 0.498570
-0.722934 0.596659 0.348374
-0.813270 0.581883 0.001870
-0.723021 0.598465 -0.345081
-0.811671 0.303324 -0.499184
-0.811562 -0.304816 -0.498452
-0.812638 -0.504214 -0.292212
-0.813063 -0.582169 -0.002652
-0.812905 -0.505477 0.289272
-0.811445 -0.307144 0.497211
0.898097 -0.430558 0.089680
0.787686 -0.603131 0.125635
0.771895 -0.622388 0.129662
0.184473 -0.649158 -0.737946
0.217041 -0.965426 0.144378
0.273896 -0.951396 0.140808
0.322811 -0.936116 0.139568
0.716269 0.543557 0.437613
0.771895 0.197727 -0.604220
0.787686 0.191616 -0.585521
0.802613 0.185525 -0.566915
0.709564 -0.350839 -0.611089
0.709544 -0.459141 -0.534544
0.709523 -0.551184 -0.439059
0.709504 -0.623707 -0.328015
0.707229 -0.186900 -0.681832
-0.708029 0.705739 -0.025059
-0.282729 0.959200 0.000000
-0.274721 0.961524 0.000000
-0.274721 0.961524 0.000000
-0.274721 0.961524 0.000000
-0.274721 0.961524 0.000000
-0.313248 0.949671 0.000000
-0.778623 -0.627362 0.012766
-0.606138 -0.794870 -0.027906
0.000000 -0.005260 0.999986
0.000000 -0.008681 0.999962
0.000000 -0.006480 0.999979
0.000000 -0.002163 0.999998
-0.717674 -0.317002 -0.620044
-0.718687 -0.544332 -0.432656
-0.719248 -0.677736 -0.152827
-0.718738 -0.677185 0.157593
-0.718626 -0.544533 0.432506
-0.717681 -0.317772 0.619641
0.000000 0.005260 -0.999986
0.000000 0.008681 -0.999962
0.000000 0.006480 -0.999979
0.000000 0.002163 -0.999998
0.000000 -0.999406 -0.034467
0.000000 -0.999152 -0.041172
0.970405 -0.114997 0.212344
0.533608 0.469409 -0.703503
0.277559 0.233524 -0.931895
0.150505 0.105845 -0.982927
0.175395 -0.135113 -0.975183
0.154715 0.516458 0.842220
0.283679 0.607176 0.742201
0.635859 0.550232 0.541228
0.101373 -0.852844 0.512232
0.197003 -0.252600 0.947303
0.206364 0.757365 -0.619526
0.121177 0.716284 -0.687207
0.190417 -0.894889 0.403626
0.708279 -0.693013 0.134437
0.207957 -0.975813 -0.067399
0.102321 -0.988858 -0.108123
0.122971 -0.963402 -0.238190
0.192828 0.967754 -0.162078
0.372643 0.330804 0.867010
0.328309 0.763982 0.555467
0.971855 0.235572 0.001993
0.000000 -0.851535 -0.524298
0.000000 -0.849026 -0.528351
-0.709098 -0.690454 -0.143019
-0.709098 -0.654300 -0.262815
-0.169288 -0.913655 -0.369562
-0.169288 -0.965561 -0.197568
-0.707931 -0.595634 -0.379546
-0.792345 -0.584032 -0.176339
-0.280559 -0.799592 -0.530979
-0.274721 -0.800998 -0.531913
-0.216256 -0.813337 -0.540107
0.225938 0.970803 -0.080581
0.980564 0.094606 -0.171886
0.984832 0.083709 -0.151980
0.984911 0.086889 -0.149671
0.412902 -0.287563 -0.864187
0.613759 -0.500526 -0.610551
0.216643 0.609887 -0.762301
0.273619 0.599726 -0.751971
0.322772 0.590941 -0.739328
0.175414 -0.910606 0.374200
0.150565 -0.795829 0.586504
0.333855 -0.756592 0.562237
0.478501 -0.469719 0.741890
0.533763 0.746788 0.396743
0.277964 0.950332 0.140016
0.154658 0.987732 0.021590
0.206476 -0.011390 -0.978385
0.194843 0.690105 -0.696987
0.970405 0.191977 -0.146489
0.207915 -0.830655 0.516511
0.194556 -0.948160 -0.251279
0.533609 -0.030798 -0.845171
0.277254 -0.355896 -0.892451
0.970405 -0.222904 -0.092888
0.101326 -0.391440 0.914608
0.197003 0.349257 0.916084
0.154716 0.911545 0.380985
0.103113 -0.583261 -0.805713
0.196288 -0.968399 -0.153863
0.179080 -0.963658 -0.198226
0.179079 -0.656264 -0.732972
0.194821 -0.621919 -0.758460
0.970405 -0.126453 -0.205727
0.101789 -0.859624 -0.500685
0.186253 -0.286136 0.939913
0.132009 0.961167 0.242345
0.265760 0.112423 0.957461
0.184251 0.652673 0.734894
0.240438 0.643330 0.726854
0.294217 0.634619 0.714630
-0.707554 -0.595941 0.379765
-0.216256 -0.813337 0.540107
-0.274721 -0.800998 0.531913
-0.281966 -0.799249 0.530751
-0.785586 -0.556336 0.270823
0.228303 0.970766 0.074097
0.216834 0.606918 0.764613
0.269204 0.602241 0.751555
0.322922 0.588066 0.741552
0.613788 -0.501801 0.609475
0.412607 -0.288217 0.864110
0.984998 0.085881 0.149680
0.984808 0.083451 0.152281
0.980567 0.094237 0.172069
0.079567 0.937590 -0.338516
0.216643 0.250399 -0.943592
0.273619 0.245271 -0.930040
0.322772 0.242335 -0.914927
0.183973 -0.658482 -0.729764
0.193912 0.899523 -0.391479
0.980564 0.017197 -0.195447
0.984832 0.015260 -0.172836
0.984911 0.019101 -0.172006
0.415139 -0.616019 -0.669462
0.729085 -0.542501 -0.417286
0.555977 -0.812516 0.175236
0.064545 0.980108 -0.187675
0.184214 -0.317275 0.930270
0.214969 -0.759029 -0.614543
0.430585 -0.589454 -0.683477
0.972066 -0.234692 0.002662
0.556120 -0.251660 -0.792085
0.087036 -0.793773 0.601955
0.179079 -0.961030 -0.210600
0.150505 -0.489122 -0.859132
0.972212 0.116382 0.203122
0.708279 -0.483438 0.514420
0.190354 -0.488881 0.851329
0.283680 0.926615 0.246800
0.635859 0.762869 0.117108
0.206725 0.855750 0.474295
0.194843 0.258819 0.946070
0.534031 -0.717103 0.447856
0.277936 -0.596139 0.753240
0.970405 0.030942 0.239493
0.972212 0.117774 -0.202318
0.555876 0.813677 0.170094
0.972212 -0.024424 0.232824
0.258344 -0.143462 0.955341
0.533960 -0.302899 0.789391
0.990971 0.072223 0.112964
0.985373 0.089015 0.145317
0.988760 0.080940 0.125705
0.400151 0.894752 0.198238
0.575664 0.816209 -0.049122
0.228884 0.359396 0.904680
0.268370 0.345483 0.899232
0.320796 0.344732 0.882185
0.079346 -0.767456 0.636173
0.186255 -0.283342 -0.940758
0.217061 -0.941585 -0.257491
0.273929 -0.927303 -0.255090
0.322828 -0.912826 -0.250061
0.265119 0.770405 0.579817
0.183585 0.962857 0.197999
0.555734 0.557659 -0.616584
0.613303 0.042510 -0.788703
0.412049 -0.278216 -0.867647
0.000000 0.833680 -0.552247
0.000000 0.834433 -0.551109
0.000000 0.864410 -0.502788
0.714596 0.389084 -0.581349
0.079427 -0.441406 -0.893785
0.225464 -0.559382 -0.797658
0.226552 -0.016446 -0.973860
0.079078 -0.159840 -0.983970
0.131402 -0.270119 0.953818
0.079466 -0.555277 0.827861
0.000000 -0.821692 0.569932
0.000000 -0.832715 0.553702
0.000000 -0.809498 0.587123
0.000000 -0.837550 0.546361
0.000000 -0.830205 0.557457
0.000000 -0.833655 0.552286
0.980564 -0.196162 0.003957
0.984832 -0.173474 0.003447
0.984911 -0.173063 -0.000461
0.411488 -0.608133 0.678861
0.613049 -0.282094 0.737966
0.216681 -0.965065 -0.147303
0.273646 -0.951041 -0.143662
0.322772 -0.935708 -0.142366
0.228077 0.857516 0.461137
0.216834 0.246739 0.944512
0.269219 0.247735 0.930671
0.322939 0.238811 0.915794
0.729215 -0.543434 0.415842
0.414297 -0.615595 0.670374
0.984998 0.018175 0.171608
0.984808 0.014902 0.173007
0.980567 0.016785 0.195465
0.111950 0.885899 0.450166
0.806393 0.188398 0.560567
0.714333 0.221267 0.663905
0.838092 0.173784 0.517109
0.264523 -0.280697 0.922625
0.189904 0.302039 0.934189
0.240519 0.290640 0.926110
0.288960 0.294533 0.910907
0.000000 -0.330402 0.943840
-0.516448 -0.704187 -0.487239
-0.708925 -0.649553 -0.274784
-0.709110 -0.687573 -0.156224
-0.709155 -0.704919 -0.013689
-0.601675 -0.785512 0.144768
-0.602184 -0.747014 0.281683
-0.709486 -0.593869 0.379406
-0.709509 -0.512296 0.483890
-0.709532 -0.412603 0.571246
-0.709557 -0.298318 0.638385
0.184447 -0.311542 -0.932159
0.555891 -0.812730 -0.174510
0.184173 -0.665774 0.723066
0.709498 -0.624016 0.327439
0.709520 -0.551491 0.438678
0.709543 -0.459388 0.534332
0.603399 -0.367973 0.707464
0.221235 0.970384 -0.097008
0.283617 -0.249151 -0.926005
0.635731 -0.279621 -0.719485
0.197003 0.618934 -0.760336
0.100666 0.986702 -0.127618
0.154715 -0.125555 -0.979949
0.154651 -0.512299 0.844768
0.000000 -0.060593 0.998163
0.000000 -0.003854 0.999993
0.000000 -0.002338 0.999997
0.100917 0.851811 0.514036
0.102441 -0.562377 -0.820511
0.000000 -0.009667 -0.999953
0.000000 -0.001729 -0.999999
0.000000 0.027263 -0.999628
0.000000 0.002597 -0.999997
0.000000 -0.046524 -0.998917
0.000000 -0.077648 -0.996981
-0.313248 0.949671 0.000000
-0.274721 0.961524 0.000000
-0.274721 0.961524 0.000000
-0.274721 0.961524 0.000000
-0.274721 0.961524 0.000000
-0.282630 0.959229 0.000000
-0.160824 0.986983 0.000000
-0.161629 0.986852 0.000000
-0.677996 0.727362 0.106143
-0.168196 -0.965721 0.197718
-0.168176 -0.913825 0.369650
-0.566278 0.375194 0.733865
-0.718687 0.544332 0.432656
-0.719248 0.677736 0.152827
-0.718738 0.677185 -0.157593
-0.718626 0.544533 -0.432506
-0.717681 0.317772 -0.619641
0.000000 -0.999412 0.034300
0.000000 -0.999406 0.034467
-0.674256 0.731134 -0.104030
-0.163204 0.986592 0.000000
-0.163406 0.986559 0.000000
-0.192282 0.977204 0.090002
-0.132157 0.985695 -0.104597
-0.707107 -0.589055 -0.391170
-0.601795 -0.090276 0.793532
-0.602002 0.064905 0.795853
-0.709037 0.194630 0.677780
-0.709306 0.316370 0.629916
-0.709078 0.428288 0.560158
-0.801316 0.436458 0.409142
-0.709373 0.587314 0.389682
-0.709402 0.648968 0.274936
-0.709432 0.688450 0.150806
-0.709464 0.704412 0.021534
-0.554700 0.832050 0.000000
0.771920 -0.621972 -0.131494
0.787703 -0.602732 -0.127431
0.898096 -0.430289 -0.090964
0.554803 -0.223743 0.801332
0.708117 0.638401 -0.301685
0.184492 -0.651221 0.736121
0.984998 0.139557 -0.101505
0.984808 0.142405 -0.099369
0.980567 0.160916 -0.112224
0.555745 0.254584 0.791413
0.217061 0.693595 -0.686884
0.273929 0.684379 -0.675713
0.322828 0.672788 -0.665687
0.613817 0.660134 0.432957
0.413173 0.889399 0.195597
0.189923 0.304997 0.933224
0.245258 0.306508 0.919729
0.294214 0.298614 0.907892
0.984998 -0.157665 -0.070151
0.984808 -0.157238 -0.073686
0.980567 -0.177623 -0.083294
0.224653 -0.847048 0.481706
0.064504 0.972049 0.225742
0.000000 -0.957353 -0.288920
0.000000 -0.957353 -0.288920
0.000000 -0.957353 -0.288920
-0.282966 -0.959130 0.000000
-0.274721 -0.961524 0.000000
-0.274721 -0.961524 0.000000
-0.274721 -0.961524 0.000000
-0.274721 -0.961524 0.000000
-0.274721 -0.961524 0.000000
-0.215943 -0.976406 0.000000
-0.165184 -0.986263 0.000000
-0.215943 -0.976406 0.000000
-0.274721 -0.961524 0.000000
-0.274721 -0.961524 0.000000
-0.274721 -0.961524 0.000000
-0.274721 -0.961524 0.000000
-0.274721 -0.961524 0.000000
-0.281966 -0.959424 0.000000
0.000000 -0.957353 0.288920
0.000000 -0.957353 0.288920
0.000000 -0.957353 0.288920
0.000000 -0.849026 0.528351
0.000000 -0.851535 0.524298
-0.707107 -0.589055 0.391170
0.104312 -0.835016 0.540247
0.175395 -0.680025 -0.711901
0.101047 0.017642 -0.994725
-0.709556 -0.298261 -0.638413
-0.709534 -0.412444 -0.571359
-0.709514 -0.512069 -0.484123
-0.709494 -0.593616 -0.379787
-0.602290 -0.747546 -0.280037
-0.601957 -0.788311 -0.127330
-0.801572 -0.597508 0.021622
-0.709025 -0.689065 0.149913
-0.602168 -0.730198 0.322808
-0.601949 -0.649408 0.464679
0.175414 -0.957451 -0.229166
0.148498 -0.988862 0.010031
0.283320 -0.946739 0.153019
0.635947 -0.743832 0.205633
0.154657 0.788485 0.595292
0.178014 -0.665837 -0.724550
0.972212 -0.189343 -0.137670
0.195155 -0.695819 -0.691195
0.984998 0.086727 -0.149191
0.984808 0.090195 -0.148386
0.980567 0.101944 -0.167617
0.555715 0.555321 0.618707
0.217061 0.357423 -0.908368
0.273929 0.353498 -0.894428
0.322828 0.346939 -0.880577
0.613836 0.778691 0.129793
0.413146 0.892694 -0.180022
0.613913 -0.276753 -0.739269
0.411413 -0.606504 -0.680362
0.985018 -0.172452 -0.000538
0.984841 -0.173411 -0.003993
0.980584 -0.196045 -0.004569
0.555685 0.259092 -0.789991
0.980564 0.160601 0.112705
0.984832 0.141995 0.099712
0.984911 0.139354 0.102622
0.412571 0.890608 -0.191317
0.614183 0.660271 -0.432227
0.216439 0.692718 0.687966
0.268955 0.680230 0.681872
0.322864 0.671866 0.666599
0.183247 0.961462 -0.204964
-0.554700 0.832050 0.000000
-0.709453 0.704432 -0.021257
-0.709417 0.688564 -0.150356
-0.709384 0.649238 -0.274345
-0.709352 0.587791 -0.389000
-0.626165 0.565057 -0.537241
-0.708907 0.414530 -0.570627
-0.709104 0.309314 -0.633638
-0.709001 0.191237 -0.678783
-0.601912 0.063777 -0.796012
-0.601787 -0.089278 -0.793651
-0.709098 -0.690454 0.143019
-0.709098 -0.654300 0.262815
0.079192 0.995153 0.058299
0.184483 0.959711 0.211945
0.000000 0.961495 0.274823
0.000000 0.961798 0.273760
0.000000 0.961491 0.274835
0.000000 0.973293 -0.229566
0.000000 0.973576 -0.228364
0.000000 0.973287 -0.229591
0.000000 0.993273 0.115800
0.000000 0.993974 0.109615
0.000000 0.993662 0.112409
0.000000 0.993871 -0.110543
0.000000 0.994237 -0.107207
0.000000 0.993411 -0.114610
0.000000 0.973288 0.229586
0.000000 0.973576 0.228362
0.000000 0.973292 0.229569
0.000000 0.961492 -0.274834
0.000000 0.961801 -0.273750
0.000000 0.961510 -0.274770
0.186400 0.965974 -0.179305
0.194843 -0.343492 0.918721
-0.554618 0.737743 0.384883
-0.546467 0.807600 -0.221711
-0.703803 0.706110 -0.077913
-0.698002 0.699764 0.152064
0.000000 -0.895165 0.445735
0.000000 0.895162 0.445740
0.000000 0.000009 1.000000
0.000000 -0.673732 0.738976
0.000000 0.673715 0.738992
0.000000 -0.361273 0.932460
0.000000 0.361281 0.932457
0.000000 0.961424 0.275070
0.000000 -0.961422 0.275077
0.000000 -0.798143 0.602469
0.000000 0.798132 0.602483
0.000000 -0.183945 0.982937
0.000000 0.184008 0.982925
0.000000 -0.526815 0.849980
0.000000 0.526819 0.849977
0.000000 0.000087 1.000000
0.000000 0.361586 0.932339
0.000000 -0.361578 0.932342
0.000000 -0.183764 0.982970
0.000000 0.183778 0.982968
0.000000 0.526474 0.850191
0.000000 -0.526471 0.850193
0.000000 -0.798039 0.602606
0.000000 0.798019 0.602633
0.000000 0.961429 0.275054
0.000000 -0.961416 0.275098
0.000000 0.673991 0.738739
0.000000 -0.674006 0.738726
0.000000 0.895184 0.445698
0.000000 -0.895172 0.445721
0.000000 -0.986366 0.164565
0.000000 0.986367 0.164558
0.000000 -0.092284 0.995733
0.000000 0.850386 0.526160
0.000000 -0.850429 0.526089
0.000000 0.273822 0.961781
0.000000 -0.273795 0.961788
0.000000 0.092376 0.995724
0.000000 0.445933 0.895066
0.000000 0.739097 0.673598
0.000000 -0.739154 0.673536
0.000000 -0.445916 0.895075
0.000000 0.602816 0.797880
0.000000 -0.602830 0.797870
0.000000 0.933617 0.358273
0.000000 -0.933633 0.358230
0.000000 0.992132 0.125200
0.000000 -0.992126 0.125240
0.000000 -0.992127 0.125234
0.000000 0.992129 0.125217
-0.874396 -0.482707 0.049248
-0.712471 -0.000000 0.701702
0.000000 0.895165 -0.445735
0.000000 -0.895162 -0.445740
0.000000 -0.000009 -1.000000
0.000000 0.673732 -0.738976
0.000000 -0.673715 -0.738992
0.000000 0.361273 -0.932460
0.000000 -0.361281 -0.932457
0.000000 -0.961424 -0.275070
0.000000 0.961422 -0.275077
0.000000 0.798143 -0.602469
0.000000 -0.798132 -0.602483
0.000000 0.183945 -0.982937
0.000000 -0.184008 -0.982925
0.000000 0.526815 -0.849980
0.000000 -0.526819 -0.849977
0.000000 -0.000087 -1.000000
0.000000 -0.361586 -0.932339
0.000000 0.361578 -0.932342
0.000000 0.183764 -0.982970
0.000000 -0.183778 -0.982968
0.000000 -0.526474 -0.850191
0.000000 0.526471 -0.850193
0.000000 0.798039 -0.602606
0.000000 -0.798019 -0.602633
0.000000 -0.961429 -0.275054
0.000000 0.961416 -0.275098
0.000000 0.674006 -0.738726
0.000000 -0.673991 -0.738739
0.000000 0.895172 -0.445721
0.000000 -0.895184 -0.445698
0.000000 0.986366 -0.164565
0.000000 -0.986367 -0.164558
0.000000 0.092284 -0.995733
0.000000 -0.850386 -0.526160
0.000000 0.850429 -0.526089
0.000000 -0.273822 -0.961781
0.000000 0.273795 -0.961788
0.000000 -0.092376 -0.995724
0.000000 -0.445933 -0.895066
0.000000 -0.739097 -0.673598
0.000000 0.739154 -0.673536
0.000000 0.445916 -0.895075
0.000000 -0.602816 -0.797880
0.000000 0.602830 -0.797870
0.000000 -0.933617 -0.358273
0.000000 0.933633 -0.358230
0.000000 -0.992132 -0.125200
0.000000 0.992126 -0.125240
0.000000 0.992127 -0.125234
0.000000 -0.992129 -0.125217
-0.559894 0.734461 -0.383517
-0.552506 0.803595 0.221296
-0.719873 0.689313 0.081428
-0.718312 0.680257 -0.145871
0.000000 -0.825968 -0.563717
0.000000 -0.456934 -0.889501
0.000000 -0.525345 -0.850889
0.000000 -0.635733 -0.771909
0.000000 -0.876568 -0.481279
0.000000 -0.397260 -0.917706
0.000000 -0.757276 -0.653095
0.000000 -0.851959 -0.523609
0.000000 -0.714866 -0.699262
0.000000 -0.567774 -0.823185
0.000000 -0.761283 -0.648420
0.518346 0.797357 -0.309094
0.294746 0.909609 -0.292807
0.285198 0.907172 -0.309357
0.644341 0.706974 -0.291569
0.000000 0.889814 -0.456322
0.450274 0.351808 0.820661
0.000000 0.972832 0.231511
0.451087 0.313653 0.835549
0.000000 0.414543 0.910030
0.000000 0.839818 0.542869
0.450186 0.498461 0.740857
0.000000 0.665675 -0.746242
0.000000 0.182526 -0.983201
0.000000 0.458964 -0.888455
0.000000 0.575885 0.817531
0.000000 0.705383 -0.708826
0.000000 0.549545 0.835464
0.000000 0.720461 -0.693496
0.000000 0.575137 -0.818057
0.000000 0.603560 -0.797317
0.000000 0.491982 -0.870605
0.000000 0.538820 -0.842421
0.000000 0.995185 -0.098013
0.000000 0.918196 -0.396126
0.000000 0.999419 0.034073
0.000000 0.973742 -0.227655
0.000000 0.960792 0.277269
0.000000 0.912061 0.410054
0.000000 0.606316 -0.795224
0.000000 0.536481 0.843912
0.199087 0.740307 0.642114
0.000000 0.627662 0.778486
0.000000 0.157510 0.987517
0.000000 0.770956 0.636889
0.000000 0.809465 -0.587169
0.198264 0.715356 0.670043
0.000000 0.464232 0.885714
0.000000 0.437504 -0.899217
0.000000 0.715419 0.698695
0.000000 0.796364 0.604818
0.000000 0.963403 -0.268056
0.000000 0.675334 0.737512
0.000000 0.385933 -0.922527
0.000000 0.845944 0.533272
0.000000 0.297879 0.954604
0.000000 0.352447 -0.935832
0.000000 0.383433 -0.923569
0.000000 0.437249 -0.899341
0.000000 0.691839 -0.722052
0.000000 0.495976 0.868336
0.000000 0.340589 -0.940212
0.000000 0.902536 0.430615
0.000000 0.892702 -0.450648
0.000000 0.283409 -0.958999
0.000000 0.987420 0.158120
0.000000 0.710316 0.703883
0.000000 0.262179 -0.965019
0.000000 0.867304 0.497778
0.000000 0.989242 0.146288
0.000000 0.389272 -0.921123
0.000000 0.993891 -0.110365
0.000000 0.354639 0.935003
0.000000 0.616617 0.787264
0.000000 0.739812 0.672814
0.000000 0.337005 -0.941503
0.000000 0.679967 -0.733243
0.000000 0.393271 0.919423
0.000000 0.779441 -0.626475
0.000000 0.739499 0.673158
1.000000 0.000000 0.000000
1.000000 0.000000 0.000000
1.000000 0.000000 0.000000
1.000000 0.000000 0.000000
1.000000 0.000000 0.000000
1.000000 0.000000 0.000000
1.000000 0.000000 0.000000
1.000000 0.000000 0.000000
1.000000 0.000000 0.000000
1.000000 0.000000 0.000000
1.000000 0.000000 0.000000
1.000000 0.000000 0.000000
1.000000 0.000000 0.000000
1.000000 0.000000 0.000000
1.000000 0.000000 0.000000
1.000000 0.000000 0.000000
1.000000 0.000000 0.000000
1.000000 0.000000 0.000000
1.000000 0.000000 0.000000
1.000000 0.000000 0.000000
1.000000 0.000000 0.000000
1.000000 0.000000 0.000000
1.000000 0.000000 0.000000
1.000000 0.000000 0.000000
1.000000 0.000000 0.000000
1.000000 0.000000 0.000000
1.000000 0.000000 0.000000
1.000000 0.000000 0.000000
1.000000 0.000000 0.000000
1.000000 0.000000 0.000000
1.000000 0.000000 0.000000
1.000000 0.000000 0.000000
1.000000 0.000000 0.000000
1.000000 0.000000 0.000000
1.000000 0.000000 0.000000
1.000000 0.000000 0.000000
1.000000 0.000000 0.000000
1.000000 0.000000 0.000000
1.000000 0.000000 0.000000
1.000000 0.000000 0.000000
1.000000 0.000000 0.000000
1.000000 0.000000 0.000000
1.000000 0.000000 0.000000
1.000000 0.000000 0.000000
1.000000 0.000000 0.000000
1.000000 0.000000 0.000000
1.000000 0.000000 0.000000
1.000000 0.000000 0.000000
1.000000 0.000000 0.000000
1.000000 0.000000 0.000000
1.000000 0.000000 0.000000
1.000000 0.000000 0.000000
1.000000 0.000000 0.000000
1.000000 0.000000 0.000000
1.000000 0.000000 0.000000
1.000000 0.000000 0.000000
1.000000 0.000000 0.000000
1.000000 0.000000 0.000000
1.000000 0.000000 0.000000
1.000000 0.000000 0.000000
1.000000 0.000000 0.000000
1.000000 0.000000 0.000000
1.000000 0.000000 0.000000
1.000000 0.000000 0.000000
1.000000 0.000000 0.000000
1.000000 0.000000 0.000000
1.000000 0.000000 0.000000
1.000000 0.000000 0.000000
1.000000 0.000000 0.000000
1.000000 0.000000 0.000000
1.000000 0.000000 0.000000
1.000000 0.000000 0.000000
1.000000 0.000000 0.000000
1.000000 0.000000 0.000000
1.000000 0.000000 0.000000
1.000000 0.000000 0.000000
1.000000 0.000000 0.000000
1.000000 0.000000 0.000000
1.000000 0.000000 0.000000
1.000000 0.000000 0.000000
1.000000 0.000000 0.000000
1.000000 0.000000 0.000000
1.000000 0.000000 0.000000
1.000000 0.000000 0.000000
1.000000 0.000000 0.000000
1.000000 0.000000 0.000000
1.000000 0.000000 0.000000
1.000000 0.000000 0.000000
1.000000 0.000000 0.000000
1.000000 0.000000 0.000000
1.000000 0.000000 0.000000
1.000000 0.000000 0.000000
1.000000 0.000000 0.000000
1.000000 0.000000 0.000000
1.000000 0.000000 0.000000
1.000000 0.000000 0.000000
1.000000 0.000000 0.000000
1.000000 0.000000 0.000000
1.000000 0.000000 0.000000
1.000000 0.000000 0.000000
1.000000 0.000000 0.000000
1.000000 0.000000 0.000000
1.000000 0.000000 0.000000
1.000000 0.000000 0.000000
1.000000 0.000000 0.000000
1.000000 0.000000 0.000000
1.000000 0.000000 0.000000
1.000000 0.000000 0.000000
1.000000 0.000000 0.000000
1.000000 0.000000 0.000000
1.000000 0.000000 0.000000
1.000000 0.000000 0.000000
1.000000 0.000000 0.000000
1.000000 0.000000 0.000000
1.000000 0.000000 0.000000
1.000000 0.000000 0.000000
1.000000 0.000000 0.000000
1.000000 0.000000 0.000000
1.000000 0.000000 0.000000
1.000000 0.000000 0.000000
1.000000 0.000000 0.000000
1.000000 0.000000 0.000000
1.000000 0.000000 0.000000
1.000000 0.000000 0.000000
1.000000 0.000000 0.000000
1.000000 0.000000 0.000000
1.000000 0.000000 0.000000
1.000000 0.000000 0.000000
1.000000 0.000000 0.000000
1.000000 0.000000 0.000000
1.000000 0.000000 0.000000
1.000000 0.000000 0.000000
1.000000 0.000000 0.000000
1.000000 0.000000 0.000000
1.000000 0.000000 0.000000
1.000000 0.000000 0.000000
1.000000 0.000000 0.000000
1.000000 0.000000 0.000000
1.000000 0.000000 0.000000
1.000000 0.000000 0.000000
1.000000 0.000000 0.000000
1.000000 0.000000 0.000000
1.000000 0.000000 0.000000
1.000000 0.000000 0.000000
1.000000 0.000000 0.000000
1.000000 0.000000 0.000000
1.000000 0.000000 0.000000
1.000000 0.000000 0.000000
1.000000 0.000000 0.000000
1.000000 0.000000 0.000000
1.000000 0.000000 0.000000
1.000000 0.000000 0.000000
1.000000 0.000000 0.000000
1.000000 0.000000 0.000000
1.000000 0.000000 0.000000
1.000000 0.000000 0.000000
1.000000 0.000000 0.000000
1.000000 0.000000 0.000000
1.000000 0.000000 0.000000
1.000000 0.000000 0.000000
1.000000 0.000000 0.000000
1.000000 0.000000 0.000000
1.000000 0.000000 0.000000
1.000000 0.000000 0.000000
1.000000 0.000000 0.000000
1.000000 0.000000 0.000000
1.000000 0.000000 0.000000
1.000000 0.000000 0.000000
1.000000 0.000000 0.000000
1.000000 0.000000 0.000000
0.353501 -0.889674 0.288993
0.765100 -0.596001 0.243730
0.416505 -0.844095 0.337679
0.715123 -0.630111 0.302588
0.437807 -0.853506 0.282582
0.662204 -0.693945 0.282712
0.677600 -0.668913 0.305637
0.274979 -0.915564 0.293477
0.460652 -0.845196 0.271005
0.492176 -0.809773 0.319421
0.833337 -0.499344 0.237074
0.929420 -0.331054 0.163040
0.000000 -0.709689 0.704515
0.000000 0.042488 0.999097
-0.198869 -0.835556 0.512150
0.000000 -0.993022 -0.117927
0.000000 -0.664486 0.747300
0.000000 -0.576108 0.817374
0.000000 -0.683113 0.730313
0.000000 -0.999435 0.033624
0.000000 -0.792398 0.610004
0.000000 -0.565597 0.824682
0.000000 -0.720661 -0.693288
0.000000 -0.431573 0.902078
0.000000 -0.692188 0.721717
0.000000 -0.882211 0.470855
0.000000 -0.624215 -0.781253
0.000000 -0.917415 -0.397931
0.000000 -0.220668 0.975349
0.000000 -0.405111 0.914267
0.000000 -0.969419 -0.245411
0.000000 -0.866101 -0.499869
0.000000 -0.808047 0.589117
0.000000 -0.956145 0.292894
0.000000 -0.159615 0.987179
0.000000 0.011877 0.999929
0.000000 -0.312537 0.949906
0.000000 -0.902700 0.430270
0.000000 -0.998608 0.052750
0.000000 -0.999060 -0.043353
0.000000 0.285827 0.958281
0.000000 0.122741 0.992439
0.000000 -0.604725 0.796434
0.000000 -0.462458 0.886641
0.000000 -0.382877 0.923799
0.000000 -0.511761 0.859128
0.000000 -0.358135 0.933670
0.000000 -0.676151 -0.736763
0.000000 -0.694687 -0.719312
0.000000 -0.659520 -0.751687
0.000000 -0.894002 -0.448063
0.000000 -0.974597 -0.223966
0.000000 -0.246696 0.969093
0.000000 -0.417821 0.908530
0.000000 -0.001591 0.999999
0.000000 -0.526603 0.850111
0.000000 -0.937574 0.347787
0.000000 -0.397840 0.917455
0.000000 -0.272153 0.962254
0.000000 -0.172330 0.985039
0.000000 -0.759725 -0.650245
0.000000 0.015710 0.999877
0.000000 0.170350 0.985384
0.000000 -0.307522 0.951541
0.000000 -0.161273 0.986910
0.000000 -0.840460 -0.541874
0.000000 -0.674062 0.738675
0.000000 -0.687323 0.726352
0.000000 -0.714118 -0.700025
0.000000 -0.687053 -0.726607
0.000000 -0.048017 0.998846
0.000000 -0.923119 -0.384515
0.000000 -0.266347 0.963877
-0.199179 -0.966071 0.164419
0.000000 -0.629647 0.776881
0.000000 -0.975612 0.219500
0.000000 -0.830246 -0.557397
0.000000 -0.905649 0.424028
0.000000 -0.995945 0.089966
0.000000 -0.018314 0.999832
0.000000 -0.675273 -0.737568
0.000000 -0.267177 0.963647
0.000000 0.122079 0.992520
0.000000 -0.694758 0.719244
0.000000 -0.563750 0.825945
0.000000 -0.863335 -0.504632
0.000000 -0.219914 0.975519
0.000000 -0.565267 0.824908
0.000000 -0.851251 -0.524759
0.000000 0.011679 0.999932
0.000000 -0.389418 0.921061
0.000000 -0.030381 0.999538
0.000000 0.024629 0.999697
0.000000 -0.427422 0.904052
0.000000 0.084666 0.996409
-1.000000 0.000000 0.000000
-1.000000 0.000000 0.000000
-1.000000 0.000000 0.000000
-1.000000 0.000000 0.000000
-1.000000 0.000000 0.000000
-1.000000 0.000000 0.000000
-1.000000 0.000000 0.000000
-1.000000 0.000000 0.000000
-1.000000 0.000000 0.000000
-1.000000 0.000000 0.000000
-1.000000 0.000000 0.000000
-1.000000 0.000000 0.000000
-1.000000 0.000000 0.000000
-1.000000 0.000000 0.000000
-1.000000 0.000000 0.000000
-1.000000 0.000000 0.000000
-1.000000 0.000000 0.000000
-1.000000 0.000000 0.000000
-1.000000 0.000000 0.000000
-1.000000 0.000000 0.000000
-1.000000 0.000000 0.000000
-1.000000 0.000000 0.000000
-1.000000 0.000000 0.000000
-1.000000 0.000000 0.000000
-1.000000 0.000000 0.000000
-1.000000 0.000000 0.000000
-1.000000 0.000000 0.000000
-1.000000 0.000000 0.000000
-1.000000 0.000000 0.000000
-1.000000 0.000000 0.000000
-1.000000 0.000000 0.000000
-1.000000 0.000000 0.000000
-1.000000 0.000000 0.000000
-1.000000 0.000000 0.000000
-1.000000 0.000000 0.000000
-1.000000 0.000000 0.000000
-1.000000 0.000000 0.000000
-1.000000 0.000000 0.000000
-1.000000 0.000000 0.000000
-1.000000 0.000000 0.000000
-1.000000 0.000000 0.000000
-1.000000 0.000000 0.000000
-1.000000 0.000000 0.000000
-1.000000 0.000000 0.000000
-1.000000 0.000000 0.000000
-1.000000 0.000000 0.000000
-1.000000 0.000000 0.000000
-1.000000 0.000000 0.000000
-1.000000 0.000000 0.000000
-1.000000 0.000000 0.000000
-1.000000 0.000000 0.000000
-1.000000 0.000000 0.000000
-1.000000 0.000000 0.000000
-1.000000 0.000000 0.000000
-1.000000 0.000000 0.000000
-1.000000 0.000000 0.000000
-1.000000 0.000000 0.000000
-1.000000 0.000000 0.000000
-1.000000 0.000000 0.000000
-1.000000 0.000000 0.000000
-1.000000 0.000000 0.000000
-1.000000 0.000000 0.000000
-1.000000 0.000000 0.000000
-1.000000 0.000000 0.000000
-1.000000 0.000000 0.000000
-1.000000 0.000000 0.000000
-1.000000 0.000000 0.000000
-1.000000 0.000000 0.000000
-1.000000 0.000000 0.000000
-1.000000 0.000000 0.000000
-1.000000 0.000000 0.000000
-1.000000 0.000000 0.000000
-1.000000 0.000000 0.000000
-1.000000 0.000000 0.000000
-1.000000 0.000000 0.000000
-1.000000 0.000000 0.000000
-1.000000 0.000000 0.000000
-1.000000 0.000000 0.000000
-1.000000 0.000000 0.000000
-1.000000 0.000000 0.000000
-1.000000 0.000000 0.000000
-1.000000 0.000000 0.000000
-1.000000 0.000000 0.000000
-1.000000 0.000000 0.000000
-1.000000 0.000000 0.000000
-1.000000 0.000000 0.000000
-1.000000 0.000000 0.000000
-1.000000 0.000000 0.000000
-1.000000 0.000000 0.000000
-1.000000 0.000000 0.000000
-1.000000 0.000000 0.000000
-1.000000 0.000000 0.000000
-1.000000 0.000000 0.000000
-1.000000 0.000000 0.000000
-1.000000 0.000000 0.000000
-1.000000 0.000000 0.000000
-1.000000 0.000000 0.000000
-1.000000 0.000000 0.000000
-1.000000 0.000000 0.000000
-1.000000 0.000000 0.000000
-1.000000 0.000000 0.000000
-1.000000 0.000000 0.000000
-1.000000 0.000000 0.000000
-1.000000 0.000000 0.000000
-1.000000 0.000000 0.000000
-1.000000 0.000000 0.000000
-1.000000 0.000000 0.000000
-1.000000 0.000000 0.000000
-1.000000 0.000000 0.000000
-1.000000 0.000000 0.000000
-1.000000 0.000000 0.000000
-1.000000 0.000000 0.000000
-1.000000 0.000000 0.000000
-1.000000 0.000000 0.000000
-1.000000 0.000000 0.000000
-1.000000 0.000000 0.000000
-1.000000 0.000000 0.000000
-1.000000 0.000000 0.000000
-1.000000 0.000000 0.000000
-1.000000 0.000000 0.000000
-1.000000 0.000000 0.000000
-1.000000 0.000000 0.000000
-1.000000 0.000000 0.000000
-1.000000 0.000000 0.000000
-1.000000 0.000000 0.000000
-1.000000 0.000000 0.000000
-1.000000 0.000000 0.000000
-1.000000 0.000000 0.000000
-1.000000 0.000000 0.000000
-1.000000 0.000000 0.000000
-1.000000 0.000000 0.000000
-1.000000 0.000000 0.000000
-1.000000 0.000000 0.000000
-1.000000 0.000000 0.000000
-1.000000 0.000000 0.000000
-1.000000 0.000000 0.000000
-1.000000 0.000000 0.000000
-1.000000 0.000000 0.000000
-1.000000 0.000000 0.000000
-1.000000 0.000000 0.000000
-1.000000 0.000000 0.000000
-1.000000 0.000000 0.000000
-1.000000 0.000000 0.000000
-1.000000 0.000000 0.000000
-1.000000 0.000000 0.000000
-1.000000 0.000000 0.000000
-1.000000 0.000000 0.000000
-1.000000 0.000000 0.000000
-1.000000 0.000000 0.000000
-1.000000 0.000000 0.000000
-1.000000 0.000000 0.000000
-1.000000 0.000000 0.000000
-1.000000 0.000000 0.000000
-1.000000 0.000000 0.000000
-1.000000 0.000000 0.000000
-1.000000 0.000000 0.000000
-1.000000 0.000000 0.000000
-1.000000 0.000000 0.000000
-1.000000 0.000000 0.000000
-1.000000 0.000000 0.000000
-1.000000 0.000000 0.000000
-1.000000 0.000000 0.000000
-1.000000 0.000000 0.000000
-1.000000 0.000000 0.000000
-1.000000 0.000000 0.000000
-1.000000 0.000000 0.000000
-1.000000 0.000000 0.000000
-1.000000 0.000000 0.000000
-1.000000 0.000000 0.000000
-1.000000 0.000000 0.000000
-1.000000 0.000000 0.000000
-1.000000 0.000000 0.000000
-1.000000 0.000000 0.000000
-1.000000 0.000000 0.000000
-1.000000 0.000000 0.000000
-1.000000 0.000000 0.000000
-1.000000 0.000000 0.000000
-1.000000 0.000000 0.000000
-1.000000 0.000000 0.000000
-1.000000 0.000000 0.000000
-1.000000 0.000000 0.000000
-1.000000 0.000000 0.000000
-1.000000 0.000000 0.000000
-1.000000 0.000000 0.000000
-1.000000 0.000000 0.000000
-1.000000 0.000000 0.000000
-1.000000 0.000000 0.000000
-1.000000 0.000000 0.000000
-1.000000 0.000000 0.000000
-1.000000 0.000000 0.000000
-1.000000 0.000000 0.000000
-1.000000 0.000000 0.000000
-1.000000 0.000000 0.000000
-1.000000 0.000000 0.000000
-1.000000 0.000000 0.000000
-1.000000 0.000000 0.000000
-1.000000 0.000000 0.000000
-1.000000 0.000000 0.000000
-1.000000 0.000000 0.000000
-1.000000 0.000000 0.000000
-1.000000 0.000000 0.000000
-1.000000 0.000000 0.000000
-1.000000 0.000000 0.000000
-1.000000 0.000000 0.000000
-1.000000 0.000000 0.000000
-1.000000 0.000000 0.000000
-1.000000 0.000000 0.000000
-1.000000 0.000000 0.000000
-1.000000 0.000000 0.000000
-1.000000 0.000000 0.000000
-1.000000 0.000000 0.000000
-1.000000 0.000000 0.000000
-1.000000 0.000000 0.000000
-1.000000 0.000000 0.000000
-1.000000 0.000000 0.000000
0.264531 -0.947656 0.178806
0.216047 -0.959450 0.181052
0.308456 -0.934743 0.176380
0.168965 -0.968527 0.182773
1.000000 0.000000 0.000000
1.000000 0.000000 0.000000
1.000000 0.000000 0.000000
1.000000 0.000000 0.000000
1.000000 0.000000 0.000000
1.000000 0.000000 0.000000
1.000000 0.000000 0.000000
1.000000 0.000000 0.000000
1.000000 0.000000 0.000000
1.000000 0.000000 0.000000
1.000000 0.000000 0.000000
1.000000 0.000000 0.000000
1.000000 0.000000 0.000000
-0.512241 0.858842 0.000000
0.000000 -0.999756 0.022084
0.000000 -0.897920 0.440160
0.000000 -0.902196 -0.431326
0.000000 -0.424641 0.905362
0.000000 -0.384490 -0.923129
0.000000 -0.632039 0.774937
0.000000 -0.614632 -0.788814
0.000000 -0.440148 0.897925
0.000000 -0.762290 0.647236
0.000000 -0.763014 0.646382
0.000000 -0.954139 0.299364
0.000000 -0.962592 0.270956
0.000000 -0.996168 -0.087457
0.000000 -0.999202 -0.039950
0.000000 -0.901984 -0.431769
0.000000 -0.897835 -0.440331
0.000000 -0.422487 -0.906369
0.000000 -0.897450 0.441117
0.000000 -0.440521 0.897742
0.000000 -0.405545 -0.914075
0.000000 -0.999944 0.010568
0.000000 -0.633425 -0.773804
0.000000 -0.898845 -0.438266
0.000000 -0.963620 0.267276
0.000000 -0.789559 -0.613674
0.000000 -0.634805 0.772672
0.000000 -0.691933 -0.721962
0.000000 -0.975367 -0.220591
0.000000 -0.775633 0.631184
0.000000 -0.989857 -0.142069
0.000000 -0.775922 0.630829
0.000000 -0.312712 0.949848
0.000000 -0.302277 -0.953220
0.000000 -0.313734 0.949511
0.000000 -0.310174 -0.950680
0.000000 -0.670306 -0.742085
0.000000 -0.723159 -0.690682
1.000000 0.000000 0.000000
1.000000 0.000000 0.000000
0.000000 0.899560 -0.436798
0.000000 0.998846 0.048035
0.000000 0.999503 -0.031528
0.000000 0.985811 -0.167860
0.000000 0.844183 -0.536055
0.000000 0.786771 -0.617246
0.000000 0.942791 -0.333386
0.000000 0.993419 0.114540
0.000000 0.876457 -0.481480
0.000000 0.962078 -0.272775
0.000000 0.996704 -0.081129
0.000000 0.940638 -0.339411
0.000000 -0.788783 0.614671
0.000000 -0.971823 0.235711
0.000000 -0.996383 -0.084975
0.000000 -0.994519 -0.104560
0.000000 -0.448476 -0.893795
0.000000 -0.990734 0.135820
0.000000 -0.995864 0.090857
0.000000 -0.990874 -0.134792
0.000000 -0.998276 0.058693
0.000000 -0.954216 0.299117
0.000000 -0.885996 0.463692
0.000000 -0.958682 0.284481
0.000000 -0.999938 0.011141
0.000000 -0.817653 0.575711
0.000000 -0.733809 0.679356
0.000000 -0.861794 0.507259
0.000000 -0.898141 0.439708
0.000000 -0.848986 0.528415
0.000000 -0.860343 0.509716
0.000000 -0.991174 0.132568
0.000000 -0.711773 -0.702410
0.000000 -0.988913 0.148494
0.000000 -0.661086 0.750310
0.000000 -0.680629 0.732628
0.000000 -0.527729 -0.849413
0.000000 -0.827779 0.561054
0.000000 -0.904928 0.425564
0.000000 -0.832683 -0.553751
0.000000 -0.988267 0.152735
0.000000 -0.998443 -0.055776
0.000000 -0.980017 0.198913
0.000000 -0.706911 0.707302
0.000000 -0.917383 0.398005
0.000000 -0.953743 0.300622
0.000000 -0.674884 -0.737924
0.000000 -0.882180 -0.470912
0.000000 -0.786741 -0.617284
0.000000 -0.968591 -0.248659
0.000000 -0.999902 -0.014015
0.000000 -0.858082 0.513512
0.000000 -0.389033 -0.921224
0.000000 -0.911258 0.411836
0.000000 -0.957266 0.289210
0.000000 -0.895711 -0.444637
0.000000 -0.684982 0.728560
0.000000 -0.361571 0.932345
0.000000 -0.955383 -0.295368
0.000000 -0.968861 0.247607
0.000000 -0.377109 0.926169
0.000000 -0.422452 0.906385
0.000000 -0.953591 -0.301106
0.000000 -0.979570 -0.201102
0.000000 -0.952655 0.304053
0.000000 -0.537935 0.842986
0.000000 -0.676950 -0.736029
0.000000 -0.988253 0.152829
0.000000 -0.948035 0.318166
0.000000 -0.952197 0.305485
0.000000 -0.345390 -0.938459
0.000000 -0.226176 -0.974086
0.000000 -0.999576 -0.029121
0.000000 -0.264937 0.964266
0.000000 -0.916057 0.401047
0.000000 -0.941380 -0.337349
0.000000 -0.313804 0.949488
0.000000 -0.397213 -0.917727
0.000000 -0.948110 0.317941
0.681369 0.731641 -0.020907
0.657048 0.753796 0.008865
0.353032 0.934343 -0.048705
0.369370 0.926659 -0.069777
0.570113 0.821389 -0.017069
0.239360 0.964314 -0.113163
0.272546 0.954478 -0.121204
0.000000 -0.918200 -0.396116
0.000000 -0.984037 -0.177962
0.000000 -0.957353 -0.288920
0.000000 -0.957353 -0.288920
0.000000 -0.991093 -0.133173
0.000000 -0.899301 -0.437330
0.000000 -0.991025 -0.133675
0.000000 -0.899522 -0.436875
-0.504980 -0.719031 -0.477482
0.472332 0.501457 -0.724875
0.708915 0.367726 -0.601845
0.712707 0.371749 -0.594855
0.363784 0.537935 -0.760452
0.618002 0.422748 -0.662840
0.282813 0.560953 -0.778042
0.462134 0.520571 -0.717940
0.808058 0.296875 -0.508830
0.000000 0.522729 0.852499
0.000000 0.044058 0.999029
0.000000 0.130093 0.991502
0.000000 0.260868 0.965374
0.000000 -0.037052 0.999313
0.000000 0.601752 0.798683
0.000000 -0.136740 0.990607
0.000000 0.421377 0.906886
0.000000 0.561878 0.827220
0.000000 0.366885 0.930266
0.000000 0.171749 0.985141
0.000000 0.428915 0.903345
0.607577 0.616445 -0.500844
0.502763 0.665216 -0.552012
0.269625 0.717116 -0.642688
0.286822 0.702888 -0.650908
0.607506 -0.742188 -0.283007
0.502484 -0.811029 -0.299569
0.269185 -0.915479 -0.299061
0.286037 -0.915621 -0.282526
0.607577 -0.436353 -0.663661
0.502763 -0.482360 -0.717327
0.269625 -0.567360 -0.778077
0.286822 -0.576969 -0.764748
0.264531 -0.939874 0.216008
0.216047 -0.951571 0.218717
0.308456 -0.927067 0.213076
0.168965 -0.960573 0.220795
-0.508730 -0.717195 0.476262
0.472618 0.499765 0.725856
0.709599 0.365517 0.602384
0.712905 0.370347 0.595491
0.365600 0.535402 0.761368
0.620834 0.418627 0.662810
0.284636 0.558383 0.779225
0.462315 0.518969 0.718983
0.807951 0.295858 0.509591
0.264531 0.282613 -0.922037
0.216047 0.286112 -0.933522
0.308456 0.278752 -0.909479
0.168965 0.288811 -0.942358
0.472332 0.166293 -0.865592
0.708915 0.093583 -0.699058
0.712707 0.100085 -0.694285
0.363784 0.185312 -0.912864
0.618002 0.119312 -0.777070
0.282813 0.199274 -0.938247
0.462134 0.186580 -0.866960
0.808058 0.066293 -0.585361
1.000000 0.000000 0.000000
1.000000 0.000000 0.000000
1.000000 0.000000 0.000000
1.000000 0.000000 0.000000
0.209207 0.632312 0.745932
0.168252 0.637394 0.751944
0.271053 0.622402 0.734266
0.308811 0.615004 0.725538
0.681203 -0.731860 -0.018528
0.664383 -0.747269 0.013575
0.366089 -0.929881 -0.036043
0.531133 -0.846947 -0.024059
0.382831 -0.921520 -0.065120
0.274737 -0.956929 -0.093842
0.280837 -0.953060 -0.113168
1.000000 0.000000 0.000000
1.000000 0.000000 0.000000
1.000000 0.000000 0.000000
1.000000 0.000000 0.000000
0.518346 0.388301 0.761932
0.294746 0.383473 0.875256
0.285198 0.399690 0.871154
0.644341 0.361708 0.673789
0.607577 0.125739 0.784245
0.502763 0.145685 0.852059
0.269625 0.198288 0.942329
0.286822 0.212518 0.934114
1.000000 0.000000 0.000000
1.000000 0.000000 0.000000
1.000000 0.000000 0.000000
1.000000 0.000000 0.000000
-0.711949 -0.626782 -0.316658
-0.711949 -0.697315 -0.082943
-0.715957 -0.668371 -0.201708
0.518346 -0.130761 0.845115
0.294746 -0.200967 0.934204
0.285198 -0.185414 0.940364
0.644341 -0.100770 0.758070
0.457259 0.421437 0.783138
0.446284 0.371963 0.813926
0.714955 0.347093 0.606932
0.382412 0.396336 0.834673
0.776416 0.310319 0.548525
0.651997 0.351977 0.671575
0.270141 0.391975 0.879420
0.892695 0.236387 0.383687
0.778400 0.340543 0.527374
0.447231 0.359496 0.818992
0.496873 0.390105 0.775200
0.340281 0.376331 0.861733
0.264531 -0.939223 -0.218822
0.216047 -0.950920 -0.221526
0.308456 -0.926430 -0.215831
0.168965 -0.959921 -0.223614
0.000000 0.712132 -0.702045
0.000000 0.538027 -0.842928
0.000000 0.886127 -0.463443
0.000000 0.388006 -0.921657
0.000000 0.719630 -0.694357
0.000000 0.906112 -0.423038
0.000000 0.590360 -0.807140
0.000000 0.934914 -0.354875
0.000000 0.338146 -0.941094
0.000000 0.641206 -0.767369
0.000000 0.760272 -0.649605
0.000000 0.832739 -0.553667
0.000000 0.840598 -0.541660
0.000000 0.627766 -0.778402
0.000000 0.509977 -0.860188
0.000000 0.452941 -0.891541
0.000000 0.788066 -0.615591
0.000000 0.440206 -0.897897
0.000000 -0.861220 -0.508232
0.000000 -0.086495 -0.996252
0.000000 -0.661161 -0.750244
0.000000 -0.768867 -0.639409
0.000000 -0.490579 -0.871396
0.000000 -0.040354 -0.999185
0.000000 -0.643623 -0.765343
0.000000 0.564561 -0.825391
0.000000 -0.583817 -0.811885
0.000000 -0.871954 -0.489588
0.000000 -0.372325 -0.928103
0.000000 -0.234536 -0.972107
0.000000 -0.995832 -0.091202
0.000000 -0.735213 -0.677836
0.000000 -0.992252 0.124243
0.000000 -0.431056 -0.902325
0.000000 -0.425161 -0.905118
0.000000 -0.078113 -0.996944
0.000000 -0.366082 -0.930583
0.000000 -0.161358 -0.986896
0.000000 -0.967033 0.254652
0.000000 -0.313945 -0.949441
0.000000 0.407321 -0.913285
0.000000 0.084200 -0.996449
0.000000 -0.131574 -0.991306
0.000000 -0.955466 -0.295102
0.000000 -0.525388 -0.850862
0.000000 -0.231222 -0.972901
0.000000 0.120934 -0.992661
0.000000 -0.440285 -0.897858
0.000000 0.310946 -0.950428
0.000000 -0.981031 -0.193849
0.197717 -0.007182 -0.980233
0.000000 0.533728 -0.845656
0.000000 -0.871977 -0.489547
0.000000 -0.984998 0.172567
0.000000 -0.901298 0.433200
0.000000 -0.923450 0.383718
0.000000 0.270091 -0.962835
0.000000 -0.246364 -0.969177
0.000000 -0.282448 -0.959283
0.000000 -0.496695 -0.867925
0.000000 -0.999986 0.005357
0.000000 -0.993012 -0.118012
0.000000 -0.941767 -0.336265
0.000000 -0.929572 0.368641
0.000000 0.659134 -0.752026
0.000000 -0.213321 -0.976982
0.000000 -0.963545 0.267548
0.000000 0.624809 -0.780777
0.000000 0.246163 -0.969228
0.000000 -0.650019 -0.759918
0.000000 0.012523 -0.999922
0.000000 -0.412091 -0.911143
0.318331 0.019126 -0.947787
0.000000 -0.960893 0.276921
0.000000 -0.174327 -0.984688
0.472332 -0.878469 -0.072081
0.708915 -0.705071 -0.017733
0.712707 -0.701027 -0.024711
0.363784 -0.927514 -0.085897
0.618002 -0.785401 -0.034909
0.282813 -0.954253 -0.097043
0.462134 -0.882014 -0.092102
0.808058 -0.589096 -0.002850
0.472618 0.164349 0.865807
0.709599 0.091344 0.698660
0.712905 0.098545 0.694302
0.365600 0.182624 0.912680
0.620834 0.115553 0.775379
0.284636 0.196445 0.938292
0.462315 0.184693 0.867268
0.807951 0.065055 0.585648
0.000000 -0.990253 -0.139280
0.000000 -0.900682 -0.434478
0.000000 -0.993685 0.112203
0.000000 -0.990021 -0.140919
0.000000 -0.830509 -0.557005
0.000000 -0.974677 0.223617
0.000000 -0.960657 0.277738
0.000000 -0.948814 -0.315835
0.000000 -0.976862 -0.213873
0.000000 -0.998226 -0.059546
0.000000 -0.956725 -0.290994
0.000000 -0.993389 0.114797
0.000000 -0.789050 -0.614329
0.000000 -0.890592 -0.454803
0.000000 -0.848298 -0.529520
0.000000 -0.979175 0.203017
0.000000 -0.999840 0.017902
0.000000 -0.940839 -0.338853
0.000000 -0.923873 -0.382699
0.000000 -0.999999 0.001030
0.000000 -0.897543 -0.440926
0.518346 0.465901 -0.717115
0.294746 0.566471 -0.769568
0.285198 0.554813 -0.781565
0.644341 0.402845 -0.650031
0.000000 -0.999663 0.025944
0.000000 -0.890923 -0.454155
0.000000 -0.923822 -0.382822
0.000000 -0.967154 -0.254193
0.000000 -0.992480 0.122405
0.000000 -0.859022 -0.511938
0.000000 -0.996232 -0.086731
0.000000 -0.997282 0.073678
0.000000 -0.988840 -0.148981
0.000000 -0.942029 -0.335532
0.000000 -0.996747 -0.080594
0.000000 0.961721 0.274029
0.000000 0.828863 -0.559452
0.000000 0.997514 -0.070467
0.000000 0.992159 -0.124982
0.000000 0.441851 0.897088
0.000000 0.905894 0.423504
0.000000 0.434760 -0.900546
0.000000 0.987579 0.157125
0.000000 0.995726 0.092356
0.000000 0.709593 -0.704611
0.000000 0.998904 0.046810
0.000000 0.514951 -0.857219
0.000000 0.923701 0.383115
0.000000 0.934090 0.357038
0.000000 0.999610 0.027917
0.000000 0.941195 0.337865
0.000000 0.999649 -0.026502
0.000000 0.794635 0.607087
0.000000 0.948994 -0.315295
0.000000 0.912553 -0.408957
0.000000 0.960489 0.278317
0.000000 0.981092 0.193539
0.000000 0.657110 -0.753795
0.000000 0.467777 0.883847
0.000000 0.702619 0.711566
0.000000 0.968102 -0.250558
0.000000 0.892941 0.450174
0.000000 0.760430 0.649420
0.000000 0.999588 -0.028693
0.000000 0.382555 -0.923933
0.000000 0.937118 0.349013
0.000000 0.627499 0.778618
0.000000 0.966814 -0.255483
0.000000 0.951599 0.307342
0.000000 0.979116 0.203304
0.000000 0.672456 -0.740137
0.000000 0.771926 0.635712
0.000000 0.945470 -0.325709
0.000000 0.981826 0.189784
0.000000 0.777626 -0.628727
0.000000 0.999462 -0.032809
0.000000 0.358339 0.933592
0.000000 0.993111 0.117177
0.000000 0.339898 -0.940462
0.000000 0.857526 -0.514440
0.000000 0.354425 0.935085
0.000000 0.217913 -0.975968
0.000000 0.806219 0.591618
0.000000 0.605243 0.796040
0.000000 0.807679 0.589622
0.000000 0.118167 -0.992994
0.000000 0.376022 -0.926611
-0.511746 0.859137 0.000000
-0.696991 0.717080 0.000000
-0.625772 0.773270 -0.102291
-0.698422 0.715686 0.000000
-0.874396 -0.482707 -0.049248
-0.708423 0.000089 -0.705788
-0.710228 -0.628331 0.317454
-0.710291 -0.698941 0.083475
-0.712985 -0.671228 0.202742
0.000000 0.999756 -0.022084
0.000000 0.897920 -0.440159
0.000000 0.902196 0.431326
0.000000 0.424641 -0.905362
0.000000 0.384490 0.923129
0.000000 0.632040 -0.774936
0.000000 0.614632 0.788814
0.000000 0.440148 -0.897925
0.000000 0.762290 -0.647236
0.000000 0.763015 -0.646381
0.000000 0.954139 -0.299364
0.000000 0.962592 -0.270956
0.000000 0.996168 0.087458
0.000000 0.999202 0.039951
0.000000 0.901984 0.431770
0.000000 0.897835 0.440332
0.000000 0.422487 0.906369
0.000000 0.897450 -0.441116
0.000000 0.440522 -0.897742
0.000000 0.405545 0.914075
0.000000 0.999944 -0.010568
0.000000 0.633425 0.773804
0.000000 0.898845 0.438266
0.000000 0.963620 -0.267276
0.000000 0.789559 0.613675
0.000000 0.634805 -0.772672
0.000000 0.691932 0.721962
0.000000 0.975366 0.220591
0.000000 0.775634 -0.631183
0.000000 0.989857 0.142070
0.000000 0.775922 -0.630829
0.000000 0.312712 -0.949848
0.000000 0.302277 0.953220
0.000000 0.313734 -0.949511
0.000000 0.310174 0.950680
0.000000 0.670306 0.742085
0.000000 0.723159 0.690682
-1.000000 0.000000 0.000000
-1.000000 0.000000 0.000000
-1.000000 0.000000 0.000000
-1.000000 0.000000 0.000000
-1.000000 0.000000 0.000000
-1.000000 0.000000 0.000000
-1.000000 0.000000 0.000000
-1.000000 0.000000 0.000000
-1.000000 0.000000 0.000000
-1.000000 0.000000 0.000000
-1.000000 0.000000 0.000000
-1.000000 0.000000 0.000000
-1.000000 0.000000 0.000000
-1.000000 0.000000 0.000000
-1.000000 0.000000 0.000000
-1.000000 0.000000 0.000000
-1.000000 0.000000 0.000000
-0.702499 0.711684 0.000000
-0.631731 0.768479 0.101766
-0.700018 0.714126 0.000000
-0.761182 0.643231 0.082797
-0.699029 0.712694 -0.058529
-0.402694 0.896670 0.183904
-0.397977 0.899276 -0.181429
1.000000 0.000000 0.000000
1.000000 0.000000 0.000000
1.000000 0.000000 0.000000
1.000000 0.000000 0.000000
1.000000 0.000000 0.000000
1.000000 0.000000 0.000000
1.000000 0.000000 0.000000
1.000000 0.000000 0.000000
1.000000 0.000000 0.000000
1.000000 0.000000 0.000000
1.000000 0.000000 0.000000
1.000000 0.000000 0.000000
1.000000 0.000000 0.000000
1.000000 0.000000 0.000000
0.264559 -0.947107 -0.181649
0.216141 -0.958886 -0.183904
0.308456 -0.934215 -0.179158
0.169024 -0.967974 -0.185629
1.000000 0.000000 0.000000
1.000000 0.000000 0.000000
1.000000 0.000000 0.000000
1.000000 0.000000 0.000000
0.472618 0.667796 -0.575049
0.709599 0.559504 -0.428281
0.712905 0.552130 -0.432341
0.365600 0.699262 -0.614303
0.620834 0.613857 -0.487591
0.284636 0.714540 -0.639074
0.462315 0.658894 -0.593400
0.807951 0.474755 -0.349032
0.271084 0.321882 0.907141
0.308766 0.318077 0.896377
0.209235 0.327006 0.921568
0.168318 0.329647 0.928979
1.000000 0.000000 0.000000
1.000000 0.000000 0.000000
1.000000 0.000000 0.000000
1.000000 0.000000 0.000000
0.472618 -0.831824 -0.291035
0.709599 -0.650579 -0.270585
0.712906 -0.650409 -0.262169
0.365600 -0.881551 -0.298672
0.620834 -0.729115 -0.288023
0.284636 -0.910641 -0.299525
0.462315 -0.843270 -0.274153
0.807951 -0.539582 -0.236784
0.209207 0.277491 0.937673
0.168252 0.279736 0.945219
0.271107 0.273178 0.922971
0.308829 0.269921 0.912013
1.000000 0.000000 0.000000
1.000000 0.000000 0.000000
1.000000 0.000000 0.000000
1.000000 0.000000 0.000000
0.000000 -0.833050 -0.553197
0.000000 -0.833050 -0.553197
0.000000 -0.833050 -0.553197
0.000000 -0.833050 -0.553197
0.000000 -0.833050 -0.553197
0.000000 -0.833050 -0.553197
0.000000 -0.833050 -0.553197
0.000000 -0.833050 -0.553197
0.000000 -0.833050 -0.553197
0.000000 -0.833050 -0.553197
0.000000 -0.833050 -0.553197
0.000000 -0.833050 -0.553197
0.000000 -0.833050 -0.553197
0.000000 -0.833050 -0.553197
0.000000 -0.833050 -0.553197
0.000000 -0.833050 -0.553197
0.000000 -0.833050 -0.553197
0.000000 -1.000000 0.000000
0.000000 -1.000000 0.000000
0.000000 -1.000000 0.000000
0.000000 -1.000000 0.000000
0.000000 -1.000000 0.000000
0.000000 -1.000000 0.000000
0.000000 -1.000000 0.000000
0.000000 -1.000000 0.000000
0.000000 -1.000000 0.000000
0.000000 -1.000000 0.000000
0.000000 -1.000000 0.000000
0.000000 -1.000000 0.000000
0.000000 -1.000000 0.000000
0.000000 -1.000000 0.000000
0.000000 -1.000000 0.000000
0.000000 -1.000000 0.000000
0.000000 -1.000000 0.000000
0.000000 -1.000000 0.000000
0.000000 -1.000000 0.000000
0.000000 -1.000000 0.000000
0.000000 -1.000000 0.000000
0.000000 -1.000000 0.000000
0.000000 -1.000000 0.000000
0.000000 -1.000000 0.000000
0.000000 -1.000000 0.000000
0.000000 -1.000000 0.000000
0.000000 -1.000000 0.000000
0.000000 -1.000000 0.000000
0.000000 -1.000000 0.000000
0.000000 -1.000000 0.000000
0.000000 -1.000000 0.000000
0.000000 -1.000000 0.000000
0.000000 -1.000000 0.000000
0.000000 -1.000000 0.000000
0.000000 -1.000000 0.000000
0.000000 -1.000000 0.000000
0.000000 -1.000000 0.000000
0.000000 -1.000000 0.000000
0.000000 -1.000000 0.000000
0.000000 -1.000000 0.000000
0.000000 -1.000000 0.000000
0.000000 -1.000000 0.000000
0.000000 -1.000000 0.000000
0.000000 -1.000000 0.000000
0.000000 -1.000000 0.000000
0.000000 -1.000000 0.000000
0.000000 -1.000000 0.000000
0.000000 -1.000000 0.000000
0.000000 -1.000000 0.000000
0.000000 -1.000000 0.000000
0.000000 -1.000000 0.000000
0.000000 -0.833050 0.553197
0.000000 -0.833050 0.553197
0.000000 -0.833050 0.553197
0.000000 -0.833050 0.553197
0.000000 -0.833050 0.553197
0.000000 -0.833050 0.553197
0.000000 -0.833050 0.553197
0.000000 -0.833050 0.553197
0.000000 -0.833050 0.553197
0.000000 -0.833050 0.553197
0.000000 -0.833050 0.553197
0.000000 -0.833050 0.553197
0.000000 -0.833050 0.553197
0.000000 -0.833050 0.553197
0.000000 -0.833050 0.553197
0.000000 -0.833050 0.553197
0.000000 -0.833050 0.553197
0.000000 0.474095 -0.880474
0.000000 0.838226 -0.545323
0.000000 0.792217 -0.610239
0.000000 0.701367 -0.712800
0.000000 0.371128 -0.928582
0.000000 0.277065 -0.960851
0.000000 0.569660 -0.821880
0.000000 0.872725 -0.488211
0.000000 0.429226 -0.903197
0.000000 0.620745 -0.784013
0.000000 0.760935 -0.648829
0.000000 0.564382 -0.825514
0.000000 -0.271945 0.962313
0.000000 -0.880288 -0.474440
0.000000 -0.860608 0.509269
0.000000 -0.968126 0.250465
0.000000 -0.889847 0.456258
0.000000 -0.740284 0.672295
0.000000 -0.440246 0.897877
0.000000 -0.754352 0.656470
0.000000 -0.919090 0.394048
0.000000 -0.572283 0.820056
0.000000 -0.207023 -0.978336
0.000000 -0.372611 -0.927988
0.000000 -0.761411 0.648269
0.000000 -0.942212 0.335018
0.000000 -0.784571 0.620039
0.000000 -0.712704 0.701465
0.000000 -0.649036 -0.760758
0.000000 -0.714868 0.699260
0.197477 -0.583993 0.787372
0.000000 -0.715351 -0.698766
0.198539 -0.538821 -0.818690
0.000000 -0.778157 -0.628070
0.000000 -0.142978 0.989726
0.449680 -0.374378 0.810943
0.000000 -0.712032 0.702147
0.000000 -0.998589 0.053109
0.000000 -0.999182 -0.040441
0.000000 -0.839636 0.543149
0.000000 -0.668481 0.743729
0.000000 -0.509189 0.860655
0.448609 -0.387705 0.805255
0.000000 -0.542085 0.840324
0.000000 -0.282558 -0.959250
0.000000 -0.380560 -0.924756
0.000000 -0.293105 -0.956080
0.000000 -0.488404 0.872617
0.000000 -0.287936 0.957650
0.000000 -0.963913 -0.266217
0.000000 -0.886345 -0.463026
0.000000 -0.715766 0.698340
0.000000 -0.339685 0.940539
0.000000 -0.466226 -0.884665
0.000000 -0.455842 0.890061
0.000000 -0.351224 -0.936291
0.000000 -0.961836 0.273627
0.000000 -0.513709 0.857964
0.000000 -0.371619 -0.928385
0.000000 -0.989878 0.141919
0.000000 -0.254903 0.966967
0.196431 -0.314879 0.928583
0.000000 -0.267202 0.963641
0.000000 -0.153794 0.988103
0.000000 -0.442986 -0.896529
0.000000 -0.530664 -0.847582
0.000000 -0.998221 -0.059618
0.000000 -0.707067 -0.707147
0.000000 -0.933762 -0.357893
0.000000 -0.356430 -0.934322
0.000000 -0.985218 -0.171303
0.000000 -0.383378 0.923592
0.000000 -0.711178 0.703012
0.000000 -0.581609 0.813468
0.000000 -0.593250 0.805018
0.000000 -0.363175 0.931721
0.000000 -0.354088 -0.935212
0.000000 -0.825574 0.564294
0.319649 -0.553067 -0.769377
0.000000 -0.833786 0.552087
0.000000 -0.343124 0.939290
0.000000 -0.594860 -0.803829
0.000000 0.782510 -0.622637
0.000000 0.586326 -0.810075
0.000000 0.773792 -0.633440
0.000000 0.685585 -0.727992
0.000000 0.851395 -0.524525
0.000000 0.993003 0.118090
0.000000 0.779572 -0.626313
0.000000 0.928908 -0.370310
0.000000 0.875167 -0.483820
0.000000 0.486245 -0.873823
0.000000 0.987442 0.157983
0.000000 0.997530 -0.070235
0.000000 0.871544 -0.490317
0.000000 0.979753 -0.200210
0.000000 0.671845 -0.740692
0.000000 0.711110 0.703080
0.000000 0.995545 -0.094283
0.000000 0.961591 -0.274488
0.000000 0.897408 0.441202
0.000000 0.280984 -0.959712
0.000000 0.995422 -0.095579
0.000000 0.998454 -0.055592
0.000000 -0.052337 -0.998629
0.000000 0.903190 0.429241
0.000000 -0.009128 -0.999958
0.000000 0.963683 -0.267049
0.000000 0.949312 -0.314337
0.000000 0.994220 0.107358
0.000000 0.978852 -0.204571
0.000000 0.947008 -0.321209
0.000000 0.894748 -0.446571
0.000000 0.902189 -0.431342
0.000000 0.995876 0.090726
0.000000 0.888828 -0.458241
0.000000 0.751310 0.659949
0.000000 0.998440 -0.055829
0.000000 -0.068165 -0.997674
0.000000 0.333889 -0.942612
0.000000 0.573407 -0.819271
0.000000 0.796717 -0.604352
0.000000 0.956312 -0.292348
0.000000 0.999956 -0.009409
0.000000 0.830613 -0.556851
0.000000 0.980358 0.197226
0.000000 0.274187 -0.961676
0.000000 0.833409 -0.552656
0.000000 0.955866 -0.293804
0.000000 0.954559 -0.298021
0.000000 0.889747 -0.456455
0.000000 0.888809 0.458277
0.000000 0.710047 0.704155
0.000000 0.554058 -0.832478
0.000000 0.902799 -0.430063
0.000000 0.856542 -0.516078
0.000000 0.282154 -0.959369
0.000000 0.962003 0.273039
0.000000 0.797219 -0.603690
0.000000 -0.024830 -0.999692
0.000000 0.994078 -0.108665
0.000000 0.673238 -0.739426
0.000000 -0.122824 -0.992428
0.000000 -0.230186 -0.973147
0.000000 0.973313 0.229480
0.000000 0.678471 0.734627
0.000000 0.908396 0.418110
0.000000 0.997865 0.065317
0.000000 0.999432 -0.033694
0.000000 0.994393 -0.105747
0.000000 0.832497 -0.554029
0.000000 -0.990363 0.138493
0.000000 -0.898894 0.438166
0.000000 -0.994264 -0.106956
0.000000 -0.832618 0.553847
0.000000 -0.991799 0.127809
0.000000 -0.956724 0.290998
0.000000 -0.977323 0.211753
0.000000 -0.998599 0.052922
0.000000 -0.955396 0.295328
0.000000 -0.901871 0.432005
0.000000 -0.787484 0.616336
0.000000 -0.982587 -0.185801
0.000000 -0.845295 0.534300
0.000000 -0.999221 -0.039470
0.000000 -0.856875 0.515524
0.000000 -0.965472 -0.260507
0.000000 -0.999837 -0.018042
0.000000 -0.934736 0.355343
0.000000 -0.923602 0.383354
0.000000 -0.885930 0.463819
0.000000 -0.074700 0.997206
0.000000 -0.548654 0.836049
0.000000 -0.474473 0.880270
0.000000 -0.353122 0.935577
0.000000 -0.614608 0.788833
0.000000 0.020866 0.999782
0.000000 -0.690370 0.723457
0.000000 -0.188730 0.982029
0.000000 -0.028161 0.999603
0.000000 -0.246596 0.969118
0.000000 -0.436966 0.899478
0.000000 -0.180535 0.983569
1.000000 0.000000 0.000000
1.000000 0.000000 0.000000
0.518340 -0.666214 -0.536175
0.295290 -0.708165 -0.641332
0.285650 -0.721014 -0.631302
0.644332 -0.605867 -0.466649
1.000000 0.000000 0.000000
1.000000 0.000000 0.000000
1.000000 0.000000 0.000000
1.000000 0.000000 0.000000
0.472618 0.378948 -0.795632
0.709599 0.339093 -0.617645
0.712906 0.330708 -0.618383
0.365600 0.391898 -0.844247
0.620834 0.364889 -0.693845
0.284636 0.395880 -0.873076
0.462315 0.363398 -0.808831
0.807951 0.293532 -0.510935
0.472739 -0.878470 0.069341
0.709988 -0.704055 0.014945
0.712995 -0.700808 0.022487
0.365694 -0.927072 0.082497
0.621059 -0.783156 0.030863
0.284659 -0.954055 0.093530
0.462310 -0.882198 0.089419
0.808238 -0.588855 0.000999
1.000000 0.000000 0.000000
1.000000 0.000000 0.000000
1.000000 0.000000 0.000000
1.000000 0.000000 0.000000
0.472332 0.666158 0.577180
0.708915 0.558371 0.430884
0.712707 0.550986 0.434124
0.363784 0.697565 0.617304
0.618002 0.613033 0.492202
0.282813 0.712552 0.642095
0.462134 0.657189 0.595428
0.808058 0.473597 0.350355
0.271084 0.660582 0.700104
0.308766 0.652756 0.691790
0.209235 0.671092 0.711236
0.168318 0.676499 0.716951
0.264531 0.630663 -0.729580
0.216047 0.638499 -0.738676
0.308456 0.622063 -0.719647
0.168965 0.644534 -0.745672
0.000000 0.967696 -0.252120
0.000000 0.598542 0.801092
0.000000 0.809287 0.587413
0.000000 -0.021115 0.999777
0.000000 0.711067 0.703124
0.000000 0.997484 -0.070896
0.000000 0.134821 0.990870
0.000000 0.868397 0.495870
0.000000 0.942422 0.334427
0.000000 0.842328 0.538965
0.000000 0.988575 -0.150728
0.000000 -0.569570 0.821943
0.000000 0.896142 0.443766
0.000000 0.924611 0.380912
0.000000 0.816600 0.577204
0.000000 0.572529 0.819885
0.000000 -0.333572 0.942725
0.000000 -0.408388 0.912808
0.000000 0.917801 -0.397041
0.000000 -0.229298 0.973356
0.000000 -0.679675 0.733514
0.000000 0.977941 0.208883
0.000000 0.697727 0.716364
0.000000 0.332863 0.942975
0.000000 0.151550 0.988450
0.000000 0.993273 0.115797
0.000000 0.996966 0.077839
0.000000 0.980942 0.194302
0.000000 0.999905 -0.013758
0.000000 0.993804 -0.111147
0.000000 0.997539 -0.070118
0.000000 0.995635 0.093331
0.000000 0.914410 0.404790
0.000000 0.992880 0.119117
0.000000 0.036399 0.999337
0.000000 0.998977 -0.045228
0.000000 0.540954 0.841052
0.000000 0.990765 -0.135593
0.000000 0.965585 -0.260088
0.000000 -0.599204 0.800596
0.000000 -0.532473 0.846447
0.000000 0.895087 0.445891
0.000000 0.984395 0.175971
0.000000 -0.297277 0.954791
0.000000 0.975873 -0.218341
0.000000 -0.099483 0.995039
0.000000 0.965058 0.262037
0.000000 0.990855 0.134931
0.000000 0.986614 -0.163074
0.000000 -0.569341 0.822101
0.000000 0.983100 -0.183067
0.000000 -0.436949 0.899486
0.000000 -0.574877 0.818240
0.000000 0.969592 -0.244729
0.000000 0.973075 -0.230487
0.000000 0.309988 0.950741
0.000000 0.954358 0.298665
0.000000 0.961020 -0.276479
0.000000 -0.634330 0.773062
0.000000 0.965866 -0.259041
0.000000 0.455760 0.890103
0.000000 -0.283976 0.958831
0.000000 -0.622206 0.782854
0.000000 0.947833 0.318768
0.000000 0.316174 0.948701
0.000000 0.995877 0.090710
0.000000 0.930450 0.366418
0.000000 0.867077 0.498174
0.000000 -0.681538 0.731782
0.000000 0.999471 -0.032521
0.264531 0.658922 -0.704163
0.216047 0.667110 -0.712943
0.308456 0.649937 -0.694577
0.168965 0.673416 -0.719695
0.000000 0.363777 0.931486
0.000000 0.043719 0.999044
0.000000 0.596229 0.802814
0.000000 -0.080461 0.996758
0.000000 0.368050 0.929806
0.000000 0.206922 0.978357
0.000000 0.298410 0.954438
0.000000 0.450682 0.892684
0.000000 0.655400 0.755282
0.000000 0.545564 0.838069
0.000000 0.243329 0.969944
0.000000 -0.123369 0.992361
0.000000 -0.044225 0.999022
0.000000 0.676530 0.736415
0.000000 0.051190 0.998689
0.000000 0.545043 0.838408
0.000000 -0.030123 0.999546
0.000000 0.134719 0.990884
0.000000 0.467643 0.883918
0.000000 0.165120 0.986274
0.000000 1.000000 0.000000
0.000000 1.000000 0.000000
0.000000 1.000000 0.000000
0.000000 1.000000 0.000000
0.000000 1.000000 0.000000
0.000000 1.000000 0.000000
0.000000 1.000000 0.000000
0.000000 1.000000 0.000000
0.000000 1.000000 0.000000
0.000000 1.000000 0.000000
0.000000 1.000000 0.000000
0.000000 1.000000 0.000000
0.000000 1.000000 0.000000
0.000000 1.000000 0.000000
0.000000 1.000000 0.000000
0.000000 1.000000 0.000000
0.000000 1.000000 0.000000
0.000000 1.000000 0.000000
0.000000 1.000000 0.000000
0.000000 1.000000 0.000000
0.000000 1.000000 0.000000
0.000000 1.000000 0.000000
0.000000 1.000000 0.000000
0.000000 1.000000 0.000000
0.000000 1.000000 0.000000
0.000000 1.000000 0.000000
0.000000 1.000000 0.000000
0.000000 0.977127 0.212659
0.000000 0.992953 -0.118512
0.000000 0.901987 0.431763
0.000000 0.938646 -0.344882
0.000000 0.977054 0.212992
0.000000 0.998837 0.048221
0.000000 0.992857 -0.119315
0.000000 0.938750 -0.344599
0.000000 0.902013 0.431708
0.000000 0.896984 0.442062
0.000000 0.934453 -0.356085
0.000000 0.934562 -0.355802
0.000000 0.897017 0.441995
0.000000 0.962678 0.270649
0.000000 0.984135 -0.177422
0.000000 1.000000 0.000000
0.000000 1.000000 0.000000
0.000000 1.000000 0.000000
0.000000 1.000000 0.000000
0.000000 1.000000 0.000000
0.000000 1.000000 0.000000
0.000000 1.000000 0.000000
0.000000 1.000000 0.000000
0.000000 1.000000 0.000000
0.000000 1.000000 0.000000
0.000000 0.999995 -0.003301
0.000000 0.999969 0.007882
0.000000 0.992115 -0.125328
0.000000 0.995757 -0.092019
0.000000 0.994982 0.100058
0.000000 0.991279 0.131781
0.000000 0.987165 0.159703
0.000000 0.986465 -0.163972
0.000000 0.987726 -0.156194
0.000000 0.986050 0.166446
0.000000 1.000000 0.000000
0.000000 1.000000 0.000000
0.000000 1.000000 0.000000
0.000000 1.000000 0.000000
0.000000 1.000000 0.000000
0.000000 1.000000 0.000000
0.000000 1.000000 0.000000
0.000000 1.000000 0.000000
0.000000 1.000000 0.000000
0.000000 1.000000 0.000000
0.000000 0.977139 -0.212600
0.000000 0.992948 0.118551
0.000000 0.901995 -0.431747
0.000000 0.938647 0.344880
0.000000 0.977061 -0.212959
0.000000 0.998841 -0.048142
0.000000 0.992853 0.119341
0.000000 0.938747 0.344609
0.000000 0.902044 -0.431645
0.000000 0.896987 -0.442058
0.000000 0.934455 0.356081
0.000000 0.934558 0.355811
0.000000 0.897082 -0.441864
0.000000 0.962689 -0.270610
0.000000 0.984127 0.177468
0.000000 1.000000 0.000000
0.000000 1.000000 0.000000
0.000000 1.000000 0.000000
0.000000 1.000000 0.000000
0.000000 1.000000 0.000000
0.000000 1.000000 0.000000
0.000000 1.000000 0.000000
0.000000 1.000000 0.000000
0.000000 1.000000 0.000000
0.000000 1.000000 0.000000
0.000000 1.000000 0.000000
0.000000 1.000000 0.000000
0.000000 1.000000 0.000000
0.000000 1.000000 0.000000
0.000000 1.000000 0.000000
0.000000 1.000000 0.000000
0.000000 1.000000 0.000000
0.000000 1.000000 0.000000
0.000000 1.000000 0.000000
0.000000 1.000000 0.000000
0.000000 1.000000 0.000000
0.000000 1.000000 0.000000
0.000000 1.000000 0.000000
0.000000 1.000000 0.000000
0.000000 1.000000 0.000000
0.000000 1.000000 0.000000
0.000000 1.000000 0.000000
0.000000 0.360593 -0.932723
0.000000 0.045889 -0.998947
0.000000 0.620821 -0.783952
0.000000 -0.078760 -0.996894
0.000000 0.353238 -0.935533
0.000000 0.711212 -0.702978
0.000000 0.197565 -0.980290
0.000000 0.272145 -0.962256
0.000000 0.416510 -0.909131
0.000000 0.515574 -0.856845
0.000000 0.258954 -0.965890
0.000000 -0.121172 -0.992631
0.000000 0.677553 -0.735474
0.000000 -0.043520 -0.999053
0.000000 0.048939 -0.998802
0.000000 0.540145 -0.841572
0.000000 -0.028835 -0.999584
0.000000 0.158844 -0.987304
0.000000 0.639359 -0.768908
0.000000 0.463634 -0.886027
0.000000 0.147663 -0.989038
0.264531 0.318725 -0.910185
0.216047 0.322674 -0.921523
0.308456 0.314373 -0.897789
0.168965 0.325719 -0.930246
0.000000 0.708494 0.705716
0.000000 0.535362 0.844623
0.000000 0.878364 0.477993
0.000000 0.384881 0.922966
0.000000 0.715438 0.698676
0.000000 0.587476 0.809242
0.000000 0.335201 0.942147
0.000000 0.895837 0.444382
0.000000 0.638154 0.769909
0.000000 0.754575 0.656214
0.000000 0.625144 0.780510
0.000000 0.506806 0.862060
0.000000 0.824849 0.565353
0.000000 0.834344 0.551245
0.000000 0.449875 0.893092
0.000000 0.783899 0.620888
0.000000 0.437184 0.899372
0.607577 -0.356768 0.709624
0.502763 -0.380259 0.776294
0.269625 -0.390399 0.880279
0.286822 -0.374051 0.881940
-0.508730 -0.860926 0.000000
-0.515265 -0.844810 0.144215
-0.705933 -0.708279 0.000000
-0.705933 -0.708279 0.000000
0.000000 -0.984037 0.177962
0.000000 -0.918200 0.396116
0.000000 -0.957353 0.288920
0.000000 -0.957353 0.288920
0.000000 -0.991093 0.133173
0.000000 -0.899301 0.437330
0.000000 -0.991025 0.133675
0.000000 -0.899522 0.436875
