-25.000000 -25.000000 50.000000
-25.000000 -25.000000 75.000000
-25.000000 25.000000 75.000000
-25.000000 25.000000 50.000000
25.000000 25.000000 75.000000
25.000000 25.000000 50.000000
25.000000 -25.000000 50.000000
25.000000 -25.000000 75.000000
50.000000 -50.000000 50.000000
-50.000000 -50.000000 50.000000
50.000000 50.000000 50.000000
-50.000000 50.000000 50.000000
50.000000 -50.000000 -50.000000
-50.000000 -50.000000 -50.000000
-50.000000 50.000000 -50.000000
50.000000 50.000000 -50.000000
-25.000000 -25.000000 62.500000
-25.000000 -8.333333 75.000000
-25.000000 8.333333 75.000000
-25.000000 25.000000 62.500000
-25.000000 8.333333 50.000000
-25.000000 -8.333333 50.000000
-8.333333 25.000000 75.000000
8.333333 25.000000 75.000000
25.000000 25.000000 62.500000
8.333333 25.000000 50.000000
-8.333333 25.000000 50.000000
25.000000 -25.000000 62.500000
8.333333 -25.000000 75.000000
-8.333333 -25.000000 75.000000
-8.333333 -25.000000 50.000000
8.333333 -25.000000 50.000000
25.000000 8.333333 75.000000
25.000000 -8.333333 75.000000
25.000000 -8.333333 50.000000
25.000000 8.333333 50.000000
33.333332 -50.000000 50.000000
16.666666 -50.000000 50.000000
0.000000 -50.000000 50.000000
-16.666666 -50.000000 50.000000
-33.333332 -50.000000 50.000000
50.000000 33.333332 50.000000
50.000000 16.666666 50.000000
50.000000 0.000000 50.000000
50.000000 -16.666666 50.000000
50.000000 -33.333332 50.000000
-33.333332 50.000000 50.000000
-16.666666 50.000000 50.000000
-0.000000 50.000000 50.000000
16.666666 50.000000 50.000000
33.333332 50.000000 50.000000
-50.000000 -33.333332 50.000000
-50.000000 -16.666666 50.000000
-50.000000 -0.000000 50.000000
-50.000000 16.666666 50.000000
-50.000000 33.333332 50.000000
50.000000 -50.000000 -33.333332
50.000000 -50.000000 -16.666666
50.000000 -50.000000 -0.000000
50.000000 -50.000000 16.666666
50.000000 -50.000000 33.333332
-50.000000 -50.000000 -33.333332
-50.000000 -50.000000 -16.666666
-50.000000 -50.000000 -0.000000
-50.000000 -50.000000 16.666666
-50.000000 -50.000000 33.333332
-33.333332 -50.000000 -50.000000
-16.666666 -50.000000 -50.000000
-0.000000 -50.000000 -50.000000
16.666666 -50.000000 -50.000000
33.333332 -50.000000 -50.000000
-50.000000 50.000000 -33.333332
-50.000000 50.000000 -16.666666
-50.000000 50.000000 -0.000000
-50.000000 50.000000 16.666666
-50.000000 50.000000 33.333332
-50.000000 33.333332 -50.000000
-50.000000 16.666666 -50.000000
-50.000000 0.000000 -50.000000
-50.000000 -16.666666 -50.000000
-50.000000 -33.333332 -50.000000
50.000000 50.000000 -33.333332
50.000000 50.000000 -16.666666
50.000000 50.000000 -0.000000
50.000000 50.000000 16.666666
50.000000 50.000000 33.333332
33.333332 50.000000 -50.000000
16.666666 50.000000 -50.000000
0.000000 50.000000 -50.000000
-16.666666 50.000000 -50.000000
-33.333332 50.000000 -50.000000
50.000000 -33.333332 -50.000000
50.000000 -16.666666 -50.000000
50.000000 -0.000000 -50.000000
50.000000 16.666666 -50.000000
50.000000 33.333332 -50.000000
-25.000000 -0.000000 62.500000
-25.000000 12.500000 63.194443
-25.000000 -12.500000 63.194443
-0.000000 25.000000 62.500000
12.500000 25.000000 63.194443
-12.500000 25.000000 63.194443
0.000000 -25.000000 62.500000
-12.500000 -25.000000 63.194443
12.500000 -25.000000 63.194443
-10.240415 -0.000000 75.000000
10.252531 0.000000 75.000000
0.002019 12.628004 75.000000
0.002019 -12.628004 75.000000
-12.884012 -12.884012 75.000000
12.884012 12.884012 75.000000
-12.884012 12.884012 75.000000
12.884012 -12.884012 75.000000
25.000000 0.000000 62.500000
25.000000 -12.500000 63.194443
25.000000 12.500000 63.194443
-12.386637 37.631783 50.000000
37.655479 12.379911 50.000000
-36.622890 -15.131330 50.000000
16.666666 -36.111111 50.000000
37.252651 -3.480745 50.000000
-8.727985 -40.119083 50.000000
16.369062 35.054733 50.000000
35.860420 -16.597713 50.000000
-34.937416 15.974572 50.000000
-36.527828 1.469061 50.000000
3.441515 37.114418 50.000000
-21.439232 -37.010590 50.000000
-36.574074 -31.944445 50.000000
-27.761335 38.676285 50.000000
38.680233 27.760214 50.000000
28.514723 -38.440552 50.000000
4.100892 -37.705032 50.000000
38.399544 -28.510065 50.000000
28.403799 38.159248 50.000000
-38.159248 28.403799 50.000000
-41.022125 41.022125 50.000000
41.022125 41.022125 50.000000
41.022125 -41.022125 50.000000
-9.807602 -50.000000 35.115185
7.706925 -50.000000 -33.199478
34.009743 -50.000000 7.843979
-35.454037 -50.000000 -8.800416
-36.016514 -50.000000 25.011293
25.229372 -50.000000 36.116203
34.869190 -50.000000 -23.762577
-25.694180 -50.000000 -36.297844
-35.397419 -50.000000 8.696021
-20.864939 -50.000000 -0.027158
-19.983141 -50.000000 -19.449850
-6.698730 -50.000000 -8.333333
-6.423650 -50.000000 7.853981
7.486582 -50.000000 -0.079892
7.735027 -50.000000 16.666666
7.760829 -50.000000 -15.743963
22.769064 -50.000000 -8.003256
-9.904062 -50.000000 -35.183216
7.907868 -50.000000 33.180122
-19.806997 -50.000000 19.265934
-25.255766 -50.000000 36.145683
36.437099 -50.000000 25.450195
24.993914 -50.000000 -36.355343
-36.478722 -50.000000 -25.354845
38.329597 -50.000000 -8.117704
18.723768 -50.000000 7.665209
19.588213 -50.000000 -23.370840
21.796619 -50.000000 21.202116
-5.024047 -50.000000 22.099365
-4.787311 -50.000000 -22.152130
-37.799152 -50.000000 37.799152
37.799152 -50.000000 37.799152
-37.799152 -50.000000 -37.799152
37.799152 -50.000000 -37.799152
-50.000000 9.807602 35.115185
-50.000000 -7.706925 -33.199478
-50.000000 -34.009743 7.843979
-50.000000 35.454037 -8.800416
-50.000000 36.016514 25.011293
-50.000000 -25.229372 36.116203
-50.000000 -34.869190 -23.762577
-50.000000 25.694180 -36.297844
-50.000000 35.397419 8.696021
-50.000000 20.864939 -0.027158
-50.000000 19.983141 -19.449850
-50.000000 6.698730 -8.333333
-50.000000 6.423650 7.853981
-50.000000 -7.486582 -0.079892
-50.000000 -7.735027 16.666666
-50.000000 -7.760829 -15.743963
-50.000000 -22.769064 -8.003256
-50.000000 9.904062 -35.183216
-50.000000 -7.907868 33.180122
-50.000000 19.806997 19.265934
-50.000000 25.255766 36.145683
-50.000000 -36.437099 25.450195
-50.000000 -24.993914 -36.355343
-50.000000 36.478722 -25.354845
-50.000000 -38.329597 -8.117704
-50.000000 -18.723768 7.665209
-50.000000 -19.588213 -23.370840
-50.000000 -21.796619 21.202116
-50.000000 5.024047 22.099365
-50.000000 4.787311 -22.152130
-50.000000 37.799152 37.799152
-50.000000 -37.799152 37.799152
-50.000000 37.799152 -37.799152
-50.000000 -37.799152 -37.799152
9.807602 50.000000 35.115185
-7.706925 50.000000 -33.199478
-34.009743 50.000000 7.843979
35.454037 50.000000 -8.800416
36.016514 50.000000 25.011293
-25.229372 50.000000 36.116203
-34.869190 50.000000 -23.762577
25.694180 50.000000 -36.297844
35.397419 50.000000 8.696021
20.864939 50.000000 -0.027158
19.983141 50.000000 -19.449850
6.698730 50.000000 -8.333333
6.423650 50.000000 7.853981
-7.486582 50.000000 -0.079892
-7.735027 50.000000 16.666666
-7.760829 50.000000 -15.743963
-22.769064 50.000000 -8.003256
9.904062 50.000000 -35.183216
-7.907868 50.000000 33.180122
19.806997 50.000000 19.265934
25.255766 50.000000 36.145683
-36.437099 50.000000 25.450195
-24.993914 50.000000 -36.355343
36.478722 50.000000 -25.354845
-38.329597 50.000000 -8.117704
-18.723768 50.000000 7.665209
-19.588213 50.000000 -23.370840
-21.796619 50.000000 21.202116
5.024047 50.000000 22.099365
4.787311 50.000000 -22.152130
37.799152 50.000000 37.799152
-37.799152 50.000000 37.799152
37.799152 50.000000 -37.799152
-37.799152 50.000000 -37.799152
50.000000 -9.807602 35.115185
50.000000 7.706925 -33.199478
50.000000 34.009743 7.843979
50.000000 -35.454037 -8.800416
50.000000 -36.016514 25.011293
50.000000 25.229372 36.116203
50.000000 34.869190 -23.762577
50.000000 -25.694180 -36.297844
50.000000 -35.397419 8.696021
50.000000 -20.864939 -0.027158
50.000000 -19.983141 -19.449850
50.000000 -6.698730 -8.333333
50.000000 -6.423650 7.853981
50.000000 7.486582 -0.079892
50.000000 7.735027 16.666666
50.000000 7.760829 -15.743963
50.000000 22.769064 -8.003256
50.000000 -9.904062 -35.183216
50.000000 7.907868 33.180122
50.000000 -19.806997 19.265934
50.000000 -25.255766 36.145683
50.000000 36.437099 25.450195
50.000000 24.993914 -36.355343
50.000000 -36.478722 -25.354845
50.000000 38.329597 -8.117704
50.000000 18.723768 7.665209
50.000000 19.588213 -23.370840
50.000000 21.796619 21.202116
50.000000 -5.024047 22.099365
50.000000 -4.787311 -22.152130
50.000000 -37.799152 37.799152
50.000000 37.799152 37.799152
50.000000 -37.799152 -37.799152
50.000000 37.799152 -37.799152
-35.454037 -8.800416 -50.000000
7.706925 -33.199478 -50.000000
34.009743 7.843979 -50.000000
-9.807602 35.115185 -50.000000
-25.694180 -36.297844 -50.000000
-36.016514 25.011293 -50.000000
25.229372 36.116203 -50.000000
34.869190 -23.762577 -50.000000
-35.397419 8.696021 -50.000000
-20.864939 -0.027158 -50.000000
-19.983141 -19.449850 -50.000000
-6.698730 -8.333333 -50.000000
-6.423650 7.853981 -50.000000
7.486582 -0.079892 -50.000000
7.735027 16.666666 -50.000000
7.760829 -15.743963 -50.000000
22.769064 -8.003256 -50.000000
-19.806997 19.265934 -50.000000
7.907868 33.180122 -50.000000
-9.904062 -35.183216 -50.000000
-36.478722 -25.354845 -50.000000
-25.255766 36.145683 -50.000000
24.993914 -36.355343 -50.000000
36.437099 25.450195 -50.000000
18.723768 7.665209 -50.000000
38.329597 -8.117704 -50.000000
19.588213 -23.370840 -50.000000
21.796619 21.202116 -50.000000
-4.787311 -22.152130 -50.000000
-5.024047 22.099365 -50.000000
-37.799152 -37.799152 -50.000000
37.799152 -37.799152 -50.000000
-37.799152 37.799152 -50.000000
37.799152 37.799152 -50.000000
