0.000000 0.000000 -40.000000
0.000000 40.000000 0.000000
0.000000 40.000000 -40.000000
0.000000 0.000000 40.000000
0.000000 40.000000 40.000000
100.000000 0.000000 -40.000000
0.000000 -40.000000 0.000000
0.000000 -40.000000 -40.000000
0.000000 -40.000000 40.000000
-40.000000 -40.000000 40.000000
-40.000000 40.000000 40.000000
-40.000000 -40.000000 -40.000000
-40.000000 40.000000 -40.000000
0.000000 15.307338 -36.955181
0.000000 28.284271 -28.284271
0.000000 36.955181 -15.307338
0.000000 13.333333 -40.000000
0.000000 26.666666 -40.000000
0.000000 40.000000 -26.666666
0.000000 40.000000 -13.333333
0.000000 36.955181 15.307338
0.000000 28.284271 28.284271
0.000000 15.307338 36.955181
0.000000 40.000000 13.333333
0.000000 40.000000 26.666666
0.000000 26.666666 40.000000
0.000000 13.333333 40.000000
100.000000 -17.355350 -36.038754
100.000000 -31.273260 -24.939592
100.000000 -38.997116 -8.900837
100.000000 -38.997116 8.900837
100.000000 -31.273260 24.939592
100.000000 -17.355350 36.038754
100.000000 0.000000 40.000000
100.000000 17.355350 36.038754
100.000000 31.273260 24.939592
100.000000 38.997116 8.900837
100.000000 38.997116 -8.900837
100.000000 31.273260 -24.939592
100.000000 17.355350 -36.038754
83.333336 0.000000 -40.000000
66.666664 0.000000 -40.000000
50.000000 0.000000 -40.000000
33.333332 0.000000 -40.000000
16.666666 0.000000 -40.000000
0.000000 -15.307338 36.955181
0.000000 -28.284271 28.284271
0.000000 -36.955181 15.307338
0.000000 -36.955181 -15.307338
0.000000 -28.284271 -28.284271
0.000000 -15.307338 -36.955181
0.000000 -40.000000 -26.666666
0.000000 -40.000000 -13.333333
0.000000 -26.666666 -40.000000
0.000000 -13.333333 -40.000000
-13.333333 -40.000000 40.000000
-26.666666 -40.000000 40.000000
0.000000 -13.333333 40.000000
0.000000 -26.666666 40.000000
-26.666666 40.000000 40.000000
-13.333333 40.000000 40.000000
-40.000000 -24.000000 40.000000
-40.000000 -8.000000 40.000000
-40.000000 8.000000 40.000000
-40.000000 24.000000 40.000000
0.000000 -40.000000 13.333333
0.000000 -40.000000 26.666666
-40.000000 -40.000000 -24.000000
-40.000000 -40.000000 -8.000000
-40.000000 -40.000000 8.000000
-40.000000 -40.000000 24.000000
-26.666666 -40.000000 -40.000000
-13.333333 -40.000000 -40.000000
-40.000000 40.000000 -24.000000
-40.000000 40.000000 -8.000000
-40.000000 40.000000 8.000000
-40.000000 40.000000 24.000000
-40.000000 24.000000 -40.000000
-40.000000 8.000000 -40.000000
-40.000000 -8.000000 -40.000000
-40.000000 -24.000000 -40.000000
-13.333333 40.000000 -40.000000
-26.666666 40.000000 -40.000000
13.247062 8.735765 39.034428
13.494384 -33.258785 22.222809
13.494384 39.231411 -7.803613
84.615952 36.038754 17.355350
84.615952 -40.000000 0.000000
84.615952 -8.900837 38.997116
84.925850 37.015949 -15.159800
41.929298 -16.283588 -36.535526
13.552693 -39.251781 -7.700506
41.760414 14.278786 -37.364639
13.398246 33.078049 22.490946
84.615952 -24.939592 -31.273260
13.494384 22.222809 -33.258785
13.427685 -24.499729 -31.619032
75.000000 14.196889 -37.395832
58.358700 14.193224 -37.397224
50.228264 26.437656 -30.017500
34.565197 26.674868 -29.806902
41.687542 35.203087 -18.993227
57.832695 35.143116 -19.103966
50.137283 39.578384 -5.792364
68.904495 39.417065 -6.804051
58.056206 39.086784 8.498437
41.175999 39.032749 8.743255
49.770596 33.350655 22.084696
32.441864 33.166748 22.359940
41.362339 22.959059 32.754871
58.181282 23.223480 32.567928
49.549370 9.692333 38.807972
66.289520 9.302451 38.903271
57.345112 -4.618064 39.732525
40.999359 -4.950638 39.692459
49.383968 -18.316301 35.559994
32.462933 -18.556215 35.435390
40.532452 -29.755058 26.732687
57.504192 -30.090620 26.354404
48.031837 -37.399269 14.187832
68.435501 -38.408897 11.169447
56.323200 -39.981472 -1.217369
39.765480 -39.999912 -0.083483
47.088829 -36.673405 -15.970639
64.339890 -36.412964 -16.555849
73.379425 -30.773310 25.553932
55.311596 -27.112934 -29.408993
75.388412 24.518814 31.604237
24.851782 22.559364 33.031425
29.532303 -36.673229 -15.971048
23.811449 39.154907 8.178828
32.563244 39.566849 -5.870651
24.468088 -4.810613 39.709671
15.860190 -19.900894 34.698048
25.429089 35.034218 -19.302942
32.777546 9.259719 38.913464
84.687340 8.774223 39.025799
58.454052 -15.457809 -36.892494
37.926651 -27.768911 -28.790407
66.584869 26.452333 -30.004566
84.344238 -36.089703 -17.249155
84.698997 39.996380 0.538015
66.438744 33.935806 21.174536
68.918846 -17.387390 36.023308
13.508684 -33.745766 -21.476110
13.550749 -39.211502 7.903044
27.273294 -36.916534 15.400306
85.152733 25.692629 -30.657606
25.387579 15.657783 -36.808067
25.730070 -16.662823 -36.364136
74.385162 -15.703716 -36.788494
85.370293 -36.609802 16.115902
12.590873 33.196560 -22.315655
70.858398 -28.592541 -27.972605
25.428215 -40.000000 0.007977
26.168606 -28.930555 27.622869
85.948059 -23.019291 32.712570
11.229335 22.222809 33.258785
73.035286 38.993107 8.918381
10.634168 39.231411 7.803613
24.404810 -28.292507 -28.276031
70.600777 -39.922916 -2.482095
11.418749 -6.560421 39.458344
70.868973 -4.412469 39.755882
88.943336 24.939592 31.273260
71.046951 35.001125 -19.362885
87.769859 -12.407669 -38.026962
88.017593 12.183967 -38.099224
11.799682 12.019062 -38.151569
12.001158 -12.662495 -37.942867
22.255077 28.087233 -28.479946
100.000000 5.558489 23.660858
100.000000 -5.324223 -20.569595
100.000000 -20.120691 10.863911
100.000000 23.562410 -0.696580
100.000000 -21.245218 -10.231158
100.000000 15.179316 -18.150276
100.000000 18.333279 22.989204
100.000000 12.709153 10.975676
100.000000 -2.838607 10.397069
100.000000 5.538739 -3.444263
100.000000 -9.400393 23.718042
100.000000 -10.055617 -2.621870
100.000000 6.760299 -28.707916
100.000000 -18.799513 -22.944775
100.000000 26.100607 12.947766
100.000000 27.253025 -13.171821
100.000000 -28.159151 -0.150204
-11.346752 20.342079 40.000000
-11.370934 -20.284225 40.000000
-26.105627 0.018316 40.000000
-25.710638 -17.026878 40.000000
-25.710697 17.054871 40.000000
-12.625072 7.261500 40.000000
-12.587357 -7.179595 40.000000
-19.529249 -29.614395 40.000000
-19.521105 29.628672 40.000000
-9.692790 -30.307209 40.000000
-9.692790 30.307209 40.000000
-30.381296 -30.128254 40.000000
-30.376324 30.133528 40.000000
-11.346752 -40.000000 20.342079
-11.370934 -40.000000 -20.284225
-26.105627 -40.000000 0.018316
-25.710638 -40.000000 -17.026878
-25.710697 -40.000000 17.054871
-12.625072 -40.000000 7.261500
-12.587357 -40.000000 -7.179595
-19.521105 -40.000000 29.628672
-19.529249 -40.000000 -29.614395
-9.692790 -40.000000 -30.307209
-9.692790 -40.000000 30.307209
-30.381296 -40.000000 -30.128254
-30.376324 -40.000000 30.133528
-40.000000 -0.644159 -29.319317
-40.000000 0.035571 27.105024
-40.000000 -26.969748 -0.981964
-40.000000 26.903471 -0.906793
-40.000000 15.772367 26.843010
-40.000000 7.915929 14.351022
-40.000000 -8.005162 14.482880
-40.000000 -0.200817 -0.602698
-40.000000 -14.889587 -25.234461
-40.000000 -25.184242 15.146307
-40.000000 26.449429 -15.990914
-40.000000 -15.559584 27.282524
-40.000000 14.728792 -26.038368
-40.000000 24.868616 14.841928
-40.000000 -27.060551 -15.522648
-40.000000 13.470211 -9.169641
-40.000000 -14.362905 -8.927831
-40.000000 -1.872310 -14.584246
-40.000000 -28.287188 28.287188
-40.000000 -28.287188 -28.287188
-40.000000 28.287188 28.287188
-40.000000 28.287188 -28.287188
-40.000000 15.024999 3.435989
-40.000000 -15.037829 3.615099
-11.346752 40.000000 20.342079
-11.370934 40.000000 -20.284225
-26.105627 40.000000 0.018316
-25.710638 40.000000 -17.026878
-25.710697 40.000000 17.054871
-12.625072 40.000000 7.261500
-12.587357 40.000000 -7.179595
-19.521105 40.000000 29.628672
-19.529249 40.000000 -29.614395
-9.692790 40.000000 30.307209
-9.692790 40.000000 -30.307209
-30.381296 40.000000 -30.128254
-30.376324 40.000000 30.133528
-11.346752 20.342079 -40.000000
-11.370934 -20.284225 -40.000000
-26.105627 0.018316 -40.000000
-25.710697 17.054871 -40.000000
-25.710638 -17.026878 -40.000000
-12.625072 7.261500 -40.000000
-12.587357 -7.179595 -40.000000
-19.521105 29.628672 -40.000000
-19.529249 -29.614395 -40.000000
-9.692790 30.307209 -40.000000
-9.692790 -30.307209 -40.000000
-30.376324 30.133528 -40.000000
-30.381296 -30.128254 -40.000000
