0.278987 -0.001496 -0.960294
0.319890 0.947455 0.000000
0.577350 0.577350 -0.577350
0.319860 0.005798 0.947447
0.577350 0.577350 0.577350
0.612725 -0.000761 -0.790296
0.319889 -0.947455 0.000540
0.577350 -0.577350 -0.577350
0.577350 -0.577350 0.577350
-0.577350 -0.577350 0.577350
-0.577350 0.577350 0.577350
-0.577350 -0.577350 -0.577350
-0.577350 0.577350 -0.577350
0.714835 0.283333 -0.639322
0.807303 0.417029 -0.417551
0.716207 0.644598 -0.267473
0.554700 0.000000 -0.832050
0.707107 0.000000 -0.707107
0.707107 0.707107 0.000000
0.554700 0.832050 0.000000
0.716291 0.644201 0.268202
0.807238 0.416597 0.418107
0.715811 0.270663 0.643705
0.554700 0.832050 0.000000
0.707107 0.707107 0.000000
0.707107 0.000000 0.707107
0.554700 0.000000 0.832050
0.717558 -0.314996 -0.621199
0.718975 -0.543687 -0.432989
0.718870 -0.677817 -0.154237
0.718352 -0.679404 0.149603
0.720776 -0.539441 0.435299
0.566602 -0.347467 0.747147
0.718865 -0.000506 0.695149
0.718980 0.301107 0.626420
0.718923 0.543443 0.433382
0.718689 0.677428 0.156770
0.718195 0.680862 -0.143609
0.719660 0.550918 -0.422586
0.718044 0.317321 -0.619452
0.000000 -0.004940 -0.999988
0.000000 -0.007953 -0.999968
0.000000 -0.009389 -0.999956
0.000000 -0.008672 -0.999962
0.000000 -0.004720 -0.999989
0.715728 -0.252749 0.651039
0.808306 -0.409937 0.422604
0.716124 -0.644691 0.267468
0.715872 -0.646562 -0.263599
0.806849 -0.426296 -0.408981
0.715776 -0.295319 -0.632813
0.707107 -0.707107 0.000000
0.554700 -0.832050 0.000000
0.707107 0.000000 -0.707107
0.554700 0.000000 -0.832050
0.000000 -0.707107 0.707107
0.000000 -0.707107 0.707107
0.554700 0.000000 0.832050
0.707107 0.000000 0.707107
0.000000 0.707107 0.707107
0.000000 0.707107 0.707107
-0.707107 0.000000 0.707107
-0.707107 0.000000 0.707107
-0.707107 0.000000 0.707107
-0.707107 0.000000 0.707107
0.554700 -0.832050 0.000000
0.707107 -0.707107 0.000000
-0.707107 -0.707107 0.000000
-0.707107 -0.707107 0.000000
-0.707107 -0.707107 0.000000
-0.707107 -0.707107 0.000000
0.000000 -0.707107 -0.707107
0.000000 -0.707107 -0.707107
-0.707107 0.707107 0.000000
-0.707107 0.707107 0.000000
-0.707107 0.707107 0.000000
-0.707107 0.707107 0.000000
-0.707107 0.000000 -0.707107
-0.707107 0.000000 -0.707107
-0.707107 0.000000 -0.707107
-0.707107 0.000000 -0.707107
0.000000 0.707107 -0.707107
0.000000 0.707107 -0.707107
0.000000 0.217212 0.976124
0.000000 -0.828649 0.559769
0.000000 0.983295 -0.182017
0.000000 0.885674 0.464307
0.000000 -0.999766 0.021638
0.000000 -0.228969 0.973434
0.000000 0.921359 -0.388713
0.000000 -0.389686 -0.920948
0.000000 -0.981083 -0.193586
0.000000 0.359895 -0.932993
0.000000 0.829723 0.558176
0.000000 -0.618350 -0.785903
0.000000 0.565210 -0.824947
0.000000 -0.591499 -0.806305
0.000000 0.346066 -0.938210
0.000000 0.354456 -0.935073
0.000000 0.660728 -0.750625
0.000000 0.669556 -0.742762
0.000000 0.879272 -0.476320
0.000000 0.877237 -0.480058
0.000000 0.989360 -0.145488
0.000000 0.987120 -0.159984
0.000000 0.977434 0.211243
0.000000 0.976241 0.216686
0.000000 0.834620 0.550826
0.000000 0.830361 0.557226
0.000000 0.573286 0.819355
0.000000 0.583635 0.812016
0.000000 0.241204 0.970474
0.000000 0.243978 0.969781
0.000000 -0.114002 0.993481
0.000000 -0.120646 0.992696
0.000000 -0.458577 0.888654
0.000000 -0.463521 0.886086
0.000000 -0.741541 0.670907
0.000000 -0.754331 0.656495
0.000000 -0.938048 0.346504
0.000000 -0.957254 0.289250
0.000000 -0.999264 -0.038356
0.000000 -0.999940 -0.010969
0.000000 -0.915281 -0.402817
0.000000 -0.910799 -0.412851
0.000000 -0.766717 0.641985
0.000000 -0.694946 -0.719062
0.000000 0.606338 0.795207
0.000000 0.564902 0.825158
0.000000 -0.921038 -0.389472
0.000000 0.978249 0.207436
0.000000 0.988644 -0.150274
0.000000 -0.132791 0.991144
0.000000 -0.504851 0.863207
0.000000 0.873446 -0.486921
0.000000 0.234507 0.972114
0.000000 0.231392 0.972861
0.000000 -0.384999 -0.922917
0.000000 -0.701512 -0.712657
0.000000 0.656993 -0.753897
0.000000 -0.904773 -0.425894
0.000000 0.999856 0.016950
0.000000 0.849389 0.527767
0.000000 -0.444486 0.895786
0.000000 -0.838819 -0.544410
0.000000 -0.980502 0.196510
0.000000 -0.927296 0.374329
0.000000 0.649574 -0.760299
0.000000 0.387673 -0.921797
0.000000 -0.412674 -0.910879
0.000000 -0.368169 -0.929759
0.000000 -0.899582 0.436752
0.000000 0.823486 -0.567336
0.000000 -0.691774 -0.722114
0.000000 -0.999999 -0.001478
0.000000 -0.719233 0.694769
0.000000 -0.608262 0.793737
0.000000 0.558382 0.829584
0.000000 0.976539 0.215342
0.000000 0.980328 0.197376
0.000000 -0.715862 -0.698242
0.000000 -0.994697 -0.102851
0.000000 -0.162772 0.986664
0.000000 -0.081424 0.996680
0.000000 0.621730 0.783232
0.000000 0.858392 -0.512995
0.000000 -0.303798 -0.952737
0.000000 0.299553 -0.954080
0.000000 0.282718 -0.959203
0.000000 -0.300417 -0.953808
0.000000 0.690440 -0.723390
1.000000 0.000000 0.000000
1.000000 0.000000 0.000000
1.000000 0.000000 0.000000
1.000000 0.000000 0.000000
1.000000 0.000000 0.000000
1.000000 0.000000 0.000000
1.000000 0.000000 0.000000
1.000000 0.000000 0.000000
1.000000 0.000000 0.000000
1.000000 0.000000 0.000000
1.000000 0.000000 0.000000
1.000000 0.000000 0.000000
1.000000 0.000000 0.000000
1.000000 0.000000 0.000000
1.000000 0.000000 0.000000
1.000000 0.000000 0.000000
1.000000 0.000000 0.000000
0.000000 0.000000 1.000000
0.000000 0.000000 1.000000
0.000000 0.000000 1.000000
0.000000 0.000000 1.000000
0.000000 0.000000 1.000000
0.000000 0.000000 1.000000
0.000000 0.000000 1.000000
0.000000 0.000000 1.000000
0.000000 0.000000 1.000000
0.000000 0.000000 1.000000
0.000000 0.000000 1.000000
0.000000 0.000000 1.000000
0.000000 0.000000 1.000000
0.000000 -1.000000 0.000000
0.000000 -1.000000 0.000000
0.000000 -1.000000 0.000000
0.000000 -1.000000 0.000000
0.000000 -1.000000 0.000000
0.000000 -1.000000 0.000000
0.000000 -1.000000 0.000000
0.000000 -1.000000 0.000000
0.000000 -1.000000 0.000000
0.000000 -1.000000 0.000000
0.000000 -1.000000 0.000000
0.000000 -1.000000 0.000000
0.000000 -1.000000 0.000000
-1.000000 0.000000 0.000000
-1.000000 0.000000 0.000000
-1.000000 0.000000 0.000000
-1.000000 0.000000 0.000000
-1.000000 0.000000 0.000000
-1.000000 0.000000 0.000000
-1.000000 0.000000 0.000000
-1.000000 0.000000 0.000000
-1.000000 0.000000 0.000000
-1.000000 0.000000 0.000000
-1.000000 0.000000 0.000000
-1.000000 0.000000 0.000000
-1.000000 0.000000 0.000000
-1.000000 0.000000 0.000000
-1.000000 0.000000 0.000000
-1.000000 0.000000 0.000000
-1.000000 0.000000 0.000000
-1.000000 0.000000 0.000000
-1.000000 0.000000 0.000000
-1.000000 0.000000 0.000000
-1.000000 0.000000 0.000000
-1.000000 0.000000 0.000000
-1.000000 0.000000 0.000000
-1.000000 0.000000 0.000000
0.000000 1.000000 0.000000
0.000000 1.000000 0.000000
0.000000 1.000000 0.000000
0.000000 1.000000 0.000000
0.000000 1.000000 0.000000
0.000000 1.000000 0.000000
0.000000 1.000000 0.000000
0.000000 1.000000 0.000000
0.000000 1.000000 0.000000
0.000000 1.000000 0.000000
0.000000 1.000000 0.000000
0.000000 1.000000 0.000000
0.000000 1.000000 0.000000
0.000000 0.000000 -1.000000
0.000000 0.000000 -1.000000
0.000000 0.000000 -1.000000
0.000000 0.000000 -1.000000
0.000000 0.000000 -1.000000
0.000000 0.000000 -1.000000
0.000000 0.000000 -1.000000
0.000000 0.000000 -1.000000
0.000000 0.000000 -1.000000
0.000000 0.000000 -1.000000
0.000000 0.000000 -1.000000
0.000000 0.000000 -1.000000
0.000000 0.000000 -1.000000
