-0.408248 -0.408248 0.816497
-0.577350 -0.577350 0.577350
-0.577350 0.577350 0.577350
-0.348155 0.348155 0.870388
0.577350 0.577350 0.577350
0.348155 0.348155 0.870388
0.348155 -0.348155 0.870388
0.577350 -0.577350 0.577350
0.577350 -0.577350 0.577350
-0.577350 -0.577350 0.577350
0.577350 0.577350 0.577350
-0.577350 0.577350 0.577350
0.577350 -0.577350 -0.577350
-0.577350 -0.577350 -0.577350
-0.577350 0.577350 -0.577350
0.577350 0.577350 -0.577350
-0.707107 -0.707107 0.000000
-0.707107 0.000000 0.707107
-0.707107 0.000000 0.707107
-0.707107 0.707107 0.000000
-0.707107 0.000000 0.707107
-0.707107 0.000000 0.707107
0.000000 0.707107 0.707107
0.000000 0.707107 0.707107
0.707107 0.707107 0.000000
0.000000 0.707107 0.707107
0.000000 0.707107 0.707107
0.707107 -0.707107 0.000000
0.000000 -0.707107 0.707107
0.000000 -0.707107 0.707107
0.000000 -0.600000 0.800000
0.000000 -0.707107 0.707107
0.707107 0.000000 0.707107
0.707107 0.000000 0.707107
0.707107 0.000000 0.707107
0.707107 0.000000 0.707107
0.000000 -0.707107 0.707107
0.000000 -0.600000 0.800000
0.000000 -0.707107 0.707107
0.000000 -0.707107 0.707107
0.000000 -0.707107 0.707107
0.707107 0.000000 0.707107
0.707107 0.000000 0.707107
0.707107 0.000000 0.707107
0.600000 0.000000 0.800000
0.707107 0.000000 0.707107
0.000000 0.707107 0.707107
0.000000 0.707107 0.707107
0.000000 0.707107 0.707107
0.000000 0.600000 0.800000
0.000000 0.707107 0.707107
-0.832050 0.000000 0.554700
-0.707107 0.000000 0.707107
-0.707107 0.000000 0.707107
-0.600000 0.000000 0.800000
-0.707107 0.000000 0.707107
0.707107 -0.707107 0.000000
0.707107 -0.707107 0.000000
0.707107 -0.707107 0.000000
0.707107 -0.707107 0.000000
0.707107 -0.707107 0.000000
-0.707107 -0.707107 0.000000
-0.707107 -0.707107 0.000000
-0.707107 -0.707107 0.000000
-0.707107 -0.707107 0.000000
-0.707107 -0.707107 0.000000
0.000000 -0.707107 -0.707107
0.000000 -0.707107 -0.707107
0.000000 -0.707107 -0.707107
0.000000 -0.707107 -0.707107
0.000000 -0.707107 -0.707107
-0.707107 0.707107 0.000000
-0.707107 0.707107 0.000000
-0.707107 0.707107 0.000000
-0.707107 0.707107 0.000000
-0.707107 0.707107 0.000000
-0.707107 0.000000 -0.707107
-0.707107 0.000000 -0.707107
-0.707107 0.000000 -0.707107
-0.707107 0.000000 -0.707107
-0.707107 0.000000 -0.707107
0.707107 0.707107 0.000000
0.707107 0.707107 0.000000
0.707107 0.707107 0.000000
0.707107 0.707107 0.000000
0.707107 0.707107 0.000000
0.000000 0.707107 -0.707107
0.000000 0.707107 -0.707107
0.000000 0.707107 -0.707107
0.000000 0.707107 -0.707107
0.000000 0.707107 -0.707107
0.707107 0.000000 -0.707107
0.707107 0.000000 -0.707107
0.707107 0.000000 -0.707107
0.707107 0.000000 -0.707107
0.707107 0.000000 -0.707107
-1.000000 0.000000 0.000000
-1.000000 0.000000 0.000000
-1.000000 0.000000 0.000000
0.000000 1.000000 0.000000
0.000000 1.000000 0.000000
0.000000 1.000000 0.000000
0.000000 -1.000000 0.000000
0.000000 -1.000000 0.000000
0.000000 -1.000000 0.000000
0.000000 0.000000 1.000000
0.000000 0.000000 1.000000
0.000000 0.000000 1.000000
0.000000 0.000000 1.000000
0.000000 0.000000 1.000000
0.000000 0.000000 1.000000
0.000000 0.000000 1.000000
0.000000 0.000000 1.000000
1.000000 0.000000 0.000000
1.000000 0.000000 0.000000
1.000000 0.000000 0.000000
0.000000 0.000000 1.000000
0.000000 0.000000 1.000000
0.000000 0.000000 1.000000
0.000000 0.000000 1.000000
0.000000 0.000000 1.000000
0.000000 0.000000 1.000000
0.000000 0.000000 1.000000
0.000000 0.000000 1.000000
0.000000 0.000000 1.000000
0.000000 0.000000 1.000000
0.000000 0.000000 1.000000
0.000000 0.000000 1.000000
0.000000 0.000000 1.000000
0.000000 0.000000 1.000000
0.000000 0.000000 1.000000
0.000000 0.000000 1.000000
0.000000 0.000000 1.000000
0.000000 0.000000 1.000000
0.000000 0.000000 1.000000
0.000000 0.000000 1.000000
0.000000 0.000000 1.000000
0.000000 0.000000 1.000000
0.000000 0.000000 1.000000
0.000000 -1.000000 0.000000
0.000000 -1.000000 0.000000
0.000000 -1.000000 0.000000
0.000000 -1.000000 0.000000
0.000000 -1.000000 0.000000
0.000000 -1.000000 0.000000
0.000000 -1.000000 0.000000
0.000000 -1.000000 0.000000
0.000000 -1.000000 0.000000
0.000000 -1.000000 0.000000
0.000000 -1.000000 0.000000
0.000000 -1.000000 0.000000
0.000000 -1.000000 0.000000
0.000000 -1.000000 0.000000
0.000000 -1.000000 0.000000
0.000000 -1.000000 0.000000
0.000000 -1.000000 0.000000
0.000000 -1.000000 0.000000
0.000000 -1.000000 0.000000
0.000000 -1.000000 0.000000
0.000000 -1.000000 0.000000
0.000000 -1.000000 0.000000
0.000000 -1.000000 0.000000
0.000000 -1.000000 0.000000
0.000000 -1.000000 0.000000
0.000000 -1.000000 0.000000
0.000000 -1.000000 0.000000
0.000000 -1.000000 0.000000
0.000000 -1.000000 0.000000
0.000000 -1.000000 0.000000
0.000000 -1.000000 0.000000
0.000000 -1.000000 0.000000
0.000000 -1.000000 0.000000
0.000000 -1.000000 0.000000
-1.000000 0.000000 0.000000
-1.000000 0.000000 0.000000
-1.000000 0.000000 0.000000
-1.000000 0.000000 0.000000
-1.000000 0.000000 0.000000
-1.000000 0.000000 0.000000
-1.000000 0.000000 0.000000
-1.000000 0.000000 0.000000
-1.000000 0.000000 0.000000
-1.000000 0.000000 0.000000
-1.000000 0.000000 0.000000
-1.000000 0.000000 0.000000
-1.000000 0.000000 0.000000
-1.000000 0.000000 0.000000
-1.000000 0.000000 0.000000
-1.000000 0.000000 0.000000
-1.000000 0.000000 0.000000
-1.000000 0.000000 0.000000
-1.000000 0.000000 0.000000
-1.000000 0.000000 0.000000
-1.000000 0.000000 0.000000
-1.000000 0.000000 0.000000
-1.000000 0.000000 0.000000
-1.000000 0.000000 0.000000
-1.000000 0.000000 0.000000
-1.000000 0.000000 0.000000
-1.000000 0.000000 0.000000
-1.000000 0.000000 0.000000
-1.000000 0.000000 0.000000
-1.000000 0.000000 0.000000
-1.000000 0.000000 0.000000
-1.000000 0.000000 0.000000
-1.000000 0.000000 0.000000
-1.000000 0.000000 0.000000
0.000000 1.000000 0.000000
0.000000 1.000000 0.000000
0.000000 1.000000 0.000000
0.000000 1.000000 0.000000
0.000000 1.000000 0.000000
0.000000 1.000000 0.000000
0.000000 1.000000 0.000000
0.000000 1.000000 0.000000
0.000000 1.000000 0.000000
0.000000 1.000000 0.000000
0.000000 1.000000 0.000000
0.000000 1.000000 0.000000
0.000000 1.000000 0.000000
0.000000 1.000000 0.000000
0.000000 1.000000 0.000000
0.000000 1.000000 0.000000
0.000000 1.000000 0.000000
0.000000 1.000000 0.000000
0.000000 1.000000 0.000000
0.000000 1.000000 0.000000
0.000000 1.000000 0.000000
0.000000 1.000000 0.000000
0.000000 1.000000 0.000000
0.000000 1.000000 0.000000
0.000000 1.000000 0.000000
0.000000 1.000000 0.000000
0.000000 1.000000 0.000000
0.000000 1.000000 0.000000
0.000000 1.000000 0.000000
0.000000 1.000000 0.000000
0.000000 1.000000 0.000000
0.000000 1.000000 0.000000
0.000000 1.000000 0.000000
0.000000 1.000000 0.000000
1.000000 0.000000 0.000000
1.000000 0.000000 0.000000
1.000000 0.000000 0.000000
1.000000 0.000000 0.000000
1.000000 0.000000 0.000000
1.000000 0.000000 0.000000
1.000000 0.000000 0.000000
1.000000 0.000000 0.000000
1.000000 0.000000 0.000000
1.000000 0.000000 0.000000
1.000000 0.000000 0.000000
1.000000 0.000000 0.000000
1.000000 0.000000 0.000000
1.000000 0.000000 0.000000
1.000000 0.000000 0.000000
1.000000 0.000000 0.000000
1.000000 0.000000 0.000000
1.000000 0.000000 0.000000
1.000000 0.000000 0.000000
1.000000 0.000000 0.000000
1.000000 0.000000 0.000000
1.000000 0.000000 0.000000
1.000000 0.000000 0.000000
1.000000 0.000000 0.000000
1.000000 0.000000 0.000000
1.000000 0.000000 0.000000
1.000000 0.000000 0.000000
1.000000 0.000000 0.000000
1.000000 0.000000 0.000000
1.000000 0.000000 0.000000
1.000000 0.000000 0.000000
1.000000 0.000000 0.000000
1.000000 0.000000 0.000000
1.000000 0.000000 0.000000
0.000000 0.000000 -1.000000
0.000000 0.000000 -1.000000
0.000000 0.000000 -1.000000
0.000000 0.000000 -1.000000
0.000000 0.000000 -1.000000
0.000000 0.000000 -1.000000
0.000000 0.000000 -1.000000
0.000000 0.000000 -1.000000
0.000000 0.000000 -1.000000
0.000000 0.000000 -1.000000
0.000000 0.000000 -1.000000
0.000000 0.000000 -1.000000
0.000000 0.000000 -1.000000
0.000000 0.000000 -1.000000
0.000000 0.000000 -1.000000
0.000000 0.000000 -1.000000
0.000000 0.000000 -1.000000
0.000000 0.000000 -1.000000
0.000000 0.000000 -1.000000
0.000000 0.000000 -1.000000
0.000000 0.000000 -1.000000
0.000000 0.000000 -1.000000
0.000000 0.000000 -1.000000
0.000000 0.000000 -1.000000
0.000000 0.000000 -1.000000
0.000000 0.000000 -1.000000
0.000000 0.000000 -1.000000
0.000000 0.000000 -1.000000
0.000000 0.000000 -1.000000
0.000000 0.000000 -1.000000
0.000000 0.000000 -1.000000
0.000000 0.000000 -1.000000
0.000000 0.000000 -1.000000
0.000000 0.000000 -1.000000
