3 97 19
16 98 0
0 98 21
20 97 3
19 97 2
1 98 16
2 97 18
17 98 1
21 96 20
18 96 17
96 97 20
21 98 96
18 97 96
96 98 17
5 100 24
19 101 3
3 101 26
25 100 5
24 100 4
2 101 19
4 100 23
22 101 2
26 99 25
23 99 22
99 100 25
26 101 99
23 100 99
99 101 22
0 103 16
27 104 6
6 104 31
30 103 0
16 103 1
7 104 27
1 103 29
28 104 7
31 102 30
29 102 28
102 103 30
31 104 102
29 103 102
102 104 28
106 107 105
105 108 106
17 105 18
32 106 33
22 107 23
28 108 29
29 109 1
23 110 4
1 109 17
4 110 32
18 111 2
33 112 7
2 111 22
7 112 28
105 111 18
106 112 33
17 109 105
32 110 106
107 111 105
108 112 106
105 109 108
106 110 107
107 110 23
108 109 29
22 111 107
28 112 108
6 114 27
24 115 5
5 115 35
34 114 6
27 114 7
4 115 24
7 114 33
32 115 4
35 113 34
33 113 32
113 114 34
35 115 113
33 114 113
113 115 32
40 128 9
9 128 51
42 117 43
117 120 43
47 116 48
116 126 48
52 118 53
118 125 53
30 127 121
0 127 30
43 120 44
48 126 49
53 125 54
120 123 44
49 126 122
54 125 124
51 128 52
52 128 118
30 132 31
36 131 37
46 129 47
41 130 42
127 128 40
37 131 119
42 130 117
47 129 116
37 132 38
121 132 30
44 133 45
49 134 50
54 135 55
119 132 37
21 118 0
31 119 6
26 116 3
35 117 5
21 125 118
26 126 116
35 120 117
39 127 40
121 127 39
34 120 35
34 123 120
38 121 39
3 124 20
5 122 25
6 123 34
124 125 20
122 126 25
20 125 21
25 126 26
123 133 44
122 134 49
124 135 54
45 138 8
50 137 10
55 136 11
8 138 36
10 137 41
11 136 46
118 128 0
0 128 127
5 134 122
6 133 123
3 135 124
31 132 119
116 129 3
117 130 5
119 131 6
129 135 3
130 134 5
131 133 6
38 132 121
41 137 130
46 136 129
36 138 131
129 136 135
130 137 134
131 138 133
133 138 45
134 137 50
135 136 55
146 156 149
139 159 158
158 167 139
156 168 149
155 163 141
141 164 155
145 163 155
155 165 145
160 166 141
141 166 164
158 159 143
157 167 153
154 168 140
149 162 146
140 165 154
153 166 157
139 167 157
140 168 156
64 147 143
64 143 65
142 147 63
67 146 66
63 147 64
142 149 148
147 158 143
152 153 151
154 155 152
37 144 36
39 139 38
57 145 56
59 141 58
62 142 63
68 156 67
69 140 68
149 150 148
151 158 148
150 152 151
150 154 152
38 157 37
139 157 38
67 156 146
140 156 68
142 148 147
150 151 148
37 157 144
148 158 147
157 166 144
40 159 39
60 160 59
70 161 69
61 162 62
142 162 149
161 165 140
141 163 58
155 164 152
57 163 145
39 159 139
59 160 141
69 161 140
62 162 142
151 167 158
149 168 150
9 169 40
65 169 9
12 172 70
8 170 60
66 171 13
13 171 61
36 170 8
56 172 12
58 163 57
152 164 153
144 166 160
154 165 155
145 165 161
153 167 151
150 168 154
60 170 160
70 172 161
40 169 159
61 171 162
143 169 65
146 171 66
145 172 56
144 170 36
164 166 153
160 170 144
159 169 143
161 172 145
162 171 146
180 190 183
173 193 192
192 201 173
190 202 183
189 197 175
175 198 189
179 197 189
189 199 179
194 200 175
175 200 198
192 193 177
191 201 187
188 202 174
183 196 180
174 199 188
187 200 191
173 201 191
174 202 190
74 181 177
74 177 75
176 181 73
77 180 76
73 181 74
176 183 182
181 192 177
186 187 185
188 189 186
52 178 51
54 173 53
62 179 61
64 175 63
72 176 73
78 190 77
79 174 78
183 184 182
185 192 182
184 186 185
184 188 186
53 191 52
173 191 53
77 190 180
174 190 78
176 182 181
184 185 182
52 191 178
182 192 181
191 200 178
55 193 54
65 194 64
80 195 79
71 196 72
176 196 183
195 199 174
175 197 63
189 198 186
62 197 179
54 193 173
64 194 175
79 195 174
72 196 176
185 201 192
183 202 184
11 203 55
75 203 11
13 206 80
9 204 65
76 205 14
14 205 71
51 204 9
61 206 13
63 197 62
186 198 187
178 200 194
188 199 189
179 199 195
187 201 185
184 202 188
65 204 194
80 206 195
55 203 193
71 205 196
177 203 75
180 205 76
179 206 61
178 204 51
198 200 187
194 204 178
193 203 177
195 206 179
196 205 180
214 224 217
207 227 226
226 235 207
224 236 217
223 231 209
209 232 223
213 231 223
223 233 213
228 234 209
209 234 232
226 227 211
225 235 221
222 236 208
217 230 214
208 233 222
221 234 225
207 235 225
208 236 224
84 215 211
84 211 85
210 215 83
87 214 86
83 215 84
210 217 216
215 226 211
220 221 219
222 223 220
47 212 46
49 207 48
72 213 71
74 209 73
82 210 83
88 224 87
89 208 88
217 218 216
219 226 216
218 220 219
218 222 220
48 225 47
207 225 48
87 224 214
208 224 88
210 216 215
218 219 216
47 225 212
216 226 215
225 234 212
50 227 49
75 228 74
90 229 89
81 230 82
210 230 217
229 233 208
209 231 73
223 232 220
72 231 213
49 227 207
74 228 209
89 229 208
82 230 210
219 235 226
217 236 218
10 237 50
85 237 10
14 240 90
11 238 75
86 239 15
15 239 81
46 238 11
71 240 14
73 231 72
220 232 221
212 234 228
222 233 223
213 233 229
221 235 219
218 236 222
75 238 228
90 240 229
50 237 227
81 239 230
211 237 85
214 239 86
213 240 71
212 238 46
232 234 221
228 238 212
227 237 211
229 240 213
230 239 214
248 258 251
241 261 260
260 269 241
258 270 251
257 265 243
243 266 257
247 265 257
257 267 247
262 268 243
243 268 266
260 261 245
259 269 255
256 270 242
251 264 248
242 267 256
255 268 259
241 269 259
242 270 258
59 249 245
59 245 60
244 249 58
92 248 91
58 249 59
244 251 250
249 260 245
254 255 253
256 257 254
42 246 41
44 241 43
57 244 58
82 247 81
84 243 83
93 258 92
94 242 93
251 252 250
253 260 250
252 254 253
252 256 254
43 259 42
241 259 43
92 258 248
242 258 93
244 250 249
252 253 250
42 259 246
250 260 249
259 268 246
45 261 44
85 262 84
95 263 94
56 264 57
244 264 251
263 267 242
243 265 83
257 266 254
82 265 247
44 261 241
84 262 243
94 263 242
57 264 244
253 269 260
251 270 252
8 271 45
60 271 8
15 274 95
10 272 85
91 273 12
12 273 56
41 272 10
81 274 15
83 265 82
254 266 255
246 268 262
256 267 257
247 267 263
255 269 253
252 270 256
85 272 262
95 274 263
45 271 261
56 273 264
245 271 60
248 273 91
247 274 81
246 272 41
266 268 255
262 272 246
261 271 245
263 274 247
264 273 248
285 294 279
292 296 278
285 303 294
278 304 292
291 300 282
291 299 277
277 300 291
282 301 291
277 302 298
299 302 277
280 296 292
276 303 290
289 304 293
279 295 285
290 301 276
293 302 289
294 303 276
293 304 278
280 292 283
287 289 288
280 283 77
281 293 87
284 287 286
284 292 287
68 294 276
78 283 275
88 293 278
283 292 284
288 290 286
66 279 67
68 276 69
76 280 77
77 283 78
78 275 79
86 281 87
87 293 88
88 278 89
91 282 92
93 277 94
283 284 275
284 285 275
284 286 285
287 288 286
288 291 290
67 294 68
279 294 67
281 302 293
69 297 70
79 295 80
89 296 90
94 298 95
285 295 275
276 301 297
282 300 92
93 300 277
288 299 291
276 297 69
277 298 94
275 295 79
278 296 89
286 303 285
292 304 287
70 306 12
80 305 13
90 307 14
95 308 15
12 306 91
13 305 66
14 307 76
15 308 86
92 300 93
289 299 288
298 302 281
291 301 290
297 301 282
290 303 286
287 304 289
297 306 70
295 305 80
296 307 90
298 308 95
66 305 279
76 307 280
86 308 281
91 306 282
289 302 299
281 308 298
282 306 297
279 305 295
280 307 296
