50.000000 -16.666666 50.000000
25.000000 25.000000 75.000000
-50.000000 33.333332 -50.000000
18.723768 7.665209 -50.000000
-19.806997 19.265934 -50.000000
-33.333332 50.000000 -50.000000
-50.000000 -18.723768 7.665209
50.000000 -19.806997 19.265934
50.000000 -33.333332 -50.000000
50.000000 21.796619 21.202116
-0.000000 50.000000 50.000000
-50.000000 50.000000 16.666666
50.000000 -50.000000 16.666666
-50.000000 19.806997 19.265934
50.000000 22.769064 -8.003256
36.437099 25.450195 -50.000000
-38.329597 50.000000 -8.117704
50.000000 50.000000 -33.333332
-50.000000 50.000000 -33.333332
50.000000 50.000000 16.666666
-21.796619 50.000000 21.202116
-50.000000 19.983141 -19.449850
-19.588213 50.000000 -23.370840
-5.024047 -50.000000 22.099365
-20.864939 -50.000000 -0.027158
-50.000000 -7.907868 33.180122
25.000000 -25.000000 75.000000
-19.983141 -19.449850 -50.000000
-7.486582 50.000000 -0.079892
50.000000 -19.983141 -19.449850
-25.255766 -50.000000 36.145683
-50.000000 0.000000 -50.000000
33.333332 50.000000 -50.000000
-8.333333 -25.000000 75.000000
-0.000000 -50.000000 -50.000000
-25.000000 -8.333333 50.000000
-25.000000 -8.333333 75.000000
7.907868 33.180122 -50.000000
50.000000 -0.000000 -50.000000
19.588213 -50.000000 -23.370840
-50.000000 -50.000000 -33.333332
-8.333333 -25.000000 50.000000
33.333332 50.000000 50.000000
25.000000 -25.000000 50.000000
7.760829 -15.743963 -50.000000
-50.000000 -33.333332 -50.000000
19.806997 50.000000 19.265934
38.329597 -50.000000 -8.117704
-50.000000 -33.333332 50.000000
-33.333332 -50.000000 -50.000000
50.000000 -50.000000 -33.333332
-50.000000 -7.760829 -15.743963
-50.000000 -50.000000 33.333332
4.787311 50.000000 -22.152130
24.993914 -36.355343 -50.000000
-4.787311 -50.000000 -22.152130
21.796619 -50.000000 21.202116
-34.937416 15.974572 50.000000
10.252531 0.000000 75.000000
25.000000 25.000000 50.000000
16.666666 -50.000000 50.000000
-50.000000 50.000000 50.000000
-8.333333 25.000000 50.000000
50.000000 16.666666 50.000000
-8.333333 25.000000 75.000000
-50.000000 -50.000000 -0.000000
7.486582 -50.000000 -0.079892
50.000000 -50.000000 50.000000
35.454037 50.000000 -8.800416
-27.761335 38.676285 50.000000
50.000000 37.799152 37.799152
