41.760414 14.278786 -37.364639
58.056206 39.086784 8.498437
-40.000000 -0.200817 -0.602698
0.000000 -13.333333 40.000000
70.600777 -39.922916 -2.482095
84.698997 39.996380 0.538015
32.563244 39.566849 -5.870651
84.615952 -8.900837 38.997116
-40.000000 -40.000000 -24.000000
-40.000000 24.868616 14.841928
-25.710638 -17.026878 -40.000000
47.088829 -36.673405 -15.970639
-11.346752 -40.000000 20.342079
0.000000 13.333333 40.000000
58.181282 23.223480 32.567928
-40.000000 0.035571 27.105024
0.000000 -40.000000 40.000000
-12.625072 7.261500 -40.000000
87.769859 -12.407669 -38.026962
100.000000 17.355350 36.038754
-40.000000 40.000000 -24.000000
0.000000 40.000000 0.000000
75.000000 14.196889 -37.395832
-25.710697 17.054871 40.000000
-26.666666 -40.000000 40.000000
-11.370934 -40.000000 -20.284225
100.000000 6.760299 -28.707916
32.441864 33.166748 22.359940
-40.000000 -0.644159 -29.319317
12.590873 33.196560 -22.315655
57.345112 -4.618064 39.732525
0.000000 -40.000000 0.000000
41.929298 -16.283588 -36.535526
32.462933 -18.556215 35.435390
13.508684 -33.745766 -21.476110
-26.666666 40.000000 40.000000
25.428215 -40.000000 0.007977
-40.000000 -40.000000 8.000000
48.031837 -37.399269 14.187832
0.000000 40.000000 40.000000
13.494384 -33.258785 22.222809
-19.521105 29.628672 -40.000000
32.777546 9.259719 38.913464
100.000000 -31.273260 24.939592
100.000000 26.100607 12.947766
-11.370934 40.000000 -20.284225
100.000000 -31.273260 -24.939592
-25.710638 -17.026878 40.000000
11.799682 12.019062 -38.151569
-26.105627 40.000000 0.018316
100.000000 -2.838607 10.397069
100.000000 -28.159151 -0.150204
100.000000 31.273260 -24.939592
73.379425 -30.773310 25.553932
0.000000 -40.000000 -40.000000
0.000000 -13.333333 -40.000000
57.832695 35.143116 -19.103966
-11.346752 40.000000 20.342079
70.858398 -28.592541 -27.972605
