2 14 17
18 14 2
13 0 16
19 1 15
14 13 17
17 13 16
15 14 18
19 15 18
4 21 24
25 21 4
20 1 23
26 3 22
21 20 24
24 20 23
22 21 25
26 22 25
126 138 90
90 137 126
120 161 87
87 151 120
84 133 46
119 146 122
150 153 137
130 131 85
137 153 126
83 135 128
86 142 127
117 146 119
138 149 90
138 160 149
104 141 89
46 133 45
143 156 88
93 128 108
91 144 129
127 164 86
108 130 93
84 155 133
89 165 104
140 161 124
85 159 130
31 156 151
144 160 129
88 163 143
132 135 83
131 134 85
128 157 83
146 154 122
129 138 123
151 156 125
123 138 126
124 153 140
125 156 143
120 151 125
106 130 108
87 161 140
106 131 130
101 131 103
93 157 128
129 154 91
112 136 127
129 160 138
101 134 131
128 135 109
103 131 106
109 135 111
139 147 97
139 165 147
28 140 94
89 141 37
132 133 116
114 132 116
100 134 101
94 153 150
122 129 123
114 116 115
108 128 109
106 108 107
87 140 29
111 135 114
117 155 146
33 136 88
36 141 86
119 122 121
28 94 27
111 114 113
103 106 105
36 86 35
30 87 29
38 89 37
33 88 32
148 170 100
92 100 99
29 140 28
114 135 132
34 136 33
37 141 36
116 117 115
122 123 121
108 109 107
43 92 42
42 90 43
114 115 113
106 107 105
42 137 90
95 170 148
100 101 99
92 98 42
41 137 42
92 148 100
92 99 98
42 98 41
86 158 142
123 126 124
117 119 118
109 111 110
119 121 120
101 103 102
111 113 112
103 105 104
49 144 48
6 145 47
41 98 97
41 97 40
14 95 13
50 96 49
48 91 6
3 83 22
1 85 15
21 93 20
47 84 46
123 124 121
39 147 38
117 118 115
109 110 107
101 102 99
96 144 49
91 145 6
119 120 118
112 163 136
111 112 110
103 104 102
44 148 43
43 149 44
140 153 94
99 139 98
112 127 110
120 125 118
98 139 97
107 142 105
115 143 113
102 139 99
48 144 91
47 145 84
31 151 30
110 142 107
118 143 115
40 150 41
136 164 127
133 155 116
145 146 84
38 147 89
125 143 118
127 142 110
130 159 93
149 160 96
147 165 89
41 150 137
43 148 92
90 149 43
32 156 31
134 152 85
34 164 136
136 163 88
86 164 35
30 151 87
14 152 95
85 152 15
104 158 141
27 166 5
21 157 93
83 157 22
5 166 40
145 154 146
121 161 120
122 154 129
93 159 20
1 159 85
5 167 39
0 168 44
44 169 0
133 162 45
143 163 113
13 168 0
0 169 50
40 167 5
83 162 132
142 158 105
104 165 102
15 152 14
116 155 117
88 156 32
146 155 84
126 153 124
45 162 3
91 154 145
3 162 83
22 157 21
105 158 104
141 158 86
39 167 147
44 168 148
149 169 44
132 162 133
20 159 1
96 160 144
147 167 97
94 166 27
148 168 95
96 169 149
124 161 121
35 164 34
113 163 112
100 170 134
102 165 139
40 166 150
97 167 40
95 168 13
50 169 96
152 170 95
150 166 94
134 170 152
53 49 7
7 49 51
54 0 50
6 52 48
49 48 51
48 52 51
50 49 53
54 50 53
174 180 176
173 181 31
176 180 172
31 181 32
172 182 175
180 182 172
178 180 174
176 186 174
175 184 172
172 183 176
30 173 31
5 172 27
28 175 29
36 174 37
33 171 34
38 176 39
33 181 171
32 181 33
173 187 182
179 180 178
182 187 175
179 181 173
171 179 178
173 182 179
35 185 36
39 183 5
172 184 27
36 185 174
5 183 172
34 177 35
171 177 34
27 184 28
29 187 30
38 186 176
175 187 29
30 187 173
174 186 37
28 184 175
37 186 38
176 183 39
171 181 179
179 182 180
174 185 178
178 185 177
171 178 177
177 185 35
191 194 190
190 193 192
189 194 191
192 193 188
190 194 193
62 190 63
62 191 190
190 192 63
188 196 192
191 195 189
63 192 64
61 191 62
26 193 3
25 188 26
57 189 58
3 194 57
196 200 192
191 199 195
188 193 26
193 194 3
57 194 189
9 199 61
64 200 10
55 195 56
59 196 60
4 198 25
60 198 4
8 197 55
58 197 8
192 200 64
61 199 191
56 199 9
10 200 59
25 198 188
189 197 58
55 197 195
196 198 60
195 199 56
59 200 196
188 198 196
195 197 189
204 207 203
203 206 205
202 207 204
205 206 201
203 207 206
68 203 69
68 204 203
203 205 69
201 208 205
204 209 202
69 205 70
67 204 68
66 201 65
52 202 51
65 206 6
6 207 52
208 213 205
204 212 209
201 206 65
206 207 6
52 207 202
11 212 67
70 213 9
72 209 71
56 208 55
51 210 7
7 210 72
8 211 66
55 211 8
205 213 70
67 212 204
71 212 11
9 213 56
66 211 201
202 210 51
72 210 209
208 211 55
209 212 71
56 213 208
201 211 208
209 210 202
226 231 229
214 231 226
218 227 219
230 231 222
223 225 220
226 229 224
228 230 222
227 236 219
220 237 223
222 231 214
64 218 63
70 223 69
80 222 79
218 219 215
63 215 62
63 218 215
69 216 68
74 217 75
79 214 78
69 223 216
79 222 214
219 220 215
219 221 220
74 224 217
73 224 74
75 227 76
220 225 215
78 226 77
68 228 67
62 225 61
215 225 62
216 228 68
214 226 78
217 227 75
224 229 217
61 232 9
67 233 11
9 232 70
11 233 80
12 235 73
10 234 64
76 234 10
77 235 12
229 231 221
223 237 216
216 230 228
221 237 220
219 236 221
217 236 227
230 237 221
221 236 229
227 234 76
228 233 67
226 235 77
225 232 61
64 234 218
80 233 222
70 232 223
73 235 224
218 234 227
224 235 226
222 233 228
223 232 225
221 231 230
229 236 217
216 237 230
240 244 241
242 243 240
241 244 239
238 243 242
243 244 240
75 240 74
240 241 74
75 242 240
242 245 238
239 246 241
76 242 75
74 241 73
23 238 24
18 239 19
19 244 1
1 243 23
242 250 245
246 249 241
23 243 238
1 244 243
239 244 19
73 249 12
10 250 76
82 246 81
60 245 59
81 248 2
24 247 4
4 247 60
2 248 18
76 250 242
241 249 73
12 249 82
59 250 10
18 248 239
238 247 24
60 247 245
246 248 81
82 249 246
245 250 59
245 247 238
239 248 246
254 256 253
253 257 255
251 256 254
255 257 252
256 257 253
78 253 79
78 254 253
253 255 79
254 258 251
252 259 255
79 255 80
77 254 78
16 251 17
53 252 54
54 257 0
0 256 16
259 263 255
254 262 258
16 256 251
252 257 54
0 257 256
12 262 77
80 263 11
71 259 72
81 258 82
72 261 7
17 260 2
2 260 81
7 261 53
255 263 80
77 262 254
82 262 12
11 263 71
53 261 252
251 260 17
81 260 258
259 261 72
258 262 82
71 263 259
252 261 259
258 260 251
66 46 8
46 58 8
45 3 57
65 6 47
46 45 58
58 45 57
47 46 66
65 47 66
