-0.039307 -0.427337 0.903238
0.079635 0.638922 -0.765139
0.855899 -0.114235 0.504368
0.951646 -0.004438 0.307165
0.978205 -0.005045 0.207578
0.989655 -0.003194 0.143433
0.995498 -0.003174 0.094731
0.998475 -0.002017 0.055177
0.999831 0.001194 0.018364
0.999840 0.000203 -0.017913
0.998506 -0.000050 -0.054645
0.995524 -0.000014 -0.094506
0.989917 -0.000248 -0.141650
0.979191 -0.001451 -0.202936
0.950989 -0.019660 -0.308598
0.868828 0.120437 -0.480242
0.267046 -0.521265 0.810536
-0.879837 0.146023 -0.452287
0.983607 -0.077014 -0.163053
0.980728 -0.096632 0.169811
0.998410 -0.056376 -0.000205
0.867533 -0.140187 -0.477215
0.995611 -0.060573 -0.071337
0.994962 -0.069936 0.071831
-0.992449 0.053104 0.110567
0.982525 0.072602 -0.171387
0.997600 0.058689 -0.036729
0.996951 0.065667 0.042152
0.990860 0.067507 0.116787
0.962087 0.084529 0.259315
0.964070 -0.100966 0.245712
0.957216 -0.182362 0.224681
0.981878 -0.136144 0.131831
0.957724 -0.222588 0.182262
0.902445 -0.261695 0.342212
0.918913 0.112677 -0.378024
0.967850 -0.099298 -0.231099
0.910129 -0.205163 -0.359963
0.962591 -0.184310 -0.198616
0.894782 -0.311341 -0.320050
0.980946 -0.141558 -0.133069
0.958344 -0.234973 -0.162372
0.861453 -0.422417 -0.281891
0.969128 -0.219613 -0.112073
0.902091 -0.391595 -0.181342
0.967209 -0.242898 -0.074209
0.895813 -0.427856 -0.120239
0.918799 -0.129616 0.372839
0.645196 -0.690941 -0.326072
0.186997 -0.847106 -0.497437
-0.283016 -0.880131 -0.381145
-0.739768 -0.583556 -0.334971
-0.855441 -0.476913 -0.201926
-0.937383 -0.295654 -0.184122
-0.955894 -0.268254 -0.119608
-0.975548 -0.177225 -0.129991
-0.982001 -0.169605 -0.083113
-0.990138 -0.100206 -0.097909
-0.964536 -0.254874 -0.068627
-0.985087 -0.166983 -0.041482
-0.967752 -0.250722 -0.024379
-0.896401 -0.345234 -0.277990
-0.985724 -0.168359 -0.001968
-0.966657 -0.255434 0.018125
-0.994627 -0.101518 -0.020272
-0.984304 -0.103803 -0.142729
-0.992938 -0.036665 -0.112825
-0.983203 -0.178521 0.037977
-0.926579 -0.376075 -0.004303
-0.919882 -0.389389 0.046830
-0.750062 -0.660738 0.028853
-0.702384 -0.703250 0.109982
-0.904571 -0.413480 0.103853
-0.018537 -0.996120 0.086029
0.139059 -0.971649 0.191206
0.745551 -0.660569 0.088334
-0.537559 -0.808488 -0.239537
-0.986717 -0.034959 -0.158644
0.688121 -0.725422 0.015915
0.919146 -0.393091 0.025477
0.930809 -0.358182 0.072810
-0.990851 0.027588 -0.132111
-0.995600 0.021038 -0.091314
0.967696 -0.250024 0.032456
-0.981462 0.038555 -0.187738
-0.974666 -0.033597 -0.221130
-0.982181 0.100697 -0.158687
-0.774140 -0.631654 -0.041482
0.971127 -0.227330 0.072339
0.937693 -0.326153 0.119818
0.899193 -0.436922 -0.023456
0.596355 -0.800133 -0.064411
-0.961475 0.141509 -0.235673
-0.932922 0.258948 -0.250205
0.985715 -0.163723 0.039513
0.983998 -0.178126 0.004490
0.986957 -0.143794 0.072388
0.525280 -0.662084 -0.534532
0.604707 -0.523526 -0.600208
0.557271 -0.394241 -0.730769
-0.429932 -0.543485 -0.720959
-0.556246 -0.329198 -0.763033
-0.876370 -0.247648 -0.413093
0.473307 -0.087471 -0.876544
-0.974122 -0.108621 -0.198210
-0.895382 -0.121206 -0.428485
-0.708992 0.012435 -0.705107
0.910165 0.106061 0.400437
0.965436 0.084771 -0.246470
0.962425 0.161760 -0.218111
0.978668 0.141187 -0.149250
0.995293 0.061275 -0.075077
0.990786 0.122235 -0.058320
0.992611 0.119626 -0.020298
0.980686 0.190435 -0.044616
0.981425 0.191718 -0.007015
0.975816 0.201194 -0.085460
0.954164 0.290535 -0.071840
0.947072 0.248450 -0.203290
0.889782 0.318181 -0.327182
0.938577 0.320996 -0.126631
0.854811 0.502994 -0.127651
0.896211 0.441011 -0.048119
0.805263 0.484086 -0.342363
0.580581 0.610802 -0.538375
0.542223 0.505551 -0.671127
-0.324532 0.676241 -0.661345
0.759287 0.607639 -0.232933
0.320496 0.913001 -0.252412
-0.753275 0.516553 -0.407124
-0.084026 0.925506 -0.369295
-0.658847 0.719556 -0.219454
-0.810820 0.533980 -0.239660
-0.921369 0.365791 -0.131441
-0.870736 0.481066 -0.101952
-0.957699 0.278966 -0.070639
-0.932782 0.358510 -0.037266
-0.974364 0.223453 -0.026153
-0.957069 0.289740 0.008371
0.890700 0.229725 0.392276
-0.983245 0.181924 0.011519
-0.969227 0.241502 0.047697
-0.917969 0.393083 0.053093
-0.940606 0.326034 0.094668
-0.990657 0.134906 -0.019983
-0.994627 0.102552 0.014163
-0.997870 0.063137 -0.016419
-0.999262 0.034460 0.016955
-0.970222 0.219359 -0.102712
0.960639 0.160951 0.226423
-0.789110 0.599826 0.132342
0.894933 0.311285 0.319682
0.727056 0.438934 0.527946
0.714857 0.027984 0.698710
0.525027 0.637382 0.563995
0.120747 0.648627 0.751467
-0.598566 0.590628 0.541182
-0.888185 0.292490 0.354369
0.948237 0.240882 0.206934
-0.700460 0.390896 0.597123
-0.863721 0.472828 0.174413
-0.949634 0.282309 0.136001
-0.648167 0.757831 0.074640
-0.036346 0.982995 0.179997
0.325371 0.943325 0.065363
0.768652 0.631625 0.101108
0.579714 0.784311 0.220881
0.909359 0.400446 0.112740
-0.006169 0.833096 0.553094
-0.994158 0.095549 -0.050200
0.825820 0.522698 0.211678
0.278239 0.894824 0.349104
-0.996216 0.072923 0.047276
-0.998748 0.007593 0.049439
0.950694 0.283258 0.126277
0.967607 0.241350 0.074076
0.979627 0.177276 0.094358
-0.433887 0.900895 -0.011391
-0.999388 -0.028579 0.020154
-0.996855 -0.057847 0.054159
-0.810305 0.488248 0.324068
0.856225 0.516267 0.018642
-0.995889 -0.013220 0.089608
-0.991430 -0.090785 0.093936
-0.989907 -0.055169 0.130543
-0.981092 -0.133924 0.139722
-0.979067 -0.095211 0.179895
-0.959602 -0.194964 0.202864
-0.954494 -0.156696 0.253748
-0.972978 -0.053734 0.224558
-0.932375 -0.121836 0.340344
-0.880383 -0.328357 0.342210
-0.958777 -0.004417 0.284126
-0.871290 -0.138224 0.470902
-0.573373 -0.412499 0.707875
-0.975971 0.031376 0.215628
-0.958546 -0.235443 0.160486
-0.929676 0.064212 0.362738
-0.998452 0.023438 -0.050448
0.304460 0.472453 0.827099
0.987547 0.147334 0.055168
0.537144 0.842648 -0.037697
-0.185492 0.977778 -0.097693
-0.524201 0.488136 -0.697808
0.768768 0.280674 -0.574646
-0.251752 0.499072 -0.829185
0.955600 0.294658 0.002214
-0.860864 0.318745 -0.396628
0.726702 0.357954 -0.586322
0.991476 0.102705 0.080171
-0.504791 0.756238 -0.416282
0.916783 0.207544 -0.341224
0.804825 0.482664 0.345387
0.940702 0.335476 0.050350
0.981535 0.070555 0.177796
-0.963762 -0.190370 -0.186876
-0.959271 0.051012 -0.277843
-0.983325 0.172605 -0.057272
0.986554 0.129649 -0.099507
-0.999931 -0.000669 -0.011753
-0.847416 -0.294266 0.441920
-0.549605 -0.468666 0.691583
0.650712 -0.475459 0.592042
0.647042 -0.361443 0.671339
0.998245 0.059223 0.000676
0.997829 -0.056498 0.033834
0.997696 -0.058173 -0.034898
0.991622 -0.118323 -0.051823
0.990817 0.065783 -0.118131
0.991943 0.125474 0.017452
-0.979793 -0.170263 0.104960
-0.993350 -0.099611 -0.057735
-0.987930 0.147386 0.047658
-0.989707 0.113028 0.087774
0.966619 0.217972 -0.134672
-0.891667 -0.365959 0.266465
-0.537639 -0.661989 0.522221
-0.888325 -0.408497 0.209783
-0.639373 -0.741613 0.203009
0.271209 -0.915875 0.296003
-0.573359 -0.711237 0.406697
0.451409 -0.745087 0.490994
0.880186 -0.362926 0.305870
0.365938 -0.839489 0.401680
-0.593525 -0.745198 0.303987
-0.389913 -0.606139 0.693227
0.546776 -0.618726 0.564104
-0.952310 -0.281582 0.117547
0.972681 -0.200786 0.116523
-0.990168 0.083450 -0.112262
-0.975955 0.167802 -0.139122
-0.944950 0.285136 -0.160521
-0.892698 0.377841 -0.245617
0.961583 -0.274400 -0.007919
0.980278 -0.194133 -0.036980
-0.922708 -0.381483 -0.055496
-0.902163 -0.415215 -0.117043
-0.961642 -0.267075 0.062578
0.790002 -0.593348 0.154386
-0.974906 0.204941 0.086934
-0.996593 -0.037503 -0.073463
-0.985218 -0.015131 0.170634
0.978085 0.137679 0.156185
0.904565 0.374558 -0.203637
-0.709086 -0.694527 -0.121776
0.387250 -0.905610 -0.172938
-0.994877 -0.099095 0.019982
-0.956212 0.084283 0.280277
-0.967400 0.115209 0.225529
-0.984621 0.064500 0.162359
-0.968921 0.164832 0.184454
-0.869690 0.493582 0.003970
-0.987644 0.129896 -0.087675
-0.917841 0.292595 0.268247
-0.160825 -0.986875 -0.014623
-0.974717 0.181527 0.130288
-0.412378 0.870757 0.267819
0.113100 0.174961 0.978058
0.539942 0.746033 -0.389741
0.855717 -0.511721 -0.076746
0.577440 0.723396 0.378500
0.913604 0.351879 0.203738
0.848083 -0.455368 0.270916
0.993054 -0.116487 -0.016586
-0.912624 -0.001346 -0.408798
-0.998419 -0.042909 -0.036316
0.820104 -0.529228 0.217596
-0.201568 -0.707298 -0.677569
-0.792877 -0.424274 -0.437421
-0.944621 0.268910 0.188091
-0.761997 0.644376 -0.064343
-0.502736 -0.690695 -0.519804
-0.941252 -0.209111 -0.265174
0.948283 -0.313216 -0.051523
-0.543593 0.757667 0.361176
0.937295 -0.307316 0.164421
-0.996130 0.045500 0.075198
0.552315 -0.790414 -0.264942
-0.989775 -0.128148 0.062639
0.538701 0.831988 -0.132654
0.991499 -0.065801 -0.112246
0.990969 -0.069280 0.114806
-0.431250 0.886781 -0.166258
0.968549 0.204967 0.141075
0.993726 -0.110485 0.017361
0.951112 -0.179456 -0.251360
-0.930670 0.160560 -0.328746
0.977121 0.210316 0.031661
0.984614 0.132960 0.113386
0.988261 -0.124183 -0.088982
-0.897722 0.390120 0.204700
-0.875631 -0.453755 0.165460
0.982617 -0.171619 -0.070791
-0.809226 0.280912 -0.515986
-0.785329 0.244661 -0.568682
-0.953454 0.235801 -0.187947
0.987724 -0.120716 0.099137
-0.954499 -0.112988 -0.275980
-0.991504 0.006200 0.129927
-0.994640 0.068829 -0.077155
0.088271 0.815105 -0.572549
-0.984978 0.111495 0.131856
-0.926488 0.186286 0.326984
-0.904327 0.157122 0.396870
0.726603 0.262666 0.634866
-0.998583 -0.052914 -0.005621
-0.967134 0.172273 -0.187015
-0.725343 0.113742 0.678926
0.996088 0.045312 0.075862
-0.954980 -0.037934 -0.294236
-0.247273 -0.964012 -0.097660
0.993251 -0.106566 0.045783
0.824775 -0.286397 0.487569
0.964418 0.262379 -0.032481
-0.977677 -0.196239 0.075087
-0.947476 0.195282 0.253285
