40.204033 48.482548 99.796814
24.905987 114.538551 82.172134
31.398115 0.000000 155.648758
39.830067 -89.352020 20.583057
36.388206 -31.510759 -130.572464
-37.010159 -17.500147 132.436844
-47.532066 19.387268 56.418407
19.841715 -137.632812 4.982971
-40.998543 36.955437 -103.334373
39.256310 -85.948036 -47.016102
9.578415 -142.904831 -47.187477
40.539467 -35.093765 107.309654
-12.946710 -101.789444 137.471466
-45.471569 -14.771062 -80.805328
47.174961 -29.698875 53.144382
6.765720 -65.619331 177.799530
12.193460 -99.518517 -141.471268
-47.300594 39.760159 -37.309860
-24.468456 66.046364 -150.551758
0.000000 0.000000 200.000000
-32.476982 13.503762 -150.995850
-0.649114 145.811523 46.860729
0.275589 113.385895 130.931396
-42.835438 -64.625008 -56.721302
-40.023663 65.151566 82.604607
44.928829 58.918461 39.128712
-34.076649 87.515068 -88.344276
-36.075459 37.438969 129.170868
37.543476 99.060646 1.562570
-45.458565 -36.850414 67.247025
-3.962941 148.240112 -26.111799
-36.390457 -62.092491 -109.350677
-43.947929 71.279961 8.042576
-24.908869 -52.525867 -158.644073
2.041955 111.326454 -133.791840
-43.757896 -69.840424 26.315521
26.780125 52.690620 153.588898
45.029190 -26.842960 -79.227417
40.497532 50.715698 -95.846794
-49.111404 -18.045366 -28.813429
-7.748628 -129.243317 -96.662476
45.969269 49.638382 -42.530384
0.000000 0.000000 -200.000000
33.971386 97.312881 -68.556000
49.872089 0.000000 -14.296607
33.078739 -91.520821 87.189331
28.188738 28.020737 -160.905182
-32.622730 -111.599670 -28.823767
-20.138458 -134.342712 37.759922
-15.048277 -125.927780 90.471741
