0.000000 0.000000 200.000000
0.000000 0.000000 -200.000000
20.672665 0.000000 182.105072
31.398115 0.000000 155.648758
38.430553 0.000000 127.943275
43.333462 0.000000 99.776649
46.706718 0.000000 71.384285
48.837791 0.000000 42.871017
49.872089 0.000000 14.296607
49.872089 0.000000 -14.296607
48.837791 0.000000 -42.871017
46.706718 0.000000 -71.384285
43.333462 0.000000 -99.776649
38.430553 0.000000 -127.943275
31.398115 0.000000 -155.648758
20.672665 0.000000 -182.105072
6.765720 -65.619331 177.799530
-25.455280 30.391857 -167.303284
41.342049 -27.756811 -106.224716
40.539467 -35.093765 107.309654
49.298328 -25.040159 -0.333118
25.301064 -26.254271 -168.915070
47.409351 -25.950640 -53.295727
47.174961 -29.698875 53.144382
-45.272446 21.663038 79.826073
40.865803 26.790758 -109.561790
48.773342 25.309092 -28.281071
48.464291 28.054295 31.940748
44.739471 27.143492 81.634933
34.596317 25.514212 140.329010
35.330765 -32.188663 134.854813
34.487411 -55.414600 124.542107
41.613197 -50.688591 87.896324
35.763233 -70.193932 103.809509
27.778353 -61.053375 145.007294
28.188738 28.020737 -160.905182
36.388206 -31.510759 -130.572464
27.019335 -50.369858 -154.301163
36.292053 -58.822300 -113.026398
27.515501 -73.471596 -135.239700
41.467350 -52.497623 -87.107895
36.246765 -75.465706 -94.096649
27.300983 -93.739014 -111.593735
39.744164 -73.271339 -71.986717
30.295753 -100.519272 -85.742584
39.256310 -85.948036 -47.016102
30.550184 -110.553932 -57.781258
28.300234 -32.393055 159.122940
16.511591 -120.487175 -99.144310
4.848853 -118.233292 -121.540390
-7.748628 -129.243317 -96.662476
-20.324652 -108.963272 -110.828659
-26.627274 -109.802155 -84.982414
-33.082321 -86.485840 -95.872513
-36.645245 -87.684380 -69.609489
-40.161648 -63.434322 -83.899033
-42.835438 -64.625008 -56.721302
-44.872166 -39.837673 -70.444420
-38.901428 -88.624023 -42.706074
-44.335442 -65.734352 -29.463709
-39.905102 -89.620827 -15.569355
-28.006502 -84.371025 -121.635170
-44.760544 -66.836578 -1.529888
-39.665596 -90.925095 11.344482
-47.725266 -43.253654 -15.191350
-42.009235 -39.004982 -95.178238
-45.471569 -14.771062 -80.805328
-43.757896 -69.840424 26.315521
-33.153336 -112.269516 -2.408481
-32.284416 -113.102219 24.123259
-22.171564 -134.214691 10.516542
-20.138458 -134.342712 37.759922
-30.335678 -113.037346 50.601326
-0.568542 -149.064575 22.184860
3.125285 -145.033401 49.484596
21.865471 -132.819199 31.444386
-14.220329 -134.057724 -69.391830
-42.238571 -13.031579 -105.605614
19.841715 -137.632812 4.982971
32.276817 -114.142578 13.018538
33.469658 -107.521530 39.036327
-44.222786 10.697924 -92.228317
-46.940929 8.689400 -67.901047
39.830067 -89.352020 20.583057
-40.243980 13.525154 -117.309616
-37.697495 -11.333478 -130.514481
-40.998543 36.955437 -103.334373
-22.933413 -132.771927 -15.671172
40.232334 -82.012169 46.307899
33.882668 -98.941254 65.023918
30.251852 -119.114136 -11.566449
16.215393 -141.120163 -19.715796
-35.349167 43.837914 -128.804169
-30.395033 71.685310 -126.817413
44.513889 -64.994743 28.041458
44.156639 -70.328842 3.148242
44.439171 -57.191498 50.869312
12.193460 -99.518517 -141.471268
14.257348 -79.764366 -159.489182
12.516512 -56.053707 -178.626938
-9.852304 -73.240196 -170.031433
-12.838367 -45.608265 -183.479813
-24.908869 -52.525867 -158.644073
8.770953 -29.930525 -192.812164
-37.968277 -37.088154 -120.370964
-25.131336 -24.958015 -169.668121
-11.290162 -19.675867 -193.060272
26.124323 24.997887 167.240524
35.548229 27.147556 -135.907944
35.654785 50.946877 -122.659729
40.497532 50.715698 -95.846794
47.237236 25.990314 -55.654408
45.969269 49.638382 -42.530384
47.044907 49.628834 -14.481938
42.973671 73.188560 -30.486637
43.381794 74.485435 -5.006310
41.186359 73.907440 -56.108509
36.628353 96.763054 -43.454891
33.827293 74.435059 -108.818695
26.860762 74.549576 -136.292862
33.971386 97.312881 -68.556000
27.168943 119.324005 -53.639442
30.739403 117.078712 -22.642202
22.867788 96.834824 -122.322670
11.960862 95.452278 -146.674561
14.722015 72.538139 -164.857269
-8.268785 90.077133 -156.465149
21.849396 119.900406 -82.487213
7.984936 139.233383 -67.200958
-19.971066 94.409607 -133.314896
-1.550455 132.706955 -93.020714
-18.115236 129.647690 -69.768105
-23.795328 112.918617 -90.954712
-31.914339 103.983620 -66.941849
-27.783846 119.939323 -45.550079
-37.558952 93.740822 -42.511883
-33.887657 109.274063 -19.947437
-41.484081 82.728210 -17.265577
-37.803932 98.097824 5.091551
26.780125 52.690620 153.588898
-43.947929 71.279961 8.042576
-40.100456 86.644791 30.412317
-32.214321 112.880135 27.267017
-34.498878 101.202164 52.435230
-46.320133 55.411945 -14.576926
-47.790958 43.347687 10.765838
-49.041664 27.650433 -12.627364
-49.640591 14.856933 13.438095
-39.603428 77.679222 -64.636490
35.191650 50.080097 125.403618
-23.716190 126.699768 49.621677
27.145042 74.124207 135.803268
18.276674 73.983200 157.875641
16.328947 26.833595 185.617279
11.911171 95.199486 147.030899
1.585975 84.791344 164.858398
-14.805994 93.577858 144.654236
-25.321312 68.131332 146.591507
33.777359 72.539108 111.314476
-14.836069 59.746075 173.586609
-26.845308 113.602165 74.338722
-35.112747 89.771935 77.112968
-17.997173 138.701157 24.833815
-0.649114 145.811523 46.860729
8.003101 147.504532 17.177095
23.058981 130.164261 37.042049
15.700014 133.518387 66.056229
31.042070 109.995514 55.433590
0.275589 113.385895 130.931396
-47.300594 39.760159 -37.309860
24.905987 114.538551 82.172134
4.227842 132.370590 92.540977
-48.074940 31.354177 35.680470
-49.062576 2.711177 38.376438
35.668793 90.191658 71.988869
39.435070 85.262863 46.840092
41.948166 66.618538 62.895084
-10.735171 146.484665 -2.995191
-49.631355 -13.572070 16.130322
-48.239338 -24.901316 40.805698
-23.132614 99.883514 117.054382
27.667215 124.818962 7.418185
-47.108173 -5.599271 66.613670
-45.458565 -36.850414 67.247025
-44.031860 -21.733858 90.218468
-41.299923 -49.374092 91.516068
-39.409718 -33.270302 114.813507
-35.635983 -61.562672 113.769577
-33.811249 -46.395359 133.723862
-37.010159 -17.500147 132.436844
-30.615627 -30.806465 152.694977
-26.481314 -73.401512 138.569702
-33.415451 -1.038227 148.770309
-23.744707 -9.722075 175.530594
-13.713757 -45.450470 182.533539
-37.605328 10.764414 131.024551
-36.308788 -76.133865 92.747505
-28.831865 15.766394 162.042145
-48.907078 9.960412 -39.410553
7.035014 59.503159 181.421310
44.928829 58.918461 39.128712
14.338306 143.450348 -11.291109
-3.962941 148.240112 -26.111799
-9.834928 70.184669 -172.323105
17.353699 49.451859 -175.596283
-4.487421 45.678299 -189.653534
37.543476 99.060646 1.562570
-24.468456 66.046364 -150.551758
17.790781 32.364983 -181.861496
45.790218 41.699158 57.972900
-12.233440 118.258453 -112.885590
28.297075 50.592987 -150.459030
23.215952 95.516975 123.112839
35.144398 104.650360 27.717375
40.117569 24.998375 114.622520
-36.390457 -62.092491 -109.350677
-32.476982 13.503762 -150.995850
-43.611633 67.064552 -39.655769
43.813316 50.557388 -68.863663
-49.946594 -0.263588 -9.234719
-23.339987 -58.803082 158.545624
-9.574103 -68.756126 173.577393
15.119079 -74.115944 163.024460
15.171261 -39.518768 183.141785
49.234074 26.151480 0.525111
48.888134 -24.676512 26.012793
48.797871 -25.650698 -27.029253
46.289074 -49.034237 -37.983353
44.662292 26.467121 -82.698990
46.998009 50.129841 13.836186
-41.621143 -63.857040 70.947891
-46.841934 -41.528988 -42.746632
-45.143093 59.244949 33.965935
-45.032219 45.077225 62.779129
38.279560 74.341209 -82.034813
-28.067305 -87.974281 116.775673
-12.946710 -101.789444 137.471466
-27.882116 -101.787842 95.615189
-17.157225 -132.406998 64.208733
6.022116 -137.517822 76.157219
-14.293016 -115.109421 114.784492
9.963784 -111.248161 128.099640
27.224073 -81.962288 127.274559
8.135307 -124.608711 106.474998
-15.048277 -125.927780 90.471741
-9.566087 -82.026169 163.016663
12.661298 -94.309883 147.047195
-36.018848 -90.843819 67.609116
39.611801 -71.531837 76.144218
-44.472935 33.182663 -79.981491
-39.872330 59.835728 -90.543648
-34.076649 87.515068 -88.344276
-27.772573 93.881020 -109.499969
38.637207 -95.134956 -4.959707
42.961006 -74.372849 -25.222496
-32.622730 -111.599670 -28.823767
-30.506874 -111.243675 -55.758549
-38.264957 -92.180481 38.294655
23.572680 -124.766762 58.609264
-40.887905 75.007996 56.997684
-47.718792 -15.520559 -56.021633
-41.096504 -4.605863 113.752022
40.204033 48.482548 99.796814
29.746393 97.630379 -94.325005
-20.213627 -133.442596 -42.494610
9.578415 -142.904831 -47.187477
-47.903309 -41.599648 14.417612
-32.911526 24.887743 146.860992
-36.075459 37.438969 129.170868
-41.550892 23.912346 106.582558
-37.400139 54.848717 110.776543
-28.066568 124.128288 2.140455
-44.377712 51.383205 -61.612892
-29.648083 76.567383 124.553291
-3.546737 -149.593994 -3.869428
-40.023663 65.151566 82.604607
-9.775415 136.607300 72.766502
-3.563271 38.429985 192.798630
13.912332 119.431084 -107.449135
27.176109 -123.466873 -32.905621
14.472877 117.952690 109.154205
30.480646 93.772514 97.480141
24.719511 -101.113068 109.760628
47.160069 -48.969112 -12.319969
-27.715788 1.314668 -166.452057
-49.111404 -18.045366 -28.813429
24.385767 -114.636734 84.395134
-3.062731 -93.461906 -155.951279
-21.096167 -80.093628 -146.542831
-33.670128 80.592773 101.558594
-21.785208 133.826248 -23.820772
-11.819920 -104.572952 -135.365204
-31.505735 -59.107853 -133.817520
35.969936 -101.785904 -29.667879
-15.236513 120.680931 101.952065
33.078739 -91.520821 87.189331
-47.532066 19.387268 56.418407
14.457766 -131.848267 -75.833649
-45.522102 -52.046597 45.034237
14.252813 140.580933 -40.193283
45.029190 -26.842960 -79.227417
44.789772 -28.077793 80.625618
-10.364541 142.361481 -47.448631
38.503174 70.346252 86.501938
47.393089 -46.802994 12.963907
32.798111 -52.873287 -133.486389
-29.115171 42.020222 -152.636459
42.122345 79.029053 22.540125
42.830074 51.276894 77.298195
44.511806 -49.515747 -62.772728
-28.275469 100.960045 95.326820
-27.067307 -113.362480 73.698448
43.090508 -66.741562 -48.706596
-19.629112 52.363388 -170.178238
-18.889248 15.073672 -184.084763
-34.366764 74.331551 -106.208603
44.102459 -47.600319 69.652679
-32.886261 -33.669853 -143.807190
-44.401459 1.678814 91.930176
-46.879520 28.948479 -57.854683
2.041955 111.326454 -133.791840
-42.314342 42.443584 90.273750
-28.536152 48.101383 151.187592
-25.355183 35.532574 165.738586
17.121708 42.086075 179.334015
-49.402088 -22.914949 -4.176029
-36.842236 57.502148 -111.374039
-17.303671 29.596006 183.445175
47.537579 18.596146 56.816143
-32.138462 -10.884974 -152.523026
-6.407535 -147.398300 -26.807379
46.949398 -44.719631 34.304264
20.871376 -53.604073 167.098495
38.960545 92.678261 -21.057529
-41.748318 -73.111679 51.092648
-32.002369 57.925255 132.847778
