277 327 0
122 201 181
241 282 242
181 206 122
242 246 241
266 298 179
99 103 21
67 298 266
4 30 19
167 213 165
122 299 201
37 99 21
30 31 19
276 294 171
160 294 276
33 248 32
82 260 198
93 207 92
15 103 1
46 293 279
45 293 46
250 272 148
243 244 239
206 307 115
200 209 27
213 307 206
46 279 265
21 103 15
33 295 248
245 246 222
280 294 168
13 36 14
182 318 24
265 297 46
242 282 33
24 296 182
27 229 200
106 314 1
199 324 139
148 251 250
152 199 139
44 48 42
18 36 13
265 279 91
165 213 181
175 213 167
41 44 42
201 299 202
290 302 134
39 98 37
24 321 233
168 294 180
198 319 82
239 244 238
92 326 93
98 99 37
171 294 280
239 286 243
17 284 216
227 283 254
233 296 24
178 266 179
30 47 34
91 330 265
260 285 198
12 18 13
4 19 5
284 314 106
249 272 250
93 252 129
202 302 290
30 34 31
42 97 39
247 257 72
101 103 99
197 327 323
123 278 263
254 293 45
181 213 206
171 280 170
24 318 269
48 49 42
288 291 61
18 38 36
32 301 19
254 283 95
97 98 39
287 291 288
89 286 258
3 107 2
2 47 3
98 100 99
107 153 2
2 223 47
28 328 209
28 214 5
119 211 125
154 212 168
269 318 261
220 221 194
14 21 15
111 228 218
34 242 31
109 211 119
29 139 107
15 208 35
3 47 30
103 106 1
223 332 47
29 107 3
15 35 14
35 211 108
49 97 42
207 306 92
191 245 220
100 101 99
110 234 218
115 307 229
194 221 16
48 50 49
11 228 111
233 321 275
1 208 15
0 223 2
5 214 4
18 40 38
125 203 126
190 193 192
2 153 0
188 220 190
190 194 193
191 220 188
188 190 189
108 211 109
231 260 57
125 126 124
119 125 124
185 186 184
187 188 186
149 151 139
119 124 123
236 245 191
40 41 38
187 191 188
193 197 192
190 192 189
105 106 101
16 223 194
50 51 49
92 216 84
138 271 136
183 185 184
109 119 118
188 189 186
84 85 77
84 216 85
185 187 186
13 108 25
119 123 118
3 30 4
108 109 25
14 108 13
203 207 126
166 171 170
186 261 184
130 210 132
40 43 41
160 276 150
53 61 51
166 170 167
127 130 128
120 127 121
143 160 150
66 77 65
57 65 55
86 92 84
183 184 182
263 278 127
81 84 77
133 251 148
189 261 186
120 121 117
100 102 101
116 120 117
130 132 131
53 215 61
43 44 41
163 166 165
29 149 139
127 128 121
144 169 146
116 117 114
169 198 146
217 272 169
85 104 77
64 231 59
180 289 273
78 91 90
218 234 116
112 116 114
130 131 128
150 163 162
112 114 113
35 108 14
143 161 160
143 150 142
116 234 120
52 53 51
57 66 65
114 115 113
71 238 72
144 146 145
133 148 135
4 29 3
77 104 65
50 52 51
166 167 165
147 178 173
68 87 70
88 89 80
137 144 140
104 317 292
96 248 88
78 90 79
226 227 22
150 162 142
284 329 216
132 133 131
170 174 167
141 143 142
11 111 10
54 55 53
121 122 117
112 113 26
13 25 12
115 229 113
185 196 187
56 57 55
20 226 9
8 225 20
8 20 9
6 23 7
10 22 11
10 26 9
6 28 5
8 27 7
89 258 80
198 219 146
235 236 191
79 253 83
66 81 77
111 112 26
112 218 116
102 105 101
190 220 194
141 142 138
71 72 69
10 111 26
148 217 135
146 147 145
144 145 140
178 179 173
113 224 26
68 70 69
9 226 10
7 225 8
83 95 94
70 71 69
181 201 164
81 86 84
73 78 75
163 164 162
83 88 80
58 255 60
163 165 164
179 183 182
62 64 59
147 219 178
60 68 63
195 269 261
59 231 56
69 257 63
79 80 75
78 79 75
94 96 88
73 74 71
88 248 89
79 83 80
111 218 112
68 69 63
83 94 88
164 177 162
70 73 71
67 266 62
146 219 147
165 181 164
52 54 53
113 229 224
259 275 161
140 141 138
133 135 134
23 225 7
10 226 22
137 140 138
209 308 28
135 137 136
147 173 172
145 232 140
73 75 74
54 56 55
60 63 62
58 60 59
149 158 151
179 182 173
26 224 9
104 215 65
147 172 145
58 59 56
50 76 52
137 138 136
54 58 56
133 134 131
63 67 62
35 208 204
60 62 59
135 136 134
144 217 169
83 253 95
62 266 64
8 224 27
55 215 53
174 175 167
174 176 175
132 251 133
176 209 200
140 232 141
176 200 175
66 82 81
253 254 95
60 255 68
109 118 110
9 224 8
45 312 254
143 259 161
172 232 145
135 217 137
192 195 189
80 258 75
63 257 67
90 253 79
132 252 251
172 233 232
155 199 152
72 257 69
65 215 55
237 240 235
218 228 110
247 334 257
249 250 86
56 231 57
137 217 144
141 259 143
168 180 156
32 316 301
150 276 163
224 229 27
240 244 243
68 255 87
154 168 156
185 230 196
148 272 217
136 290 134
267 268 195
58 256 255
28 262 214
248 316 32
196 247 237
76 256 52
52 256 54
195 261 189
232 259 141
210 252 132
81 249 86
12 228 11
154 156 155
233 259 232
118 234 110
183 230 185
54 256 58
74 238 71
187 235 191
280 281 170
64 285 231
82 249 81
230 247 196
270 289 275
142 271 138
75 258 74
240 243 241
4 214 29
16 332 223
39 305 38
109 110 25
74 239 238
233 275 259
177 271 162
255 264 87
25 228 12
57 260 66
256 264 255
196 237 235
271 290 136
149 262 158
120 263 127
70 274 73
229 307 200
212 281 280
162 271 142
96 316 248
87 274 70
158 212 151
196 235 187
20 283 226
156 273 157
158 281 212
209 328 27
29 214 149
180 273 156
47 332 34
225 304 20
206 333 122
123 263 118
115 333 206
235 240 236
268 270 269
273 289 270
91 279 90
154 155 152
125 211 204
76 265 264
17 314 284
100 288 102
66 260 82
164 201 177
182 296 173
231 285 260
76 264 256
258 286 239
172 296 233
110 228 25
129 252 210
254 312 227
151 212 154
11 300 12
5 301 6
253 293 254
121 299 122
31 242 33
216 306 17
139 324 107
275 289 161
192 267 195
179 298 183
268 269 195
105 284 106
198 285 219
214 262 149
27 328 7
240 241 236
180 310 289
101 106 103
226 283 227
169 319 198
177 290 271
93 315 252
73 274 78
123 320 278
205 314 17
292 317 102
64 325 285
204 211 35
134 302 131
48 297 50
201 202 177
37 305 39
122 333 117
225 331 304
104 292 215
23 316 96
204 208 205
184 318 182
234 263 120
279 293 90
270 335 273
237 244 240
114 333 115
282 295 33
158 303 281
212 280 168
163 276 166
96 331 23
98 287 100
269 321 24
118 263 234
6 328 28
248 295 89
159 199 155
85 329 317
215 292 61
50 297 76
87 330 274
173 296 172
18 300 40
90 293 253
36 305 37
128 299 121
197 267 192
61 291 51
49 291 97
0 327 193
210 320 129
78 274 91
19 301 5
12 300 18
309 312 43
275 321 270
300 309 40
74 258 239
22 300 11
6 301 23
317 329 105
174 303 176
243 286 282
251 315 250
92 306 216
175 307 213
157 322 159
285 325 219
230 334 247
288 292 102
265 330 264
76 297 265
243 282 241
270 321 269
23 331 225
85 317 104
124 320 123
40 309 43
299 302 202
227 312 309
86 326 92
22 309 300
127 278 130
161 310 160
89 295 286
244 311 238
183 298 230
51 291 49
20 304 283
130 278 210
287 288 100
200 307 175
95 304 94
202 290 177
286 295 282
281 303 174
160 310 294
252 315 251
241 246 236
227 309 22
268 335 270
257 334 67
236 246 245
220 245 221
131 302 128
238 311 72
166 276 171
247 311 237
274 330 91
82 319 249
97 287 98
262 303 158
43 312 45
266 325 64
283 304 95
264 330 87
193 327 197
272 319 169
72 311 247
28 308 262
128 302 299
267 322 268
170 281 174
176 308 209
151 154 152
304 331 94
250 326 86
97 291 287
107 324 153
151 152 139
38 305 36
178 325 266
216 329 85
277 324 199
61 292 288
205 313 203
249 319 272
301 316 23
7 328 6
219 325 178
261 318 184
203 313 207
102 317 105
94 331 96
117 333 114
289 310 161
262 308 303
197 323 267
322 323 159
278 320 210
207 313 306
67 334 298
303 308 176
17 313 205
273 335 157
222 332 16
105 329 284
267 323 322
237 311 244
315 326 250
294 310 180
153 324 277
306 313 17
298 334 230
93 326 315
322 335 268
34 332 222
157 335 322
1 314 205
16 245 222
45 46 43
157 159 156
159 327 199
323 327 159
199 327 277
153 277 0
205 208 1
14 37 21
36 37 14
193 194 0
194 223 0
221 245 16
31 33 19
19 33 32
222 246 34
34 246 242
38 42 39
41 42 38
43 46 44
46 297 44
44 297 48
129 207 93
126 320 124
125 205 203
204 205 125
126 207 129
129 320 126
156 159 155
