73 135 45
122 138 40
103 134 107
121 138 122
53 100 91
46 146 115
46 115 114
24 101 25
107 138 103
91 99 53
112 152 82
116 144 86
47 152 112
134 146 107
86 133 50
45 98 73
55 135 80
124 134 102
104 124 102
122 130 121
1 64 2
50 125 86
41 94 65
71 135 73
54 91 75
59 60 56
42 97 68
52 101 24
61 62 57
86 125 116
47 112 15
92 135 55
36 61 57
75 90 54
37 59 56
65 136 41
15 112 16
25 101 53
78 148 66
98 139 73
68 147 42
79 149 69
100 120 91
119 132 109
131 139 39
39 139 98
109 132 38
105 131 39
107 146 46
2 64 32
103 138 121
74 131 77
77 131 117
66 143 78
69 145 79
118 127 72
102 103 100
75 141 90
85 132 119
120 121 67
35 123 59
86 144 87
26 99 27
31 78 30
120 137 91
7 79 8
79 156 129
55 93 9
80 142 55
29 58 30
72 127 70
53 99 26
78 155 128
58 140 30
111 119 49
84 133 86
60 65 56
65 94 66
10 55 9
28 41 27
1 153 64
35 37 4
3 37 33
4 36 34
32 36 3
37 56 33
87 115 89
113 117 44
85 119 83
23 154 52
41 95 27
36 57 34
29 94 28
76 118 72
62 68 57
10 42 11
121 130 67
9 97 10
32 61 36
68 97 69
101 102 100
59 75 60
35 59 37
41 136 95
14 39 13
25 40 24
12 43 13
12 45 11
19 38 20
27 54 28
87 89 88
16 44 15
7 156 79
23 46 22
89 124 88
14 47 15
17 49 18
21 48 22
23 52 24
21 51 20
25 53 26
18 50 17
87 88 85
31 155 78
86 87 85
77 84 83
84 85 83
29 90 58
84 86 85
77 83 82
28 94 41
77 82 76
65 66 56
90 141 58
68 69 57
74 77 76
74 76 72
52 104 102
73 74 72
3 36 4
4 37 3
10 97 42
4 34 5
5 35 4
3 33 2
2 32 3
71 73 72
95 130 122
51 116 20
38 150 110
88 132 85
123 141 59
113 133 117
62 80 71
83 119 111
53 101 100
52 102 101
77 117 84
112 126 16
32 64 63
60 67 65
42 96 11
9 93 8
62 71 70
44 131 105
62 70 68
71 72 70
32 63 61
48 150 124
106 107 46
0 153 1
45 92 11
7 153 0
132 150 38
114 115 51
0 156 7
123 140 58
52 154 104
39 98 13
27 95 26
44 105 15
78 143 30
19 109 38
23 106 46
38 110 20
14 108 47
79 145 8
21 114 51
50 113 17
0 155 31
31 157 0
118 152 108
20 116 19
28 90 29
89 146 134
61 80 62
89 134 124
95 136 130
117 131 44
11 92 10
5 81 35
11 96 12
91 137 75
27 99 54
108 152 47
13 98 12
15 105 14
24 106 23
13 108 14
18 109 19
20 110 21
17 113 16
22 114 21
10 92 55
25 122 40
29 143 94
16 126 17
33 128 2
63 142 61
34 129 5
110 150 48
26 122 25
103 121 120
9 145 97
96 127 43
103 120 100
48 124 104
6 81 5
19 125 18
18 125 50
43 118 108
54 90 28
106 138 107
49 119 109
96 147 127
12 96 43
50 133 113
42 147 96
43 127 118
80 135 71
14 105 39
45 135 92
40 106 24
12 98 45
43 108 13
16 113 44
51 144 116
46 114 22
49 109 18
21 110 48
33 148 128
34 149 129
81 123 35
54 99 91
61 142 80
115 146 89
8 151 7
2 128 1
5 129 6
66 148 56
69 149 57
55 142 93
94 143 66
75 137 60
30 140 31
64 151 63
60 137 67
97 145 69
40 138 106
83 111 82
30 143 29
95 122 26
8 145 9
81 157 140
82 152 76
102 134 103
128 148 78
70 147 68
129 149 79
22 154 23
56 148 33
116 125 19
57 149 34
151 153 7
17 126 49
67 137 120
124 150 88
67 136 65
48 154 22
59 141 75
111 112 82
64 153 151
58 141 123
49 126 111
73 139 74
115 144 51
6 157 81
129 156 6
111 126 112
63 151 93
117 133 84
6 156 0
1 155 0
0 157 6
81 140 123
93 151 8
128 155 1
104 154 48
87 144 115
140 157 31
93 142 63
127 147 70
76 152 118
74 139 131
130 136 67
88 150 132
