62.015980 78.458961 -0.861029
-18.595068 127.152367 -39.355980
103.866501 150.476608 0.000000
5.839213 121.998489 36.659061
63.204163 -77.493446 0.000000
76.535324 -145.825882 -34.267952
41.582653 -159.980499 33.848400
-154.942444 -58.019066 33.740196
-125.725807 -47.712139 -40.834690
-40.069332 -133.824600 41.385349
-9.932961 -118.809563 -34.971539
-103.866501 -150.476608 0.000000
182.842712 0.000000 0.000000
131.080704 64.713470 41.146553
-109.047447 125.868057 32.939373
125.569931 53.942650 -41.147491
135.537323 -93.554665 -34.267952
114.117081 -30.447994 34.238476
-95.252907 46.808426 21.689581
-177.529633 43.757126 0.000000
