0.999957 0.001343 0.009183
0.599628 0.001689 0.800277
-0.186765 0.001608 0.982403
-0.889269 0.004652 0.457361
-0.890866 0.005478 -0.454232
-0.195515 -0.000477 -0.980701
0.605312 0.000493 -0.795989
0.969231 0.244578 -0.027797
0.883897 0.467448 -0.014783
0.749825 0.661556 0.010360
0.562114 0.826954 -0.013258
0.351789 0.935945 -0.015824
0.117947 0.993016 -0.002820
-0.127126 0.991868 -0.006143
-0.359015 0.933088 -0.021315
-0.566805 0.823231 -0.031968
-0.754950 0.655739 -0.007553
-0.887052 0.461668 0.001203
-0.971468 0.236443 -0.018538
-0.999834 0.001375 -0.018189
-0.970862 -0.239640 0.000549
-0.886635 -0.462443 -0.004990
-0.753794 -0.656862 0.018083
-0.577347 -0.816115 0.025028
-0.363509 -0.930568 -0.043648
-0.115757 -0.992344 -0.043046
0.127849 -0.991755 -0.008740
0.360065 -0.932842 -0.012610
0.572480 -0.819779 -0.015130
0.750877 -0.659754 -0.030141
0.886397 -0.462920 -0.002430
0.970901 -0.236962 0.034644
-0.512767 -0.131495 0.848398
-0.532729 0.141561 0.834362
-0.543034 -0.136692 -0.828511
-0.523577 0.140587 -0.840299
-0.965975 -0.258628 -0.001929
-0.961692 0.274034 0.007300
-0.582227 -0.070759 -0.809941
-0.159872 0.610111 0.776019
-0.182007 -0.719446 0.670277
0.292842 -0.548518 0.783180
0.263640 0.514931 -0.815684
0.000779 0.573397 -0.819277
-0.408657 0.469311 0.782781
0.147868 0.587396 0.795676
-0.310987 -0.349486 0.883825
-0.305099 0.579045 -0.756056
-0.455252 -0.321137 -0.830432
-0.563020 0.213217 -0.798465
-0.570339 0.223500 0.790418
-0.576511 -0.214876 0.788330
-0.312195 -0.506505 -0.803733
0.017383 -0.469291 -0.882873
0.259590 -0.487436 -0.833678
0.353071 0.401067 0.845273
-0.629404 0.394736 0.669353
-0.635595 -0.393820 -0.664022
0.527778 -0.351080 -0.773429
-0.649483 0.426073 -0.629788
-0.621681 0.782317 0.038653
-0.647053 -0.425743 0.632507
-0.615501 -0.787047 -0.041417
0.088469 0.039643 0.995290
0.295019 0.064510 0.953311
-0.171157 0.219993 0.960369
0.117377 -0.075352 0.990225
-0.265363 0.765451 0.586232
-0.190138 -0.244355 -0.950862
0.101714 0.063667 -0.992774
-0.287970 -0.763223 -0.578416
-0.310681 -0.836329 0.451699
-0.008830 -0.968057 -0.250573
-0.002636 -0.422577 0.906323
0.251740 -0.812977 0.525066
-0.252184 0.327155 -0.910699
0.312723 -0.793961 -0.521374
0.631791 -0.738736 0.234753
0.595970 -0.228288 0.769873
0.579331 0.219956 -0.784853
-0.317448 -0.416953 0.851691
0.296275 -0.050401 -0.953772
0.349005 -0.416054 -0.839699
0.732279 -0.410897 -0.543075
0.758227 -0.372670 0.534985
0.968385 -0.096136 -0.230193
0.310963 -0.034432 0.949798
0.825870 0.183942 0.533014
0.810567 0.242019 -0.533300
0.839587 0.520482 0.155537
0.385710 -0.428404 -0.817128
-0.064560 0.270519 -0.960547
0.327324 0.650028 0.685800
0.571193 0.389800 0.722354
0.455076 -0.488269 0.744647
0.149269 -0.576389 0.803427
0.142245 0.570335 -0.809002
0.423502 0.459790 -0.780538
-0.008030 0.582700 0.812648
0.161709 -0.617297 -0.769932
0.061228 0.486450 -0.871561
-0.095525 -0.383713 -0.918498
0.195016 0.367058 -0.909526
0.281054 0.945685 0.163368
-0.141145 -0.142481 -0.979682
-0.346995 0.656478 0.669799
-0.282524 -0.556576 0.781283
0.200009 0.315631 0.927563
-0.138379 0.561147 -0.816067
-0.568519 0.072104 -0.819504
-0.656585 -0.251639 -0.711038
0.023671 -0.020757 -0.999504
-0.314783 0.323050 -0.892497
-0.497952 0.343121 0.796437
-0.589125 -0.392231 0.706461
0.174905 0.069678 0.982117
-0.607075 -0.079371 0.790671
0.186041 -0.147023 0.971480
0.048182 -0.277644 -0.959475
0.235762 -0.060326 -0.969937
-0.082669 0.980783 -0.176721
0.000791 0.622448 0.782661
-0.004760 -0.495991 0.868314
0.038402 -0.004973 -0.999250
0.413057 0.317047 -0.853736
-0.715825 0.087034 0.692835
-0.586943 0.382712 -0.713463
-0.040624 -0.260236 -0.964690
0.232840 -0.040893 0.971655
0.209004 0.033296 -0.977348
-0.039295 0.161952 0.986016
0.062049 -0.094936 0.993548
0.279606 0.032276 -0.959572
0.124704 -0.042700 0.991275
0.638505 0.769618 -0.000006
-0.008576 -0.068498 0.997614
-0.026202 0.062200 0.997720
-0.357702 0.847651 -0.391838
0.011594 0.032623 0.999400
0.038832 -0.123617 0.991570
0.712544 -0.246291 -0.656979
-0.043706 0.034532 -0.998447
-0.002977 -0.003966 0.999988
0.636504 -0.440644 0.633005
0.103783 0.006405 0.994579
0.626908 0.432991 -0.647692
0.463603 0.415111 0.782787
-0.047141 -0.104199 -0.993439
-0.074610 0.045313 0.996183
-0.091845 -0.050981 -0.994467
0.053071 0.020839 -0.998373
0.713875 0.270712 0.645831
0.038184 -0.103689 -0.993877
0.815376 0.135335 0.562891
-0.522509 -0.568522 -0.635426
0.798268 -0.125660 0.589048
0.779667 0.116667 -0.615230
0.849597 -0.118914 -0.513853
