182.842712 0.000000 0.000000
167.247147 0.000000 32.384521
132.204239 0.000000 40.382835
104.102005 0.000000 17.972054
104.102005 0.000000 -17.972054
132.204239 0.000000 -40.382835
167.247147 0.000000 -32.384521
177.529633 43.757126 0.000000
161.899185 84.971245 0.000000
136.859741 121.247147 0.000000
103.866501 150.476608 0.000000
64.836922 170.960907 0.000000
22.039253 181.509583 0.000000
-22.039253 181.509583 0.000000
-64.836922 170.960907 0.000000
-103.866501 150.476608 0.000000
-136.859741 121.247147 0.000000
-161.899185 84.971245 0.000000
-177.529633 43.757126 0.000000
-182.842712 -0.000000 0.000000
-177.529633 -43.757126 0.000000
-161.899185 -84.971245 0.000000
-136.859741 -121.247147 0.000000
-103.866501 -150.476608 0.000000
-64.836922 -170.960907 0.000000
-22.039253 -181.509583 0.000000
22.039253 -181.509583 0.000000
64.836922 -170.960907 0.000000
103.866501 -150.476608 0.000000
136.859741 -121.247147 0.000000
161.899185 -84.971245 0.000000
177.529633 -43.757126 0.000000
114.420303 31.424049 34.605080
114.117081 -30.447994 34.238476
114.250412 28.767340 -34.037289
114.117081 -30.447994 -34.238476
96.484558 26.282238 0.102936
95.426804 -29.895233 0.000000
-163.489365 -19.851202 -34.267952
-45.105259 161.169876 32.292183
-41.724575 -165.904892 28.924255
80.984818 -146.554062 32.228630
76.535324 145.825882 -34.267952
-0.000000 164.690140 -34.267952
-109.047447 125.868057 32.939373
36.616203 162.289200 33.066006
-112.123421 -117.327461 35.781448
-76.535324 145.825882 -34.267952
-135.537323 -93.554665 -34.267952
-153.987961 58.399929 -34.267952
-157.080475 57.380604 32.395966
-154.942444 -58.019066 33.740196
-87.160393 -140.734772 -33.675823
9.363521 -161.337006 -36.169163
76.535324 -145.825882 -34.267952
105.391991 126.201164 34.449287
94.088860 -58.722763 28.014269
93.968002 58.234783 -27.616671
135.537323 -93.554665 -34.267952
91.351570 -59.497692 -25.803080
63.204163 -77.493446 0.000000
91.440994 59.880573 26.156029
62.015980 78.458961 -0.861029
131.080704 64.713470 41.146553
150.378754 33.625469 39.435715
78.824860 -100.987488 39.223732
119.637115 -82.336487 41.245701
35.393311 -101.053581 23.149136
77.733711 100.904709 -38.966877
119.700142 82.480194 -41.233154
37.890400 99.487892 -22.211800
35.222977 98.732483 19.406271
0.739998 101.329697 -10.421324
5.839213 121.998489 36.659061
-30.603077 100.779716 20.314869
73.566208 -98.163124 -36.934052
-38.833305 98.459000 -21.206779
-65.297722 77.031860 8.973383
154.471924 -60.199646 33.496391
153.987961 58.399929 -34.267952
73.725601 91.474434 33.805958
150.479645 -29.176071 -39.686954
-79.116951 90.040619 -35.368149
-93.026871 51.496902 -22.006351
-95.252907 46.808426 21.689581
-100.621788 9.491750 -9.347425
-121.786728 13.826193 36.882504
-103.759903 -23.126829 21.969095
-101.125427 -31.689503 -21.429956
-85.284279 -52.553822 3.818723
111.115730 -122.433548 -33.818920
35.228939 -123.397308 -39.297359
74.536369 152.891068 29.895029
138.825943 97.708199 30.207129
114.591866 -123.678085 31.253662
41.582653 -159.980499 33.848400
40.402596 160.750916 -33.523453
109.385895 123.471153 -34.086082
-4.661542 165.188065 33.878342
41.864426 -157.162415 -35.572212
-9.932961 -118.809563 -34.971539
-34.637245 -146.662735 -40.369350
-59.069778 -108.904617 -37.529755
-30.186480 -95.729881 5.571825
-99.307419 -109.015923 -40.977825
-80.198479 150.812256 29.189436
-76.720039 -148.688873 32.330212
-69.154243 -107.380341 39.090275
-40.835991 160.313828 -33.751541
-164.076782 18.671892 -33.961075
-156.442139 -61.103363 -31.809927
-116.287811 73.120468 -41.222374
-111.822975 113.239571 -37.437298
-136.729980 94.436089 33.213181
-142.538193 -90.988533 30.812641
-118.902046 -61.367355 40.715015
-166.069626 -18.494976 32.504215
-98.202255 85.779892 39.925743
-18.595068 127.152367 -39.355980
-126.888084 33.276222 -40.135021
8.484944 -100.249229 -7.069026
-5.855097 -113.828247 31.026299
-0.851202 -163.008636 35.349995
130.747101 -59.999931 -41.349693
-93.735992 -75.555107 -35.687958
-168.584808 20.253519 30.175291
-142.858383 90.147224 -30.973839
17.811348 128.298386 -39.677410
148.789459 -31.620935 40.017872
147.757782 29.950878 -40.354263
25.493578 -128.998810 40.214077
-64.780663 117.703011 40.813683
-126.737816 -10.165303 -38.883282
-119.391243 58.235229 40.522018
-63.424847 -77.359009 -1.717680
53.762444 124.222069 40.975025
52.903427 -126.388626 41.186218
40.434940 -95.259903 -16.633314
-40.069332 -133.824600 41.385349
-29.923464 129.023468 40.437698
162.596710 -57.313240 -27.493992
106.469551 -84.257591 -41.034840
108.596794 89.695412 41.417404
141.876801 -97.930481 27.504097
-130.843475 -32.185154 40.879570
141.981400 98.002686 -27.360298
-83.079018 -76.216644 29.888294
50.628536 124.152832 -40.765408
126.407402 -54.256981 41.240948
125.569931 53.942650 -41.147491
-125.725807 -47.712139 -40.834690
161.440186 62.386768 26.716280
-53.175713 119.960625 -40.145035
172.196960 30.052135 24.527876
-118.530380 -126.059540 -26.766129
172.805283 -29.589024 23.803291
171.528564 27.146317 -26.003460
177.252731 -21.522379 -18.353500
