94.241806 137.977722 109.911926
190.211304 -0.000000 61.803398
52.110264 -170.754425 -90.152359
-30.507383 181.737457 -77.722557
-22.758450 -198.596344 6.445398
-132.861847 108.446091 -102.893997
-25.851046 176.247009 90.932465
61.803398 -0.000000 190.211304
-4.282599 -112.115662 165.564896
170.613907 -104.287422 -3.876735
-184.043777 72.176300 30.306242
45.894295 123.595238 -150.392593
0.000000 0.000000 -200.000000
-62.557411 38.902531 185.938599
-169.903290 -56.456554 89.137711
146.357605 -70.934669 -116.394691
-186.502289 -12.825206 -71.080315
168.203964 98.933022 -43.814205
-111.689056 -153.960007 -61.821297
-86.465813 -73.623405 -164.630676
