0.000000 0.000000 200.000000
0.000000 0.000000 -200.000000
61.803398 -0.000000 -190.211304
117.557053 -0.000000 -161.803406
161.803406 -0.000000 -117.557053
190.211304 -0.000000 -61.803398
200.000000 -0.000000 0.000000
190.211304 -0.000000 61.803398
161.803406 -0.000000 117.557053
117.557053 -0.000000 161.803406
61.803398 -0.000000 190.211304
-3.411227 -69.841408 187.378067
89.853676 -97.358795 -149.825165
138.816452 -52.755791 133.965744
190.553772 -54.631626 -26.545204
191.738510 49.278431 28.424986
91.939369 55.119080 168.846207
139.957825 55.899895 -131.480072
33.032509 63.797527 -186.651352
146.357605 -70.934669 -116.394691
104.613892 -133.617294 -105.841156
146.298111 -112.165108 -77.561913
102.703941 -159.171432 -64.158829
52.110264 -170.754425 -90.152359
49.369904 -187.290054 -49.850239
94.280693 -175.244827 -20.010035
37.191425 -196.413376 -6.211670
-7.772116 -196.227982 -37.870506
-22.758450 -198.596344 6.445398
-67.488930 -186.347488 -26.830116
-77.826950 -183.187897 19.625500
-120.951462 -159.050232 -8.588706
-111.689056 -153.960007 -61.821297
-157.993759 -118.480141 -31.629578
-159.890076 -118.815910 17.831001
-186.549484 -71.954384 -4.675063
-182.148605 -68.755257 45.766827
-180.354111 -69.133484 -51.893684
-197.512222 -18.178217 -25.660776
-186.502289 -12.825206 -71.080315
-190.628723 39.924316 -45.461414
21.062317 -194.967880 39.292576
-172.335678 50.220364 -88.194839
-165.371506 -8.599621 -112.153069
-197.609436 30.780518 1.753147
-152.366714 -112.717728 63.867828
-169.903290 -56.456554 89.137711
-136.014801 -103.735199 103.629059
-150.819794 -36.878098 126.069008
-173.076630 11.684376 99.538719
-135.773956 34.502316 142.741104
-150.189560 72.616531 110.317436
-180.750992 83.464767 -19.045052
-111.693085 99.328125 132.885590
-123.289841 129.161758 90.093590
-67.850883 146.234406 118.371269
-140.625137 59.903004 -128.981400
-38.078754 97.288849 170.542923
-3.073223 145.298248 137.400787
-110.764549 -93.362381 137.893723
-81.739014 -141.953705 114.751373
-159.702591 103.620789 61.301010
-127.663551 148.192749 41.724422
-25.851046 176.247009 90.932465
35.282894 171.609924 96.463226
12.840055 193.869141 47.433014
75.710236 177.796753 51.539066
47.561756 194.252136 -1.996690
-132.861847 108.446091 -102.893997
107.313301 168.770065 0.720386
74.558434 177.425934 -54.415810
14.385691 192.502487 -52.305317
32.285801 172.291595 -96.297623
128.190872 144.394836 -52.127052
94.241806 137.977722 109.911926
-86.138855 117.489410 -137.026779
-83.928406 154.158035 -95.871376
57.107925 -56.871605 183.041809
-126.126411 141.092422 -64.692024
-78.890724 175.344696 -55.049900
-46.248405 190.242111 40.853725
153.192444 128.571426 1.210230
168.203964 98.933022 -43.814205
-132.637863 -5.971332 -149.571182
-130.097824 -71.259392 -134.151611
-86.465813 -73.623405 -164.630676
-76.856331 -124.530884 -136.327408
-7.769222 -136.256012 -146.198288
-83.826317 55.291134 -172.962540
-24.939693 157.448380 -120.780869
-44.140682 -132.508850 143.153778
-19.547522 -165.252563 110.948105
-55.840374 -171.529770 86.367760
25.588104 102.284737 169.950241
-119.558678 -115.970802 -110.709053
173.189499 -57.849220 81.601860
136.711472 -109.663246 96.353226
160.558868 -110.020172 46.004486
114.137527 -153.316422 58.878670
85.174019 -149.512177 101.938683
132.194992 -149.613770 11.840888
-119.339470 159.919418 -13.559941
189.796555 -57.109173 26.754599
-15.193793 -165.867523 -110.711838
143.670288 105.977104 -90.153778
176.274918 -58.235584 -74.402756
-30.507383 181.737457 -77.722557
45.894295 123.595238 -150.392593
140.454681 48.387390 133.907211
173.800308 49.768761 85.536674
140.820419 97.412117 103.346458
90.332359 56.510784 -169.253052
109.846275 102.141006 -132.291382
27.933260 52.609737 190.923935
-62.557411 38.902531 185.938599
74.059753 104.529396 153.586319
175.218735 54.692543 -79.417374
97.091942 -96.341591 145.915909
36.370354 -142.354034 135.692764
-78.372108 -155.045807 -99.088905
0.893977 -183.642960 79.211510
130.265335 142.027405 53.471096
79.993202 -181.516769 25.548908
141.441299 -136.786957 -35.828598
58.211441 -178.926468 67.799332
-11.636841 199.634628 -3.255552
-116.783012 -10.183545 162.043274
-108.604523 -148.403091 78.623039
-162.746399 -68.205215 -94.136383
-197.632446 -21.976711 21.411247
-192.687683 21.999180 48.861969
-164.074234 95.028732 -63.633228
94.263474 147.385376 -96.912064
-83.152695 167.026642 72.025902
-149.220200 -108.214058 -77.608322
-121.061195 -154.521851 38.303829
-47.267540 -180.541992 -71.905258
-37.217682 -190.370636 48.722351
191.757812 50.428940 -26.189007
33.884102 -169.890945 99.944672
170.613907 -104.287422 -3.876735
-18.976402 116.866035 -161.190033
-159.920197 119.600220 11.014578
-65.843170 188.644836 -8.820589
6.016084 -185.966431 -73.350487
168.815887 96.185036 47.430325
-184.043777 72.176300 30.306242
169.841934 -95.631683 -44.814045
49.131977 -148.235031 -124.949684
-2.086315 -93.005844 -177.046768
-72.201721 -78.368172 169.249344
-189.068069 -23.182894 60.957516
-100.420609 59.004532 162.585876
-153.325104 123.860664 -33.910892
179.651688 87.889122 0.878904
-35.421246 192.801804 -39.658566
46.406158 138.477478 136.639877
-177.851913 58.642361 70.212341
114.896660 80.399567 142.599670
-91.425079 175.566742 28.596748
-81.932762 -173.534897 56.326374
-4.282599 -112.115662 165.564896
100.488586 -42.305378 167.667221
