0.056156 -0.024442 0.998123
0.007916 0.023139 -0.999701
0.303035 -0.041295 -0.952084
0.608113 -0.032589 -0.793182
0.825562 -0.010718 -0.564210
0.956279 -0.004445 -0.292421
0.999975 -0.006899 0.001402
0.953416 -0.009133 0.301521
0.814417 -0.007143 0.580237
0.599921 0.004835 0.800045
0.333114 0.004908 0.942874
-0.063368 -0.268327 0.961241
0.399143 -0.469752 -0.787412
0.690242 -0.266409 0.672749
0.952254 -0.273484 -0.135714
0.958176 0.246530 0.145334
0.465022 0.258278 0.846786
0.699633 0.279681 -0.657490
0.113993 0.318915 -0.940903
0.716018 -0.355948 -0.600515
0.516392 -0.665049 -0.539490
0.730013 -0.565061 -0.384431
0.511372 -0.795036 -0.326215
0.258467 -0.851572 -0.456093
0.246117 -0.936164 -0.251046
0.470914 -0.876274 -0.101906
0.185669 -0.982111 -0.031393
-0.038836 -0.980862 -0.190793
-0.114103 -0.992956 0.031933
-0.337540 -0.931717 -0.134052
-0.389143 -0.915902 0.098441
-0.604788 -0.795374 -0.040148
-0.556539 -0.768356 -0.316061
-0.789693 -0.592037 -0.160862
-0.799160 -0.594447 0.089309
-0.932686 -0.360030 -0.021789
-0.911473 -0.347876 0.219542
-0.901224 -0.344889 -0.262387
-0.987404 -0.091065 -0.129385
-0.930569 -0.064257 -0.360433
-0.952846 0.198628 -0.229416
0.102173 -0.975828 0.193185
-0.857150 0.247651 -0.451622
-0.816373 -0.042475 -0.575961
-0.988104 0.153531 0.008920
-0.760727 -0.563591 0.321963
-0.852039 -0.286991 0.437797
-0.676051 -0.515213 0.526794
-0.744648 -0.188745 0.640215
-0.870274 0.055072 0.489479
-0.693388 0.171343 0.699896
-0.760990 0.374102 0.530039
-0.904967 0.416007 -0.089292
-0.546333 0.480883 0.685764
-0.611671 0.642756 0.461220
-0.338917 0.721399 0.603920
-0.690346 0.286864 -0.664177
-0.212082 0.490715 0.845116
-0.019350 0.727589 0.685740
-0.538721 -0.452041 0.710942
-0.411162 -0.708359 0.573737
-0.798234 0.518800 0.306054
-0.637768 0.740085 0.213370
-0.131547 0.883463 0.449653
0.175497 0.851048 0.494892
0.064925 0.968901 0.238781
0.376815 0.887532 0.265138
0.238564 0.971082 -0.009336
-0.671007 0.540115 -0.507963
0.535022 0.844838 -0.000091
0.371383 0.889857 -0.265009
0.068433 0.967010 -0.245374
0.155609 0.861112 -0.484017
0.644726 0.721738 -0.251841
0.467632 0.688733 0.554046
-0.430225 0.581241 -0.690699
-0.418268 0.768773 -0.483778
0.242863 -0.329504 0.912384
-0.632522 0.706113 -0.318309
-0.397065 0.878745 -0.264852
-0.230101 0.952575 0.199136
0.766643 0.642048 0.005821
0.841677 0.495301 -0.215076
-0.652922 -0.037044 -0.756519
-0.651685 -0.350966 -0.672405
-0.412169 -0.355004 -0.839100
-0.384580 -0.628438 -0.676139
-0.037898 -0.648746 -0.760061
-0.353127 0.186672 -0.916763
-0.124682 0.771938 -0.623351
-0.221177 -0.650402 0.726677
-0.096428 -0.819246 0.565277
-0.281146 -0.860874 0.424091
0.117224 0.543556 0.831147
-0.608977 -0.587000 -0.533459
0.861069 -0.289289 0.418178
0.677875 -0.545463 0.492905
0.800900 -0.550936 0.234582
0.568876 -0.765471 0.300724
0.418962 -0.743575 0.521121
0.660954 -0.747971 0.060659
-0.597827 0.799148 -0.062970
0.948496 -0.285558 0.137157
-0.076865 -0.827717 -0.555856
0.713430 0.527266 -0.461528
0.877293 -0.290585 -0.381990
-0.152734 0.905907 -0.394973
0.238045 0.624009 -0.744276
0.697249 0.244093 0.673990
0.867458 0.252220 0.428838
0.713228 0.485239 0.505814
0.449396 0.297044 -0.842501
0.542278 0.512018 -0.666162
0.124645 0.289698 0.948967
-0.264532 0.094613 0.959725
0.355847 0.502753 0.787789
0.872045 0.272470 -0.406569
0.488084 -0.486089 0.724908
0.165285 -0.686185 0.708400
-0.387175 -0.771271 -0.505209
0.001835 -0.920040 0.391820
0.650333 0.708935 0.272908
0.397461 -0.908344 0.130140
0.705844 -0.686618 -0.174186
0.289838 -0.892420 0.345803
-0.061342 0.998021 -0.013826
-0.570591 -0.061971 0.818893
-0.542387 -0.740327 0.397155
-0.810197 -0.337140 -0.479496
-0.987869 -0.110932 0.108669
-0.963371 0.110179 0.244492
-0.824289 0.473596 -0.310249
0.469775 0.728878 -0.498044
-0.417009 0.835814 0.357097
-0.753499 -0.542793 -0.370965
-0.604867 -0.772178 0.194622
-0.237335 -0.903634 -0.356535
-0.186131 -0.951250 0.245922
0.958414 0.252155 -0.133640
0.167073 -0.845799 0.506666
0.852538 -0.522302 -0.019497
-0.114048 0.565138 -0.817076
-0.799635 0.597789 0.056850
-0.329941 0.943198 -0.038954
0.031474 -0.928572 -0.369815
0.843424 0.482026 0.237246
-0.920541 0.360478 0.150531
0.848739 -0.478897 -0.224275
0.238397 -0.739350 -0.629705
-0.019875 -0.323080 -0.946163
-0.327509 -0.360152 0.873515
-0.943355 -0.116524 0.310649
-0.491710 0.279770 0.824591
-0.770232 0.617503 -0.159474
0.899330 0.437224 0.006295
-0.177129 0.963433 -0.201051
0.233277 0.687251 0.687945
-0.887158 0.291588 0.357668
0.564552 0.438984 0.698981
-0.456092 0.879088 0.138509
-0.410040 -0.868228 0.279368
-0.025531 -0.524836 0.850821
0.494204 -0.212907 0.842872
