1 149 88
0 114 11
88 149 85
12 148 87
87 149 12
107 111 18
57 114 113
66 121 69
57 113 93
3 19 12
0 77 10
107 112 111
26 122 41
19 20 12
113 115 93
115 158 74
107 132 112
72 132 107
74 158 110
72 107 89
103 148 23
87 148 103
16 115 113
69 121 81
94 119 32
114 150 11
107 141 89
74 121 66
18 141 107
56 88 83
1 88 18
89 141 75
89 106 72
3 12 2
25 123 100
25 122 26
100 122 25
117 118 99
123 140 100
122 124 41
75 88 56
123 147 140
82 116 104
19 21 20
126 150 114
118 139 99
128 134 37
8 95 7
95 102 7
130 151 49
32 134 94
49 157 130
101 142 62
74 156 115
12 149 2
21 22 20
39 128 37
97 102 95
85 149 87
82 138 116
22 23 20
64 156 74
22 24 23
22 25 24
25 26 24
26 27 24
26 28 27
26 41 28
28 29 27
28 30 29
30 31 29
31 32 29
9 16 10
31 33 32
16 113 10
31 34 33
14 105 5
6 14 5
6 102 14
3 111 17
4 19 3
70 71 67
34 35 33
47 59 48
59 150 126
45 47 46
59 126 48
47 48 46
70 72 71
53 57 55
56 83 43
48 50 49
45 46 36
34 45 36
34 36 35
57 93 58
60 90 59
48 49 46
65 80 63
83 85 84
38 44 40
42 43 39
42 56 43
69 70 67
47 60 59
6 15 7
35 38 37
35 37 33
83 84 43
38 40 39
78 101 79
40 42 39
68 75 56
82 104 73
38 39 37
57 58 55
54 62 61
66 67 65
37 134 33
3 17 4
42 68 56
76 89 75
50 53 51
44 52 40
79 106 76
68 78 76
53 55 54
68 76 75
78 79 76
85 86 84
50 51 49
85 87 86
86 94 84
64 74 66
54 61 51
53 54 51
69 73 70
66 69 67
64 65 63
60 91 90
58 63 55
60 92 91
64 66 65
58 64 63
1 18 2
81 82 73
69 81 73
96 99 98
98 100 97
32 136 29
96 98 97
96 97 95
13 95 8
54 133 62
13 96 95
72 106 71
104 116 17
2 111 3
5 105 4
10 113 0
7 102 6
121 145 81
109 110 108
119 136 32
70 132 72
116 138 5
103 136 119
88 141 18
103 144 136
68 131 78
60 127 92
41 137 28
124 139 120
13 117 96
90 150 59
48 126 50
76 106 89
33 134 32
29 136 27
145 154 81
113 114 0
9 13 8
77 118 117
73 132 70
96 117 99
19 105 21
129 130 44
23 144 103
22 123 25
28 137 30
110 121 74
15 109 7
18 111 2
4 105 19
99 124 98
98 122 100
41 124 120
6 138 15
34 135 45
4 116 5
21 123 22
31 135 34
71 125 67
92 120 91
67 125 65
9 108 16
75 141 88
57 152 114
65 125 80
38 129 44
36 129 35
91 118 90
30 135 31
35 129 38
7 109 8
97 140 102
47 127 60
42 131 68
52 131 40
24 144 23
102 140 14
5 138 6
20 148 12
101 153 142
104 132 73
80 133 63
55 133 54
98 124 122
43 128 39
94 128 84
53 152 57
112 132 104
17 116 4
49 151 46
62 159 101
86 119 94
100 140 97
8 109 108
8 108 9
45 127 47
27 144 24
40 131 42
125 143 80
17 112 104
131 153 78
14 147 105
129 151 130
45 135 127
130 146 44
111 112 17
120 137 41
62 142 61
133 159 62
44 146 52
101 143 79
51 157 49
23 148 20
63 133 55
109 145 110
87 103 86
130 157 146
36 151 129
52 153 131
99 139 124
105 147 21
79 155 106
84 128 43
50 152 53
15 145 109
13 162 117
2 149 1
10 162 9
136 144 27
91 139 118
94 134 128
46 151 36
80 159 133
146 157 61
120 139 91
58 156 64
93 156 58
126 152 50
137 160 30
78 153 101
106 155 71
15 154 145
81 154 82
125 155 143
110 145 121
138 154 15
52 146 142
61 157 51
127 160 92
21 147 123
77 161 118
140 147 14
92 137 120
110 158 108
117 162 77
142 146 61
114 152 126
82 154 138
108 158 16
92 160 137
71 155 125
101 159 143
142 153 52
77 162 10
135 160 127
90 161 150
115 156 93
9 162 13
118 161 90
103 119 86
143 155 79
30 160 135
11 161 77
16 158 115
143 159 80
150 161 11
11 77 0
83 88 85
